数据由w0x7ce整理
股票代码,股票名称,交易日期,开盘价,收盘价,最高价,最低价,前收盘价,复权因子,成交量,成交额,波动,地区,行业,上市日期,退市日期
600156.SH,华升股份,20200618,4.13,4.12,4.15,4.12,4.17,-1.199,34213.6,14141.815,-0.04999999999999982,湖南,纺织,19980527,
600156.SH,华升股份,20200617,4.13,4.17,4.17,4.1,4.13,0.9685,45195.71,18704.577,0.040000000000000036,湖南,纺织,19980527,
600156.SH,华升股份,20200616,4.14,4.13,4.16,4.1,4.14,-0.2415,42289.32,17462.069,-0.009999999999999787,湖南,纺织,19980527,
600156.SH,华升股份,20200615,4.06,4.14,4.15,4.05,4.07,1.7199,65637.41,26957.632,0.0699999999999994,湖南,纺织,19980527,
600156.SH,华升股份,20200612,3.99,4.07,4.09,3.98,4.04,0.7426,33082.24,13399.976,0.03000000000000025,湖南,纺织,19980527,
600156.SH,华升股份,20200611,4.09,4.04,4.09,4.02,4.07,-0.7371,35658.0,14480.017,-0.03000000000000025,湖南,纺织,19980527,
600156.SH,华升股份,20200610,4.13,4.07,4.14,4.06,4.13,-1.4528,38509.83,15776.508,-0.05999999999999961,湖南,纺织,19980527,
600156.SH,华升股份,20200609,4.11,4.13,4.14,4.06,4.1,0.7317,37872.0,15545.755,0.03000000000000025,湖南,纺织,19980527,
600156.SH,华升股份,20200608,4.23,4.1,4.24,4.1,4.19,-2.148,50222.75,20878.282,-0.09000000000000075,湖南,纺织,19980527,
600156.SH,华升股份,20200605,4.24,4.19,4.27,4.17,4.25,-1.4118,39469.89,16624.617,-0.05999999999999961,湖南,纺织,19980527,
600156.SH,华升股份,20200604,4.26,4.25,4.32,4.19,4.21,0.9501,44736.01,19013.61,0.040000000000000036,湖南,纺织,19980527,
600156.SH,华升股份,20200603,4.23,4.21,4.31,4.21,4.24,-0.7075,53080.32,22644.259,-0.03000000000000025,湖南,纺织,19980527,
600156.SH,华升股份,20200602,4.2,4.24,4.26,4.16,4.18,1.4354,51058.43,21529.465,0.0600000000000005,湖南,纺织,19980527,
600156.SH,华升股份,20200601,4.13,4.18,4.22,4.08,4.12,1.4563,61485.13,25661.449,0.05999999999999961,湖南,纺织,19980527,
600156.SH,华升股份,20200529,4.05,4.12,4.13,4.03,4.08,0.9804,32738.5,13384.392,0.040000000000000036,湖南,纺织,19980527,
600156.SH,华升股份,20200528,4.14,4.08,4.16,4.02,4.12,-0.9709,39298.01,16071.408,-0.040000000000000036,湖南,纺织,19980527,
600156.SH,华升股份,20200527,4.15,4.12,4.17,4.1,4.14,-0.4831,27272.41,11297.169,-0.019999999999999574,湖南,纺织,19980527,
600156.SH,华升股份,20200526,4.11,4.14,4.17,4.09,4.11,0.7299,33465.21,13858.239,0.02999999999999936,湖南,纺织,19980527,
600156.SH,华升股份,20200525,4.0,4.11,4.16,3.96,4.01,2.4938,46079.0,18853.231,0.10000000000000053,湖南,纺织,19980527,
600156.SH,华升股份,20200522,4.12,4.01,4.13,3.98,4.09,-1.956,40630.0,16420.943,-0.08000000000000007,湖南,纺织,19980527,
600156.SH,华升股份,20200521,4.08,4.09,4.12,4.05,4.08,0.2451,36135.7,14741.876,0.009999999999999787,湖南,纺织,19980527,
600156.SH,华升股份,20200520,4.14,4.08,4.14,4.05,4.15,-1.6867,32012.24,13113.601,-0.07000000000000028,湖南,纺织,19980527,
600156.SH,华升股份,20200519,4.12,4.15,4.18,4.0,4.12,0.7282,47498.32,19519.151,0.03000000000000025,湖南,纺织,19980527,
600156.SH,华升股份,20200518,4.18,4.12,4.19,4.08,4.16,-0.9615,35061.02,14457.096,-0.040000000000000036,湖南,纺织,19980527,
600156.SH,华升股份,20200515,4.21,4.16,4.29,4.15,4.19,-0.716,24610.11,10306.836,-0.03000000000000025,湖南,纺织,19980527,
600156.SH,华升股份,20200514,4.24,4.19,4.24,4.15,4.25,-1.4118,32716.65,13676.456,-0.05999999999999961,湖南,纺织,19980527,
600156.SH,华升股份,20200513,4.23,4.25,4.26,4.18,4.26,-0.2347,28503.01,12042.245,-0.009999999999999787,湖南,纺织,19980527,
600156.SH,华升股份,20200512,4.36,4.26,4.36,4.19,4.37,-2.5172,64277.97,27395.058,-0.11000000000000032,湖南,纺织,19980527,
600156.SH,华升股份,20200511,4.13,4.37,4.48,4.12,4.12,6.068,151606.56,65399.084,0.25,湖南,纺织,19980527,
600156.SH,华升股份,20200508,4.11,4.12,4.17,4.08,4.08,0.9804,50109.53,20671.05,0.040000000000000036,湖南,纺织,19980527,
600156.SH,华升股份,20200507,4.16,4.08,4.17,4.08,4.14,-1.4493,41513.72,17113.782,-0.05999999999999961,湖南,纺织,19980527,
600156.SH,华升股份,20200506,4.07,4.14,4.16,4.0,4.08,1.4706,40337.63,16563.858,0.05999999999999961,湖南,纺织,19980527,
600156.SH,华升股份,20200430,4.02,4.08,4.1,4.02,4.01,1.7456,40998.17,16698.361,0.07000000000000028,湖南,纺织,19980527,
600156.SH,华升股份,20200429,4.03,4.01,4.12,3.96,4.0,0.25,44323.33,17929.416,0.009999999999999787,湖南,纺织,19980527,
600156.SH,华升股份,20200428,4.06,4.0,4.09,3.79,4.05,-1.2346,71976.21,28590.491,-0.04999999999999982,湖南,纺织,19980527,
600156.SH,华升股份,20200427,4.21,4.05,4.25,4.0,4.14,-2.1739,58769.62,24221.625,-0.08999999999999986,湖南,纺织,19980527,
600156.SH,华升股份,20200424,4.35,4.14,4.37,4.11,4.34,-4.6083,83362.0,34911.946,-0.20000000000000018,湖南,纺织,19980527,
600156.SH,华升股份,20200423,4.29,4.34,4.44,4.29,4.33,0.2309,57970.11,25301.339,0.009999999999999787,湖南,纺织,19980527,
600156.SH,华升股份,20200422,4.3,4.33,4.34,4.26,4.34,-0.2304,42790.23,18421.756,-0.009999999999999787,湖南,纺织,19980527,
600156.SH,华升股份,20200421,4.4,4.34,4.47,4.3,4.4,-1.3636,51845.0,22588.658,-0.0600000000000005,湖南,纺织,19980527,
600156.SH,华升股份,20200420,4.41,4.4,4.43,4.33,4.4,0.0,54497.85,23824.526,0.0,湖南,纺织,19980527,
600156.SH,华升股份,20200417,4.48,4.4,4.5,4.4,4.49,-2.0045,68494.01,30442.537,-0.08999999999999986,湖南,纺织,19980527,
600156.SH,华升股份,20200416,4.62,4.49,4.63,4.48,4.57,-1.7505,71763.74,32342.619,-0.08000000000000007,湖南,纺织,19980527,
600156.SH,华升股份,20200415,4.6,4.57,4.69,4.56,4.64,-1.5086,71144.0,32905.866,-0.0699999999999994,湖南,纺织,19980527,
600156.SH,华升股份,20200414,4.69,4.64,4.73,4.56,4.66,-0.4292,73387.25,33956.447,-0.020000000000000462,湖南,纺织,19980527,
600156.SH,华升股份,20200413,4.54,4.66,4.78,4.46,4.52,3.0973,120715.8,56293.446,0.14000000000000057,湖南,纺织,19980527,
600156.SH,华升股份,20200410,4.64,4.52,4.74,4.5,4.69,-3.6247,98808.01,45496.589,-0.17000000000000082,湖南,纺织,19980527,
600156.SH,华升股份,20200409,4.75,4.69,4.77,4.63,4.69,0.0,81247.87,38212.028,0.0,湖南,纺织,19980527,
600156.SH,华升股份,20200408,4.7,4.69,4.78,4.63,4.7,-0.2128,122647.02,57733.058,-0.009999999999999787,湖南,纺织,19980527,
600156.SH,华升股份,20200407,4.59,4.7,4.72,4.53,4.56,3.0702,127126.88,59155.344,0.14000000000000057,湖南,纺织,19980527,
600156.SH,华升股份,20200403,4.52,4.56,4.68,4.46,4.5,1.3333,115364.0,52624.352,0.05999999999999961,湖南,纺织,19980527,
600156.SH,华升股份,20200402,4.38,4.5,4.52,4.32,4.42,1.81,98265.0,43595.08,0.08000000000000007,湖南,纺织,19980527,
600156.SH,华升股份,20200401,4.51,4.42,4.58,4.34,4.49,-1.559,89612.01,39734.096,-0.07000000000000028,湖南,纺织,19980527,
600156.SH,华升股份,20200331,4.64,4.49,4.64,4.44,4.68,-4.0598,99692.0,45052.573,-0.1899999999999995,湖南,纺织,19980527,
600156.SH,华升股份,20200330,4.63,4.68,4.8,4.58,4.63,1.0799,124139.0,58184.27,0.04999999999999982,湖南,纺织,19980527,
600156.SH,华升股份,20200327,4.64,4.63,4.75,4.58,4.62,0.2165,109741.0,51121.259,0.009999999999999787,湖南,纺织,19980527,
600156.SH,华升股份,20200326,4.72,4.62,4.8,4.58,4.66,-0.8584,126746.01,59180.207,-0.040000000000000036,湖南,纺织,19980527,
600156.SH,华升股份,20200325,4.5,4.66,4.76,4.47,4.41,5.6689,162426.67,74364.82,0.25,湖南,纺织,19980527,
600156.SH,华升股份,20200324,4.57,4.41,4.63,4.23,4.5,-2.0,166083.0,73507.547,-0.08999999999999986,湖南,纺织,19980527,
600156.SH,华升股份,20200323,4.96,4.5,4.96,4.46,4.96,-9.2742,206701.85,96457.163,-0.45999999999999996,湖南,纺织,19980527,
600156.SH,华升股份,20200320,4.97,4.96,5.09,4.91,4.9,1.2245,148922.03,74118.948,0.05999999999999961,湖南,纺织,19980527,
600156.SH,华升股份,20200319,5.23,4.9,5.29,4.85,5.32,-7.8947,300223.03,150718.532,-0.41999999999999993,湖南,纺织,19980527,
600156.SH,华升股份,20200318,5.43,5.32,5.66,5.29,5.57,-4.4883,305694.72,165713.884,-0.25,湖南,纺织,19980527,
600156.SH,华升股份,20200317,6.0,5.57,6.13,5.57,6.19,-10.0162,523247.11,296817.762,-0.6200000000000001,湖南,纺织,19980527,
600156.SH,华升股份,20200316,7.03,6.19,7.03,5.99,6.39,-3.1299,742342.84,498877.52,-0.1999999999999993,湖南,纺织,19980527,
600156.SH,华升股份,20200313,5.5,6.39,6.39,5.5,5.81,9.9828,511340.2,311649.644,0.5800000000000001,湖南,纺织,19980527,
600156.SH,华升股份,20200312,5.7,5.81,5.87,5.5,5.61,3.5651,311106.94,177825.053,0.1999999999999993,湖南,纺织,19980527,
600156.SH,华升股份,20200311,5.55,5.61,5.78,5.44,5.67,-1.0582,234535.09,131036.566,-0.05999999999999961,湖南,纺织,19980527,
600156.SH,华升股份,20200310,5.65,5.67,5.86,5.56,6.18,-8.2524,394847.42,222850.424,-0.5099999999999998,湖南,纺织,19980527,
600156.SH,华升股份,20200309,6.17,6.18,6.38,5.95,5.92,4.3919,522027.7,320487.734,0.2599999999999998,湖南,纺织,19980527,
600156.SH,华升股份,20200306,5.55,5.92,6.16,5.53,5.66,4.5936,508197.67,303070.345,0.2599999999999998,湖南,纺织,19980527,
600156.SH,华升股份,20200305,5.58,5.66,5.8,5.41,5.54,2.1661,294942.0,164866.847,0.1200000000000001,湖南,纺织,19980527,
600156.SH,华升股份,20200304,5.69,5.54,5.75,5.41,5.8,-4.4828,297685.3,166230.99,-0.2599999999999998,湖南,纺织,19980527,
600156.SH,华升股份,20200303,5.77,5.8,6.08,5.61,6.01,-3.4942,450788.17,261848.143,-0.20999999999999996,湖南,纺织,19980527,
600156.SH,华升股份,20200302,5.83,6.01,6.3,5.27,5.82,3.2646,624383.57,370506.431,0.1899999999999995,湖南,纺织,19980527,
600156.SH,华升股份,20200228,5.25,5.82,5.82,5.15,5.29,10.0189,556437.91,309780.637,0.5300000000000002,湖南,纺织,19980527,
600156.SH,华升股份,20200227,5.4,5.29,5.58,5.24,5.82,-9.1065,492513.51,263138.1,-0.5300000000000002,湖南,纺织,19980527,
600156.SH,华升股份,20200226,6.35,5.82,6.66,5.66,6.13,-5.0571,819818.87,499813.257,-0.3099999999999996,湖南,纺织,19980527,
600156.SH,华升股份,20200225,5.9,6.13,6.13,5.59,5.57,10.0539,712259.79,431821.731,0.5599999999999996,湖南,纺织,19980527,
600156.SH,华升股份,20200224,5.57,5.57,5.57,5.57,5.06,10.0791,84787.08,47226.404,0.5100000000000007,湖南,纺织,19980527,
600156.SH,华升股份,20200221,4.59,5.06,5.06,4.59,4.6,10.0,150236.32,75245.238,0.45999999999999996,湖南,纺织,19980527,
600156.SH,华升股份,20200220,4.48,4.6,4.62,4.42,4.48,2.6786,87950.01,39705.024,0.11999999999999922,湖南,纺织,19980527,
600156.SH,华升股份,20200219,4.54,4.48,4.56,4.47,4.59,-2.3965,65623.99,29566.995,-0.10999999999999943,湖南,纺织,19980527,
600156.SH,华升股份,20200218,4.5,4.59,4.6,4.48,4.52,1.5487,75673.71,34394.478,0.07000000000000028,湖南,纺织,19980527,
600156.SH,华升股份,20200217,4.43,4.52,4.55,4.43,4.5,0.4444,64019.24,28845.974,0.019999999999999574,湖南,纺织,19980527,
600156.SH,华升股份,20200214,4.58,4.5,4.66,4.47,4.69,-4.0512,104478.01,47468.812,-0.1900000000000004,湖南,纺织,19980527,
600156.SH,华升股份,20200213,4.5,4.69,4.73,4.42,4.42,6.1086,176894.02,80809.122,0.27000000000000046,湖南,纺织,19980527,
600156.SH,华升股份,20200212,4.39,4.42,4.7,4.38,4.55,-2.8571,149565.33,67081.065,-0.1299999999999999,湖南,纺织,19980527,
600156.SH,华升股份,20200211,4.98,4.55,4.98,4.55,5.05,-9.901,266942.8,123200.299,-0.5,湖南,纺织,19980527,
600156.SH,华升股份,20200210,5.05,5.05,5.05,5.05,4.59,10.0218,65051.65,32851.083,0.45999999999999996,湖南,纺织,19980527,
600156.SH,华升股份,20200207,4.21,4.59,4.59,4.11,4.17,10.0719,139344.44,61836.289,0.41999999999999993,湖南,纺织,19980527,
600156.SH,华升股份,20200206,3.98,4.17,4.17,3.96,3.95,5.5696,69062.43,28383.077,0.21999999999999975,湖南,纺织,19980527,
600156.SH,华升股份,20200205,3.79,3.95,4.01,3.79,3.78,4.4974,53338.1,20991.241,0.17000000000000037,湖南,纺织,19980527,
600156.SH,华升股份,20200204,3.44,3.78,3.93,3.44,3.81,-0.7874,86492.68,32196.424,-0.03000000000000025,湖南,纺织,19980527,
600156.SH,华升股份,20200203,3.81,3.81,3.81,3.81,4.23,-9.9291,11179.0,4259.199,-0.4200000000000004,湖南,纺织,19980527,
600156.SH,华升股份,20200123,4.37,4.23,4.38,4.14,4.37,-3.2037,44831.24,19095.165,-0.13999999999999968,湖南,纺织,19980527,
600156.SH,华升股份,20200122,4.36,4.37,4.4,4.27,4.46,-2.0179,41831.84,18180.48,-0.08999999999999986,湖南,纺织,19980527,
600156.SH,华升股份,20200121,4.45,4.46,4.52,4.38,4.45,0.2247,51522.74,22978.172,0.009999999999999787,湖南,纺织,19980527,
600156.SH,华升股份,20200120,4.37,4.45,4.45,4.31,4.4,1.1364,43772.8,19154.894,0.04999999999999982,湖南,纺织,19980527,
600156.SH,华升股份,20200117,4.46,4.4,4.52,4.36,4.44,-0.9009,40644.71,17989.464,-0.040000000000000036,湖南,纺织,19980527,
600156.SH,华升股份,20200116,4.55,4.44,4.55,4.42,4.53,-1.9868,47878.26,21335.569,-0.08999999999999986,湖南,纺织,19980527,
600156.SH,华升股份,20200115,4.51,4.53,4.55,4.48,4.51,0.4435,45492.63,20560.087,0.020000000000000462,湖南,纺织,19980527,
600156.SH,华升股份,20200114,4.46,4.51,4.51,4.43,4.46,1.1211,39251.02,17565.221,0.04999999999999982,湖南,纺织,19980527,
600156.SH,华升股份,20200113,4.48,4.46,4.48,4.41,4.48,-0.4464,33073.11,14688.548,-0.020000000000000462,湖南,纺织,19980527,
600156.SH,华升股份,20200110,4.56,4.48,4.59,4.45,4.55,-1.5385,52970.92,23783.138,-0.0699999999999994,湖南,纺织,19980527,
600156.SH,华升股份,20200109,4.54,4.55,4.58,4.52,4.5,1.1111,44306.27,20124.684,0.04999999999999982,湖南,纺织,19980527,
600156.SH,华升股份,20200108,4.6,4.5,4.61,4.5,4.62,-2.5974,58352.0,26553.918,-0.1200000000000001,湖南,纺织,19980527,
600156.SH,华升股份,20200107,4.51,4.62,4.63,4.51,4.51,2.439,90358.4,41516.737,0.11000000000000032,湖南,纺织,19980527,
600156.SH,华升股份,20200106,4.47,4.51,4.54,4.47,4.53,-0.4415,55477.7,25002.98,-0.020000000000000462,湖南,纺织,19980527,
600156.SH,华升股份,20200103,4.58,4.53,4.59,4.53,4.57,-0.8753,59507.89,27050.274,-0.040000000000000036,湖南,纺织,19980527,
600156.SH,华升股份,20200102,4.55,4.57,4.59,4.48,4.47,2.2371,89690.01,40772.173,0.10000000000000053,湖南,纺织,19980527,
600156.SH,华升股份,20191231,4.54,4.47,4.56,4.46,4.52,-1.1062,62843.71,28240.392,-0.04999999999999982,湖南,纺织,19980527,
600156.SH,华升股份,20191230,4.44,4.52,4.55,4.36,4.52,0.0,82898.71,36947.766,0.0,湖南,纺织,19980527,
600156.SH,华升股份,20191227,4.51,4.52,4.58,4.48,4.54,-0.4405,100295.55,45474.794,-0.020000000000000462,湖南,纺织,19980527,
600156.SH,华升股份,20191226,4.5,4.54,4.55,4.43,4.5,0.8889,84730.1,37992.331,0.040000000000000036,湖南,纺织,19980527,
600156.SH,华升股份,20191225,4.54,4.5,4.55,4.47,4.57,-1.5317,112725.8,50802.214,-0.07000000000000028,湖南,纺织,19980527,
600156.SH,华升股份,20191224,4.45,4.57,4.6,4.39,4.72,-3.178,200074.73,89823.774,-0.14999999999999947,湖南,纺织,19980527,
600156.SH,华升股份,20191223,5.0,4.72,5.17,4.72,5.24,-9.9237,234017.11,114729.092,-0.5200000000000005,湖南,纺织,19980527,
600156.SH,华升股份,20191220,5.24,5.24,5.24,5.24,4.76,10.084,84893.0,44483.932,0.4800000000000004,湖南,纺织,19980527,
600156.SH,华升股份,20191219,4.46,4.76,4.76,4.39,4.33,9.9307,91372.85,42738.806,0.4299999999999997,湖南,纺织,19980527,
600156.SH,华升股份,20191218,4.34,4.33,4.39,4.26,4.38,-1.1416,74373.56,32023.744,-0.04999999999999982,湖南,纺织,19980527,
600156.SH,华升股份,20191217,4.22,4.38,4.44,4.19,4.23,3.5461,80927.25,35076.222,0.14999999999999947,湖南,纺织,19980527,
600156.SH,华升股份,20191216,4.17,4.23,4.23,4.16,4.17,1.4388,19255.1,8087.933,0.0600000000000005,湖南,纺织,19980527,
600156.SH,华升股份,20191213,4.13,4.17,4.18,4.1,4.1,1.7073,24572.1,10223.353,0.07000000000000028,湖南,纺织,19980527,
600156.SH,华升股份,20191212,4.12,4.1,4.15,4.1,4.13,-0.7264,13553.0,5596.495,-0.03000000000000025,湖南,纺织,19980527,
600156.SH,华升股份,20191211,4.16,4.13,4.17,4.11,4.16,-0.7212,14253.0,5884.227,-0.03000000000000025,湖南,纺织,19980527,
600156.SH,华升股份,20191210,4.13,4.16,4.16,4.1,4.13,0.7264,17214.06,7105.853,0.03000000000000025,湖南,纺织,19980527,
600156.SH,华升股份,20191209,4.15,4.13,4.18,4.1,4.15,-0.4819,16125.43,6655.322,-0.020000000000000462,湖南,纺织,19980527,
600156.SH,华升股份,20191206,4.16,4.15,4.18,4.12,4.16,-0.2404,14695.0,6091.957,-0.009999999999999787,湖南,纺织,19980527,
600156.SH,华升股份,20191205,4.1,4.16,4.16,4.09,4.1,1.4634,18680.0,7732.785,0.0600000000000005,湖南,纺织,19980527,
600156.SH,华升股份,20191204,4.07,4.1,4.12,4.06,4.1,0.0,16979.0,6948.612,0.0,湖南,纺织,19980527,
600156.SH,华升股份,20191203,4.04,4.1,4.1,4.0,4.05,1.2346,16180.0,6560.572,0.04999999999999982,湖南,纺织,19980527,
600156.SH,华升股份,20191202,4.06,4.05,4.1,4.03,4.06,-0.2463,12760.65,5182.774,-0.009999999999999787,湖南,纺织,19980527,
600156.SH,华升股份,20191129,4.12,4.06,4.14,4.03,4.1,-0.9756,19840.11,8082.321,-0.040000000000000036,湖南,纺织,19980527,
600156.SH,华升股份,20191128,4.15,4.1,4.15,4.08,4.12,-0.4854,14720.06,6045.68,-0.020000000000000462,湖南,纺织,19980527,
600156.SH,华升股份,20191127,4.13,4.12,4.19,4.1,4.14,-0.4831,24646.67,10180.568,-0.019999999999999574,湖南,纺织,19980527,
600156.SH,华升股份,20191126,4.06,4.14,4.18,4.03,4.03,2.7295,40455.0,16675.935,0.10999999999999943,湖南,纺织,19980527,
600156.SH,华升股份,20191125,4.04,4.03,4.07,3.98,4.03,0.0,12675.0,5105.398,0.0,湖南,纺织,19980527,
600156.SH,华升股份,20191122,4.06,4.03,4.12,3.99,4.07,-0.9828,19342.0,7830.53,-0.040000000000000036,湖南,纺织,19980527,
600156.SH,华升股份,20191121,4.09,4.07,4.12,4.05,4.07,0.0,12360.0,5041.552,0.0,湖南,纺织,19980527,
600156.SH,华升股份,20191120,4.1,4.07,4.18,4.07,4.09,-0.489,20875.0,8584.004,-0.019999999999999574,湖南,纺织,19980527,
600156.SH,华升股份,20191119,3.98,4.09,4.11,3.95,3.98,2.7638,27690.06,11217.833,0.10999999999999988,湖南,纺织,19980527,
600156.SH,华升股份,20191118,3.92,3.98,4.0,3.88,3.91,1.7903,19368.29,7656.865,0.06999999999999984,湖南,纺织,19980527,
600156.SH,华升股份,20191115,4.0,3.91,4.0,3.9,4.0,-2.25,13610.0,5365.991,-0.08999999999999986,湖南,纺织,19980527,
600156.SH,华升股份,20191114,4.04,4.0,4.04,3.99,4.0,0.0,11571.0,4635.675,0.0,湖南,纺织,19980527,
600156.SH,华升股份,20191113,3.99,4.0,4.04,3.94,3.97,0.7557,15773.0,6281.872,0.029999999999999805,湖南,纺织,19980527,
600156.SH,华升股份,20191112,3.92,3.97,4.0,3.9,3.95,0.5063,15776.6,6222.542,0.020000000000000018,湖南,纺织,19980527,
600156.SH,华升股份,20191111,4.04,3.95,4.07,3.91,4.09,-3.423,30218.0,12037.433,-0.13999999999999968,湖南,纺织,19980527,
600156.SH,华升股份,20191108,4.17,4.09,4.19,4.07,4.15,-1.4458,21791.8,8998.031,-0.0600000000000005,湖南,纺织,19980527,
600156.SH,华升股份,20191107,4.12,4.15,4.18,4.11,4.14,0.2415,11521.65,4776.972,0.010000000000000675,湖南,纺织,19980527,
600156.SH,华升股份,20191106,4.16,4.14,4.19,4.11,4.18,-0.9569,19948.94,8287.508,-0.040000000000000036,湖南,纺织,19980527,
600156.SH,华升股份,20191105,4.23,4.18,4.24,4.16,4.23,-1.182,30806.0,12900.13,-0.05000000000000071,湖南,纺织,19980527,
600156.SH,华升股份,20191104,4.25,4.23,4.28,4.22,4.25,-0.4706,17957.64,7623.899,-0.019999999999999574,湖南,纺织,19980527,
600156.SH,华升股份,20191101,4.17,4.25,4.3,4.11,4.17,1.9185,33809.42,14223.709,0.08000000000000007,湖南,纺织,19980527,
600156.SH,华升股份,20191031,4.22,4.17,4.28,4.15,4.24,-1.6509,26648.0,11223.112,-0.07000000000000028,湖南,纺织,19980527,
600156.SH,华升股份,20191030,4.29,4.24,4.3,4.2,4.29,-1.1655,34390.0,14561.775,-0.04999999999999982,湖南,纺织,19980527,
600156.SH,华升股份,20191029,4.31,4.29,4.36,4.28,4.35,-1.3793,34808.0,15054.785,-0.05999999999999961,湖南,纺织,19980527,
600156.SH,华升股份,20191028,4.28,4.35,4.38,4.25,4.27,1.8735,37885.67,16430.781,0.08000000000000007,湖南,纺织,19980527,
600156.SH,华升股份,20191025,4.27,4.27,4.29,4.21,4.27,0.0,33478.64,14222.381,0.0,湖南,纺织,19980527,
600156.SH,华升股份,20191024,4.33,4.27,4.33,4.25,4.32,-1.1574,27429.91,11750.29,-0.05000000000000071,湖南,纺织,19980527,
600156.SH,华升股份,20191023,4.38,4.32,4.4,4.3,4.34,-0.4608,31276.07,13544.275,-0.019999999999999574,湖南,纺织,19980527,
600156.SH,华升股份,20191022,4.27,4.34,4.42,4.21,4.3,0.9302,69613.77,29982.318,0.040000000000000036,湖南,纺织,19980527,
600156.SH,华升股份,20191021,4.48,4.3,4.49,4.3,4.66,-7.7253,123700.09,54173.241,-0.3600000000000003,湖南,纺织,19980527,
600156.SH,华升股份,20191018,4.46,4.66,4.66,4.19,4.46,4.4843,150596.04,65349.195,0.20000000000000018,湖南,纺织,19980527,
600156.SH,华升股份,20191017,4.35,4.46,4.58,4.32,4.37,2.0595,71652.44,31717.23,0.08999999999999986,湖南,纺织,19980527,
600156.SH,华升股份,20191016,4.36,4.37,4.4,4.3,4.36,0.2294,34224.96,14919.432,0.009999999999999787,湖南,纺织,19980527,
600156.SH,华升股份,20191015,4.41,4.36,4.42,4.33,4.41,-1.1338,25137.47,10959.741,-0.04999999999999982,湖南,纺织,19980527,
600156.SH,华升股份,20191014,4.35,4.41,4.44,4.34,4.34,1.6129,38716.38,17041.284,0.07000000000000028,湖南,纺织,19980527,
600156.SH,华升股份,20191011,4.32,4.34,4.35,4.26,4.32,0.463,30291.48,13058.987,0.019999999999999574,湖南,纺织,19980527,
600156.SH,华升股份,20191010,4.29,4.32,4.5,4.24,4.28,0.9346,51459.46,22351.615,0.040000000000000036,湖南,纺织,19980527,
600156.SH,华升股份,20191009,4.22,4.28,4.29,4.16,4.22,1.4218,25273.09,10706.109,0.0600000000000005,湖南,纺织,19980527,
600156.SH,华升股份,20191008,4.21,4.22,4.26,4.15,4.19,0.716,34236.0,14420.509,0.02999999999999936,湖南,纺织,19980527,
600156.SH,华升股份,20190930,4.3,4.19,4.33,4.17,4.28,-2.1028,27608.93,11710.448,-0.08999999999999986,湖南,纺织,19980527,
600156.SH,华升股份,20190927,4.25,4.28,4.33,4.15,4.24,0.9434,42353.56,18063.401,0.040000000000000036,湖南,纺织,19980527,
600156.SH,华升股份,20190926,4.34,4.24,4.45,4.22,4.32,-1.8519,53957.0,23203.829,-0.08000000000000007,湖南,纺织,19980527,
600156.SH,华升股份,20190925,4.51,4.32,4.51,4.29,4.49,-3.7862,47220.0,20688.794,-0.16999999999999993,湖南,纺织,19980527,
600156.SH,华升股份,20190924,4.53,4.49,4.57,4.47,4.51,-0.4435,30802.0,13920.226,-0.019999999999999574,湖南,纺织,19980527,
600156.SH,华升股份,20190923,4.65,4.51,4.68,4.47,4.65,-3.0108,44461.0,20096.395,-0.14000000000000057,湖南,纺织,19980527,
600156.SH,华升股份,20190920,4.7,4.65,4.77,4.63,4.69,-0.8529,44105.0,20675.281,-0.040000000000000036,湖南,纺织,19980527,
600156.SH,华升股份,20190919,4.72,4.69,4.74,4.64,4.72,-0.6356,34236.31,16008.214,-0.02999999999999936,湖南,纺织,19980527,
600156.SH,华升股份,20190918,4.65,4.72,4.77,4.62,4.65,1.5054,41304.0,19506.739,0.0699999999999994,湖南,纺织,19980527,
600156.SH,华升股份,20190917,4.84,4.65,4.84,4.57,4.81,-3.3264,59705.16,27893.806,-0.15999999999999925,湖南,纺织,19980527,
600156.SH,华升股份,20190916,4.82,4.81,4.87,4.78,4.81,0.0,41970.89,20262.989,0.0,湖南,纺织,19980527,
600156.SH,华升股份,20190912,4.76,4.81,4.82,4.75,4.76,1.0504,39884.38,19100.445,0.04999999999999982,湖南,纺织,19980527,
600156.SH,华升股份,20190911,4.83,4.76,4.85,4.75,4.79,-0.6263,53883.28,25821.125,-0.03000000000000025,湖南,纺织,19980527,
600156.SH,华升股份,20190910,4.71,4.79,4.82,4.66,4.72,1.4831,61410.01,29247.103,0.07000000000000028,湖南,纺织,19980527,
600156.SH,华升股份,20190909,4.74,4.72,4.74,4.63,4.68,0.8547,66485.65,31123.287,0.040000000000000036,湖南,纺织,19980527,
600156.SH,华升股份,20190906,4.59,4.68,4.68,4.58,4.6,1.7391,55340.52,25628.521,0.08000000000000007,湖南,纺织,19980527,
600156.SH,华升股份,20190905,4.58,4.6,4.69,4.53,4.55,1.0989,81708.31,37754.458,0.04999999999999982,湖南,纺织,19980527,
600156.SH,华升股份,20190904,4.54,4.55,4.6,4.48,4.53,0.4415,49946.46,22645.335,0.019999999999999574,湖南,纺织,19980527,
600156.SH,华升股份,20190903,4.57,4.53,4.64,4.51,4.57,-0.8753,39876.97,18136.239,-0.040000000000000036,湖南,纺织,19980527,
600156.SH,华升股份,20190902,4.45,4.57,4.57,4.45,4.44,2.9279,56515.0,25639.128,0.1299999999999999,湖南,纺织,19980527,
600156.SH,华升股份,20190830,4.61,4.44,4.61,4.39,4.56,-2.6316,52516.01,23601.774,-0.11999999999999922,湖南,纺织,19980527,
600156.SH,华升股份,20190829,4.53,4.56,4.62,4.5,4.53,0.6623,58168.0,26531.124,0.02999999999999936,湖南,纺织,19980527,
600156.SH,华升股份,20190828,4.48,4.53,4.54,4.45,4.5,0.6667,44441.85,19969.515,0.03000000000000025,湖南,纺织,19980527,
600156.SH,华升股份,20190827,4.37,4.5,4.54,4.37,4.37,2.9748,69888.52,31305.071,0.1299999999999999,湖南,纺织,19980527,
600156.SH,华升股份,20190826,4.39,4.37,4.44,4.34,4.49,-2.6726,51347.61,22556.652,-0.1200000000000001,湖南,纺织,19980527,
600156.SH,华升股份,20190823,4.42,4.49,4.53,4.4,4.46,0.6726,66495.31,29590.436,0.03000000000000025,湖南,纺织,19980527,
600156.SH,华升股份,20190822,4.39,4.46,4.47,4.35,4.36,2.2936,56723.86,25033.127,0.09999999999999964,湖南,纺织,19980527,
600156.SH,华升股份,20190821,4.43,4.36,4.43,4.32,4.39,-0.6834,35946.31,15722.116,-0.02999999999999936,湖南,纺织,19980527,
600156.SH,华升股份,20190820,4.4,4.39,4.45,4.35,4.41,-0.4535,42335.01,18661.873,-0.020000000000000462,湖南,纺织,19980527,
600156.SH,华升股份,20190819,4.49,4.41,4.49,4.31,4.3,2.5581,53668.32,23527.101,0.11000000000000032,湖南,纺织,19980527,
600156.SH,华升股份,20190816,4.28,4.3,4.36,4.28,4.32,-0.463,31983.0,13825.785,-0.020000000000000462,湖南,纺织,19980527,
600156.SH,华升股份,20190815,4.13,4.32,4.33,4.09,4.25,1.6471,45044.16,19003.714,0.07000000000000028,湖南,纺织,19980527,
600156.SH,华升股份,20190814,4.34,4.25,4.4,4.23,4.29,-0.9324,36959.81,15892.826,-0.040000000000000036,湖南,纺织,19980527,
600156.SH,华升股份,20190813,4.33,4.29,4.34,4.28,4.36,-1.6055,26453.0,11381.169,-0.07000000000000028,湖南,纺织,19980527,
600156.SH,华升股份,20190812,4.34,4.36,4.38,4.3,4.34,0.4608,36246.64,15722.279,0.020000000000000462,湖南,纺织,19980527,
600156.SH,华升股份,20190809,4.46,4.34,4.54,4.32,4.47,-2.9083,39402.94,17391.777,-0.1299999999999999,湖南,纺织,19980527,
600156.SH,华升股份,20190808,4.36,4.47,4.51,4.35,4.39,1.8223,48684.01,21744.54,0.08000000000000007,湖南,纺织,19980527,
600156.SH,华升股份,20190807,4.36,4.39,4.44,4.35,4.34,1.1521,48245.0,21232.073,0.04999999999999982,湖南,纺织,19980527,
600156.SH,华升股份,20190806,4.6,4.34,4.65,4.24,4.7,-7.6596,83946.03,36849.619,-0.3600000000000003,湖南,纺织,19980527,
600156.SH,华升股份,20190805,4.7,4.7,4.85,4.66,4.58,2.6201,68073.99,32258.006,0.1200000000000001,湖南,纺织,19980527,
600156.SH,华升股份,20190802,4.54,4.58,4.63,4.52,4.71,-2.7601,37908.94,17356.134,-0.1299999999999999,湖南,纺织,19980527,
600156.SH,华升股份,20190801,4.76,4.71,4.76,4.69,4.77,-1.2579,22874.01,10783.139,-0.05999999999999961,湖南,纺织,19980527,
600156.SH,华升股份,20190731,4.76,4.77,4.82,4.68,4.8,-0.625,28914.0,13689.171,-0.03000000000000025,湖南,纺织,19980527,
600156.SH,华升股份,20190730,4.74,4.8,4.85,4.74,4.76,0.8403,28804.0,13844.145,0.040000000000000036,湖南,纺织,19980527,
600156.SH,华升股份,20190729,4.86,4.76,4.86,4.74,4.83,-1.4493,26303.31,12565.927,-0.07000000000000028,湖南,纺织,19980527,
600156.SH,华升股份,20190726,4.78,4.83,4.85,4.75,4.82,0.2075,27628.63,13289.601,0.009999999999999787,湖南,纺织,19980527,
600156.SH,华升股份,20190725,4.78,4.82,4.88,4.77,4.83,-0.207,26491.01,12757.403,-0.009999999999999787,湖南,纺织,19980527,
600156.SH,华升股份,20190724,4.71,4.83,4.84,4.7,4.7,2.766,36564.62,17531.53,0.1299999999999999,湖南,纺织,19980527,
600156.SH,华升股份,20190723,4.64,4.7,4.71,4.63,4.66,0.8584,29285.99,13703.627,0.040000000000000036,湖南,纺织,19980527,
600156.SH,华升股份,20190722,4.89,4.66,4.92,4.62,4.87,-4.3121,48031.61,22500.541,-0.20999999999999996,湖南,纺织,19980527,
600156.SH,华升股份,20190719,4.88,4.87,4.93,4.83,4.85,0.4124,23283.31,11380.829,0.020000000000000462,湖南,纺织,19980527,
600156.SH,华升股份,20190718,4.93,4.85,4.93,4.84,4.96,-2.2177,42462.87,20664.247,-0.11000000000000032,湖南,纺织,19980527,
600156.SH,华升股份,20190717,5.01,4.96,5.01,4.92,5.01,-0.998,54480.63,26969.201,-0.04999999999999982,湖南,纺织,19980527,
600156.SH,华升股份,20190716,5.05,5.01,5.07,4.97,5.08,-1.378,42739.0,21402.135,-0.07000000000000028,湖南,纺织,19980527,
600156.SH,华升股份,20190715,4.98,5.08,5.09,4.86,4.99,1.8036,41917.0,20959.872,0.08999999999999986,湖南,纺织,19980527,
600156.SH,华升股份,20190712,5.03,4.99,5.06,4.96,5.0,-0.2,40635.56,20329.19,-0.009999999999999787,湖南,纺织,19980527,
600156.SH,华升股份,20190711,4.99,5.0,5.1,4.96,4.98,0.4016,44117.63,22193.188,0.019999999999999574,湖南,纺织,19980527,
600156.SH,华升股份,20190710,5.12,4.98,5.13,4.92,5.13,-2.924,70147.1,35283.293,-0.14999999999999947,湖南,纺织,19980527,
600156.SH,华升股份,20190709,5.14,5.13,5.2,5.01,5.19,-1.1561,80003.05,40961.712,-0.0600000000000005,湖南,纺织,19980527,
600156.SH,华升股份,20190708,5.5,5.19,5.55,5.19,5.56,-6.6547,163691.55,86560.866,-0.3699999999999992,湖南,纺织,19980527,
600156.SH,华升股份,20190705,5.41,5.56,5.75,5.41,5.39,3.154,214550.19,119651.153,0.16999999999999993,湖南,纺织,19980527,
600156.SH,华升股份,20190704,5.52,5.39,5.62,5.31,5.5,-2.0,125171.49,67617.684,-0.11000000000000032,湖南,纺织,19980527,
600156.SH,华升股份,20190703,5.35,5.5,5.56,5.16,5.36,2.6119,207260.16,111361.467,0.13999999999999968,湖南,纺织,19980527,
600156.SH,华升股份,20190702,5.56,5.36,5.73,5.33,5.4,-0.7407,202067.0,111650.457,-0.040000000000000036,湖南,纺织,19980527,
600156.SH,华升股份,20190701,5.34,5.4,5.45,5.25,5.2,3.8462,118073.7,63429.806,0.20000000000000018,湖南,纺织,19980527,
600156.SH,华升股份,20190628,5.35,5.2,5.35,5.13,5.34,-2.6217,76076.3,39588.115,-0.13999999999999968,湖南,纺织,19980527,
600156.SH,华升股份,20190627,5.29,5.34,5.37,5.29,5.32,0.3759,63792.31,34013.476,0.019999999999999574,湖南,纺织,19980527,
600156.SH,华升股份,20190626,5.29,5.32,5.37,5.21,5.34,-0.3745,69851.32,37175.993,-0.019999999999999574,湖南,纺织,19980527,
600156.SH,华升股份,20190625,5.47,5.34,5.5,5.23,5.58,-4.3011,152200.7,81280.179,-0.2400000000000002,湖南,纺织,19980527,
600156.SH,华升股份,20190624,5.33,5.58,5.65,5.27,5.31,5.0847,239768.0,131551.366,0.27000000000000046,湖南,纺织,19980527,
600156.SH,华升股份,20190621,5.21,5.31,5.36,5.12,5.34,-0.5618,209317.66,110439.129,-0.03000000000000025,湖南,纺织,19980527,
600156.SH,华升股份,20190620,5.22,5.34,5.7,4.98,5.21,2.4952,325917.02,170974.474,0.1299999999999999,湖南,纺织,19980527,
600156.SH,华升股份,20190619,5.21,5.21,5.21,5.14,4.74,9.9156,158527.98,82533.522,0.46999999999999975,湖南,纺织,19980527,
600156.SH,华升股份,20190618,4.8,4.74,4.81,4.68,4.77,-0.6289,35101.0,16632.972,-0.02999999999999936,湖南,纺织,19980527,
600156.SH,华升股份,20190617,4.77,4.77,4.82,4.74,4.77,0.0,43764.85,20870.273,0.0,湖南,纺织,19980527,
600156.SH,华升股份,20190614,4.99,4.77,5.05,4.74,5.01,-4.7904,96644.56,47117.671,-0.2400000000000002,湖南,纺织,19980527,
600156.SH,华升股份,20190613,5.05,5.01,5.12,4.9,5.11,-1.9569,163863.29,82277.247,-0.10000000000000053,湖南,纺织,19980527,
600156.SH,华升股份,20190612,5.2,5.11,5.35,5.09,5.2,-1.7308,225456.33,116833.674,-0.08999999999999986,湖南,纺织,19980527,
600156.SH,华升股份,20190611,4.89,5.2,5.21,4.81,4.89,6.3395,120283.17,60692.633,0.3100000000000005,湖南,纺织,19980527,
600156.SH,华升股份,20190610,4.8,4.89,4.89,4.71,4.84,1.0331,69798.3,33486.5,0.04999999999999982,湖南,纺织,19980527,
600156.SH,华升股份,20190606,4.89,4.84,4.94,4.78,4.86,-0.4115,65247.69,31838.371,-0.020000000000000462,湖南,纺织,19980527,
600156.SH,华升股份,20190605,5.11,4.86,5.14,4.8,5.04,-3.5714,80814.0,39964.447,-0.17999999999999972,湖南,纺织,19980527,
600156.SH,华升股份,20190604,4.99,5.04,5.1,4.95,5.03,0.1988,56895.26,28663.809,0.009999999999999787,湖南,纺织,19980527,
600156.SH,华升股份,20190603,5.15,5.03,5.3,4.96,5.25,-4.1905,126561.8,64283.284,-0.21999999999999975,湖南,纺织,19980527,
600156.SH,华升股份,20190531,5.26,5.25,5.43,5.15,5.2,0.9615,207304.18,110177.194,0.04999999999999982,湖南,纺织,19980527,
600156.SH,华升股份,20190530,5.37,5.2,5.37,5.11,5.32,-2.2556,118703.77,61721.743,-0.1200000000000001,湖南,纺织,19980527,
600156.SH,华升股份,20190529,5.15,5.32,5.4,5.15,5.25,1.3333,92981.0,49148.79,0.07000000000000028,湖南,纺织,19980527,
600156.SH,华升股份,20190528,5.37,5.25,5.4,5.2,5.25,0.0,105808.59,55831.479,0.0,湖南,纺织,19980527,
600156.SH,华升股份,20190527,5.14,5.25,5.28,5.0,5.03,4.3738,98746.31,51155.75,0.21999999999999975,湖南,纺织,19980527,
600156.SH,华升股份,20190524,5.19,5.03,5.24,4.96,5.12,-1.7578,94518.0,48005.826,-0.08999999999999986,湖南,纺织,19980527,
600156.SH,华升股份,20190523,5.4,5.12,5.49,5.05,5.34,-4.1199,115845.47,61073.603,-0.21999999999999975,湖南,纺织,19980527,
600156.SH,华升股份,20190522,5.47,5.34,5.64,5.28,5.31,0.565,174112.01,94628.017,0.03000000000000025,湖南,纺织,19980527,
600156.SH,华升股份,20190521,4.91,5.31,5.37,4.91,5.07,4.7337,173019.0,90477.141,0.23999999999999932,湖南,纺织,19980527,
600156.SH,华升股份,20190520,5.53,5.07,5.53,5.07,5.63,-9.9467,198614.61,101647.376,-0.5599999999999996,湖南,纺织,19980527,
600156.SH,华升股份,20190517,5.79,5.63,6.0,5.57,5.79,-2.7634,199859.38,116460.906,-0.16000000000000014,湖南,纺织,19980527,
600156.SH,华升股份,20190516,5.87,5.79,5.92,5.77,5.8,-0.1724,100950.05,58896.035,-0.009999999999999787,湖南,纺织,19980527,
600156.SH,华升股份,20190515,5.83,5.8,5.88,5.74,5.77,0.5199,132147.91,76683.548,0.03000000000000025,湖南,纺织,19980527,
600156.SH,华升股份,20190514,6.0,5.77,6.05,5.72,6.15,-6.1789,203522.01,119241.284,-0.3800000000000008,湖南,纺织,19980527,
600156.SH,华升股份,20190513,5.95,6.15,6.25,5.9,5.8,6.0345,273624.23,165841.184,0.35000000000000053,湖南,纺织,19980527,
600156.SH,华升股份,20190510,5.7,5.8,5.93,5.55,5.56,4.3165,197076.93,114048.448,0.2400000000000002,湖南,纺织,19980527,
600156.SH,华升股份,20190509,5.79,5.56,5.94,5.55,5.82,-4.4674,175605.0,100619.345,-0.2600000000000007,湖南,纺织,19980527,
600156.SH,华升股份,20190508,5.55,5.82,6.06,5.55,5.51,5.6261,257295.01,150572.912,0.3100000000000005,湖南,纺织,19980527,
600156.SH,华升股份,20190507,5.34,5.51,5.68,5.33,5.31,3.7665,205444.35,114256.217,0.20000000000000018,湖南,纺织,19980527,
600156.SH,华升股份,20190506,5.61,5.31,5.84,5.31,5.9,-10.0,151064.81,83573.259,-0.5900000000000007,湖南,纺织,19980527,
600156.SH,华升股份,20190430,6.03,5.9,6.25,5.83,5.97,-1.1725,127696.0,76540.175,-0.0699999999999994,湖南,纺织,19980527,
600156.SH,华升股份,20190429,6.02,5.97,6.43,5.63,6.01,-0.6656,226523.74,140132.661,-0.040000000000000036,湖南,纺织,19980527,
600156.SH,华升股份,20190426,5.94,6.01,6.25,5.89,5.99,0.3339,168287.92,102269.347,0.019999999999999574,湖南,纺织,19980527,
600156.SH,华升股份,20190425,6.72,5.99,6.75,5.99,6.66,-10.0601,228493.01,143393.39,-0.6699999999999999,湖南,纺织,19980527,
600156.SH,华升股份,20190424,6.49,6.66,6.69,6.49,6.57,1.3699,88766.07,58832.46,0.08999999999999986,湖南,纺织,19980527,
600156.SH,华升股份,20190423,6.56,6.57,6.76,6.51,6.63,-0.905,106544.19,70550.424,-0.05999999999999961,湖南,纺织,19980527,
600156.SH,华升股份,20190422,6.88,6.63,6.95,6.61,6.84,-3.0702,129311.0,87542.592,-0.20999999999999996,湖南,纺织,19980527,
600156.SH,华升股份,20190419,6.69,6.84,6.98,6.69,6.76,1.1834,145416.81,99552.754,0.08000000000000007,湖南,纺织,19980527,
600156.SH,华升股份,20190418,6.96,6.76,7.05,6.74,7.03,-3.8407,154060.5,105987.117,-0.27000000000000046,湖南,纺织,19980527,
600156.SH,华升股份,20190417,6.94,7.03,7.13,6.84,6.92,1.5896,198988.85,138852.515,0.11000000000000032,湖南,纺织,19980527,
600156.SH,华升股份,20190416,6.61,6.92,6.95,6.61,6.69,3.438,165495.27,113260.839,0.22999999999999954,湖南,纺织,19980527,
600156.SH,华升股份,20190415,6.79,6.69,6.91,6.66,6.67,0.2999,135580.64,92383.13,0.020000000000000462,湖南,纺织,19980527,
600156.SH,华升股份,20190412,6.76,6.67,6.84,6.58,6.76,-1.3314,158122.06,105904.967,-0.08999999999999986,湖南,纺织,19980527,
600156.SH,华升股份,20190411,7.05,6.76,7.1,6.76,7.14,-5.3221,234822.26,162219.101,-0.3799999999999999,湖南,纺织,19980527,
600156.SH,华升股份,20190410,7.15,7.14,7.35,7.06,7.21,-0.9709,261681.83,188766.678,-0.07000000000000028,湖南,纺织,19980527,
600156.SH,华升股份,20190409,7.31,7.21,7.39,7.13,7.45,-3.2215,263748.09,191026.226,-0.2400000000000002,湖南,纺织,19980527,
600156.SH,华升股份,20190408,7.19,7.45,7.46,6.9,7.19,3.6161,486540.7,350616.64,0.2599999999999998,湖南,纺织,19980527,
600156.SH,华升股份,20190404,7.18,7.19,7.4,7.15,7.18,0.1393,268737.63,194412.793,0.010000000000000675,湖南,纺织,19980527,
600156.SH,华升股份,20190403,7.18,7.18,7.23,7.02,7.3,-1.6438,323638.55,230494.124,-0.1200000000000001,湖南,纺织,19980527,
600156.SH,华升股份,20190402,7.29,7.3,7.54,7.16,7.38,-1.084,506191.55,371561.512,-0.08000000000000007,湖南,纺织,19980527,
600156.SH,华升股份,20190401,7.19,7.38,7.45,7.0,7.31,0.9576,541735.6,394735.945,0.07000000000000028,湖南,纺织,19980527,
600156.SH,华升股份,20190329,7.24,7.31,7.85,7.24,8.04,-9.0796,621217.95,457271.821,-0.7299999999999995,湖南,纺织,19980527,
600156.SH,华升股份,20190328,8.04,8.04,8.4,8.04,8.93,-9.9664,686740.17,557427.478,-0.8900000000000006,湖南,纺织,19980527,
600156.SH,华升股份,20190327,8.08,8.93,8.93,7.81,8.12,9.9754,849348.39,734971.665,0.8100000000000005,湖南,纺织,19980527,
600156.SH,华升股份,20190326,7.48,8.12,8.12,7.48,7.38,10.0271,673872.55,526088.674,0.7399999999999993,湖南,纺织,19980527,
600156.SH,华升股份,20190325,7.27,7.38,8.11,7.18,7.75,-4.7742,615441.4,470018.998,-0.3700000000000001,湖南,纺织,19980527,
600156.SH,华升股份,20190322,7.42,7.75,8.38,7.11,7.76,-0.1289,774696.48,587627.078,-0.009999999999999787,湖南,纺织,19980527,
600156.SH,华升股份,20190321,8.41,7.76,8.79,7.24,7.99,-2.8786,799499.98,684386.738,-0.23000000000000043,湖南,纺织,19980527,
600156.SH,华升股份,20190320,7.14,7.99,7.99,7.14,7.26,10.0551,724409.87,551075.792,0.7300000000000004,湖南,纺织,19980527,
600156.SH,华升股份,20190319,7.56,7.26,8.15,7.06,7.41,-2.0243,760458.87,580772.069,-0.15000000000000036,湖南,纺织,19980527,
600156.SH,华升股份,20190318,7.32,7.41,7.41,6.9,6.74,9.9407,288022.21,209834.235,0.6699999999999999,湖南,纺织,19980527,
600156.SH,华升股份,20190315,6.37,6.74,6.74,6.25,6.13,9.9511,212566.22,138713.795,0.6100000000000003,湖南,纺织,19980527,
600156.SH,华升股份,20190314,5.66,6.13,6.13,5.58,5.57,10.0539,246359.49,146140.937,0.5599999999999996,湖南,纺织,19980527,
600156.SH,华升股份,20190313,5.27,5.57,5.8,5.22,5.34,4.3071,260958.56,145501.827,0.23000000000000043,湖南,纺织,19980527,
600156.SH,华升股份,20190312,5.28,5.34,5.44,5.18,5.24,1.9084,168094.43,89232.085,0.09999999999999964,湖南,纺织,19980527,
600156.SH,华升股份,20190311,5.12,5.24,5.28,5.07,5.04,3.9683,121748.01,63236.311,0.20000000000000018,湖南,纺织,19980527,
600156.SH,华升股份,20190308,5.28,5.04,5.43,5.04,5.47,-7.8611,178810.12,93336.798,-0.4299999999999997,湖南,纺织,19980527,
600156.SH,华升股份,20190307,5.48,5.47,5.56,5.38,5.53,-1.085,166489.93,90815.149,-0.0600000000000005,湖南,纺织,19980527,
600156.SH,华升股份,20190306,5.3,5.53,5.55,5.22,5.32,3.9474,173314.89,93337.7,0.20999999999999996,湖南,纺织,19980527,
600156.SH,华升股份,20190305,5.22,5.32,5.34,5.21,5.29,0.5671,110790.74,58557.973,0.03000000000000025,湖南,纺织,19980527,
600156.SH,华升股份,20190304,5.28,5.29,5.44,5.22,5.32,-0.5639,182753.36,97286.348,-0.03000000000000025,湖南,纺织,19980527,
600156.SH,华升股份,20190301,5.35,5.32,5.35,5.14,5.38,-1.1152,136124.23,71466.511,-0.05999999999999961,湖南,纺织,19980527,
600156.SH,华升股份,20190228,5.78,5.38,5.89,5.24,5.54,-2.8881,330659.56,183308.165,-0.16000000000000014,湖南,纺织,19980527,
600156.SH,华升股份,20190227,5.04,5.54,5.54,4.95,5.04,9.9206,208511.35,112313.345,0.5,湖南,纺织,19980527,
600156.SH,华升股份,20190226,5.03,5.04,5.18,4.83,5.04,0.0,208689.4,103915.94,0.0,湖南,纺织,19980527,
600156.SH,华升股份,20190225,5.03,5.04,5.21,4.81,4.75,6.1053,273579.56,137353.43,0.29000000000000004,湖南,纺织,19980527,
600156.SH,华升股份,20190222,5.01,4.75,5.01,4.7,4.55,4.3956,213801.57,103704.085,0.20000000000000018,湖南,纺织,19980527,
600156.SH,华升股份,20190221,4.5,4.55,4.68,4.48,4.51,0.8869,77710.34,35497.693,0.040000000000000036,湖南,纺织,19980527,
600156.SH,华升股份,20190220,4.46,4.51,4.65,4.46,4.52,-0.2212,58033.28,26404.597,-0.009999999999999787,湖南,纺织,19980527,
600156.SH,华升股份,20190219,4.54,4.52,4.57,4.45,4.54,-0.4405,42742.07,19291.186,-0.020000000000000462,湖南,纺织,19980527,
600156.SH,华升股份,20190218,4.45,4.54,4.54,4.41,4.43,2.4831,43126.17,19364.385,0.11000000000000032,湖南,纺织,19980527,
600156.SH,华升股份,20190215,4.38,4.43,4.5,4.35,4.38,1.1416,52222.68,23147.38,0.04999999999999982,湖南,纺织,19980527,
600156.SH,华升股份,20190214,4.45,4.38,4.45,4.36,4.41,-0.6803,31447.93,13793.614,-0.03000000000000025,湖南,纺织,19980527,
600156.SH,华升股份,20190213,4.36,4.41,4.44,4.33,4.36,1.1468,47197.6,20708.501,0.04999999999999982,湖南,纺织,19980527,
600156.SH,华升股份,20190212,4.36,4.36,4.4,4.31,4.36,0.0,38986.4,16962.419,0.0,湖南,纺织,19980527,
600156.SH,华升股份,20190211,4.34,4.36,4.36,4.27,4.29,1.6317,32152.25,13922.332,0.07000000000000028,湖南,纺织,19980527,
600156.SH,华升股份,20190201,4.22,4.29,4.31,4.18,4.26,0.7042,35770.73,15213.169,0.03000000000000025,湖南,纺织,19980527,
600156.SH,华升股份,20190131,4.29,4.26,4.34,4.15,4.23,0.7092,29626.38,12601.636,0.02999999999999936,湖南,纺织,19980527,
600156.SH,华升股份,20190130,4.07,4.23,4.38,4.07,4.16,1.6827,49396.75,21195.791,0.07000000000000028,湖南,纺织,19980527,
600156.SH,华升股份,20190129,4.27,4.16,4.31,4.0,4.28,-2.8037,35385.0,14748.334,-0.1200000000000001,湖南,纺织,19980527,
600156.SH,华升股份,20190128,4.27,4.28,4.38,4.27,4.27,0.2342,34433.0,14872.566,0.010000000000000675,湖南,纺织,19980527,
600156.SH,华升股份,20190125,4.45,4.27,4.5,4.27,4.51,-5.3215,60266.09,26321.335,-0.2400000000000002,湖南,纺织,19980527,
600156.SH,华升股份,20190124,4.44,4.51,4.67,4.43,4.49,0.4454,58387.09,26621.79,0.019999999999999574,湖南,纺织,19980527,
600156.SH,华升股份,20190123,4.6,4.49,4.6,4.38,4.55,-1.3187,63208.71,28227.962,-0.05999999999999961,湖南,纺织,19980527,
600156.SH,华升股份,20190122,4.35,4.55,4.62,4.31,4.35,4.5977,84165.62,37773.852,0.20000000000000018,湖南,纺织,19980527,
600156.SH,华升股份,20190121,4.36,4.35,4.42,4.33,4.38,-0.6849,51613.0,22512.613,-0.03000000000000025,湖南,纺织,19980527,
600156.SH,华升股份,20190118,4.53,4.38,4.57,4.33,4.52,-3.0973,72612.6,32027.233,-0.13999999999999968,湖南,纺织,19980527,
600156.SH,华升股份,20190117,4.96,4.52,4.97,4.46,4.81,-6.0291,130756.05,61295.173,-0.29000000000000004,湖南,纺织,19980527,
600156.SH,华升股份,20190116,4.55,4.81,4.88,4.55,4.59,4.793,96907.62,46097.618,0.21999999999999975,湖南,纺织,19980527,
600156.SH,华升股份,20190115,4.67,4.59,4.67,4.51,4.56,0.6579,48001.46,22085.636,0.03000000000000025,湖南,纺织,19980527,
600156.SH,华升股份,20190114,4.43,4.56,4.83,4.43,4.45,2.4719,85597.87,39886.896,0.10999999999999943,湖南,纺织,19980527,
600156.SH,华升股份,20190111,4.34,4.45,4.5,4.33,4.33,2.7714,46229.13,20369.015,0.1200000000000001,湖南,纺织,19980527,
600156.SH,华升股份,20190110,4.4,4.33,4.46,4.3,4.39,-1.3667,36289.0,15878.882,-0.05999999999999961,湖南,纺织,19980527,
600156.SH,华升股份,20190109,4.45,4.39,4.52,4.36,4.43,-0.9029,61027.86,27062.249,-0.040000000000000036,湖南,纺织,19980527,
600156.SH,华升股份,20190108,4.38,4.43,4.46,4.34,4.44,-0.2252,63624.0,27964.975,-0.010000000000000675,湖南,纺织,19980527,
600156.SH,华升股份,20190107,4.43,4.44,4.46,4.3,4.43,0.2257,92511.23,40639.829,0.010000000000000675,湖南,纺织,19980527,
600156.SH,华升股份,20190104,4.19,4.43,4.62,4.13,4.2,5.4762,91151.07,40030.22,0.22999999999999954,湖南,纺织,19980527,
600156.SH,华升股份,20190103,4.17,4.2,4.26,4.1,4.17,0.7194,51112.26,21517.955,0.03000000000000025,湖南,纺织,19980527,
600156.SH,华升股份,20190102,4.12,4.17,4.24,4.09,4.09,1.956,43399.48,18134.52,0.08000000000000007,湖南,纺织,19980527,
600156.SH,华升股份,20181228,4.03,4.09,4.12,4.01,4.02,1.7413,25063.5,10202.799,0.07000000000000028,湖南,纺织,19980527,
600156.SH,华升股份,20181227,4.2,4.02,4.26,4.02,4.15,-3.1325,31352.0,12986.886,-0.13000000000000078,湖南,纺织,19980527,
600156.SH,华升股份,20181226,4.12,4.15,4.2,4.05,4.13,0.4843,38699.0,15922.849,0.020000000000000462,湖南,纺织,19980527,
600156.SH,华升股份,20181225,4.16,4.13,4.2,4.0,4.24,-2.5943,56533.23,23101.982,-0.11000000000000032,湖南,纺织,19980527,
600156.SH,华升股份,20181224,4.12,4.24,4.35,4.09,4.04,4.9505,102159.73,43520.404,0.20000000000000018,湖南,纺织,19980527,
600156.SH,华升股份,20181221,4.01,4.04,4.08,3.99,4.05,-0.2469,21751.0,8774.955,-0.009999999999999787,湖南,纺织,19980527,
600156.SH,华升股份,20181220,3.89,4.05,4.15,3.89,3.94,2.7919,34294.95,13871.909,0.10999999999999988,湖南,纺织,19980527,
600156.SH,华升股份,20181219,3.91,3.94,4.02,3.91,3.95,-0.2532,24939.24,9896.531,-0.010000000000000231,湖南,纺织,19980527,
600156.SH,华升股份,20181218,3.99,3.95,4.0,3.91,4.0,-1.25,20022.73,7906.978,-0.04999999999999982,湖南,纺织,19980527,
600156.SH,华升股份,20181217,3.97,4.0,4.04,3.92,4.01,-0.2494,25256.01,10028.291,-0.009999999999999787,湖南,纺织,19980527,
600156.SH,华升股份,20181214,4.15,4.01,4.2,4.0,4.13,-2.9056,27611.0,11222.621,-0.1200000000000001,湖南,纺织,19980527,
600156.SH,华升股份,20181213,4.13,4.13,4.17,4.03,4.13,0.0,27215.9,11200.244,0.0,湖南,纺织,19980527,
600156.SH,华升股份,20181212,4.15,4.13,4.28,4.11,4.15,-0.4819,31581.0,13114.393,-0.020000000000000462,湖南,纺织,19980527,
600156.SH,华升股份,20181211,4.12,4.15,4.2,4.09,4.14,0.2415,34267.0,14222.159,0.010000000000000675,湖南,纺织,19980527,
600156.SH,华升股份,20181210,4.05,4.14,4.28,3.93,4.03,2.7295,51637.02,21107.502,0.10999999999999943,湖南,纺织,19980527,
600156.SH,华升股份,20181207,4.05,4.03,4.07,3.98,4.03,0.0,34057.35,13688.02,0.0,湖南,纺织,19980527,
600156.SH,华升股份,20181206,4.18,4.03,4.18,4.0,4.18,-3.5885,60089.6,24464.29,-0.14999999999999947,湖南,纺织,19980527,
600156.SH,华升股份,20181205,4.2,4.18,4.22,4.13,4.31,-3.0162,70987.6,29647.941,-0.1299999999999999,湖南,纺织,19980527,
600156.SH,华升股份,20181204,4.38,4.31,4.43,4.15,4.32,-0.2315,131396.13,56262.774,-0.010000000000000675,湖南,纺织,19980527,
600156.SH,华升股份,20181203,4.0,4.32,4.32,3.99,3.93,9.9237,87336.65,36964.364,0.3900000000000001,湖南,纺织,19980527,
600156.SH,华升股份,20181130,3.9,3.93,3.96,3.8,3.94,-0.2538,29254.0,11371.854,-0.009999999999999787,湖南,纺织,19980527,
600156.SH,华升股份,20181129,3.98,3.94,4.1,3.9,4.0,-1.5,40861.0,16295.996,-0.06000000000000005,湖南,纺织,19980527,
600156.SH,华升股份,20181128,4.09,4.0,4.11,3.9,4.12,-2.9126,47841.78,19136.881,-0.1200000000000001,湖南,纺织,19980527,
600156.SH,华升股份,20181127,3.85,4.12,4.21,3.85,3.84,7.2917,84937.29,34182.777,0.28000000000000025,湖南,纺织,19980527,
600156.SH,华升股份,20181126,3.85,3.84,3.95,3.8,3.82,0.5236,28670.88,11064.063,0.020000000000000018,湖南,纺织,19980527,
600156.SH,华升股份,20181123,4.19,3.82,4.19,3.81,4.19,-8.8305,65981.0,26399.094,-0.37000000000000055,湖南,纺织,19980527,
600156.SH,华升股份,20181122,4.15,4.19,4.21,4.1,4.15,0.9639,39983.1,16636.759,0.040000000000000036,湖南,纺织,19980527,
600156.SH,华升股份,20181121,4.19,4.15,4.25,4.03,4.25,-2.3529,71740.0,29563.836,-0.09999999999999964,湖南,纺织,19980527,
600156.SH,华升股份,20181120,4.3,4.25,4.34,4.22,4.33,-1.8476,57644.9,24655.015,-0.08000000000000007,湖南,纺织,19980527,
600156.SH,华升股份,20181119,4.29,4.33,4.35,4.22,4.29,0.9324,90542.7,38874.698,0.040000000000000036,湖南,纺织,19980527,
600156.SH,华升股份,20181116,4.27,4.29,4.4,4.23,4.28,0.2336,117655.02,50787.757,0.009999999999999787,湖南,纺织,19980527,
600156.SH,华升股份,20181115,4.22,4.28,4.29,4.18,4.26,0.4695,93127.84,39412.376,0.020000000000000462,湖南,纺织,19980527,
600156.SH,华升股份,20181114,4.31,4.26,4.38,4.23,4.34,-1.8433,114338.12,48929.484,-0.08000000000000007,湖南,纺织,19980527,
600156.SH,华升股份,20181113,4.25,4.34,4.36,4.08,4.27,1.6393,176811.23,75279.284,0.07000000000000028,湖南,纺织,19980527,
600156.SH,华升股份,20181112,4.18,4.27,4.29,4.15,4.14,3.1401,134273.1,56836.524,0.1299999999999999,湖南,纺织,19980527,
600156.SH,华升股份,20181109,4.1,4.14,4.22,4.03,4.15,-0.241,130165.03,53794.888,-0.010000000000000675,湖南,纺织,19980527,
600156.SH,华升股份,20181108,4.13,4.15,4.3,4.09,4.14,0.2415,197862.24,82865.195,0.010000000000000675,湖南,纺织,19980527,
600156.SH,华升股份,20181107,4.09,4.14,4.18,4.03,4.13,0.2421,159882.34,65521.332,0.009999999999999787,湖南,纺织,19980527,
600156.SH,华升股份,20181106,4.46,4.13,4.46,4.09,4.54,-9.0308,297242.38,124668.043,-0.41000000000000014,湖南,纺织,19980527,
600156.SH,华升股份,20181105,4.46,4.54,4.6,4.41,4.53,0.2208,281209.04,126943.749,0.009999999999999787,湖南,纺织,19980527,
600156.SH,华升股份,20181102,4.55,4.53,4.75,4.41,4.67,-2.9979,386806.99,175352.838,-0.13999999999999968,湖南,纺织,19980527,
600156.SH,华升股份,20181101,4.92,4.67,5.07,4.5,4.95,-5.6566,481682.9,230866.436,-0.28000000000000025,湖南,纺织,19980527,
600156.SH,华升股份,20181031,4.95,4.95,4.95,4.95,4.5,10.0,109631.06,54267.375,0.4500000000000002,湖南,纺织,19980527,
600156.SH,华升股份,20181030,4.24,4.5,4.5,4.13,4.09,10.0244,190927.08,83115.211,0.41000000000000014,湖南,纺织,19980527,
600156.SH,华升股份,20181029,4.09,4.09,4.09,4.0,3.72,9.9462,87109.03,35620.78,0.36999999999999966,湖南,纺织,19980527,
600156.SH,华升股份,20181026,3.72,3.72,3.72,3.72,3.38,10.0592,20362.5,7574.85,0.3400000000000003,湖南,纺织,19980527,
600156.SH,华升股份,20181025,3.28,3.38,3.48,3.28,3.43,-1.4577,37673.0,12709.024,-0.050000000000000266,湖南,纺织,19980527,
600156.SH,华升股份,20181024,3.38,3.43,3.62,3.34,3.4,0.8824,51342.11,17924.83,0.03000000000000025,湖南,纺织,19980527,
600156.SH,华升股份,20181023,3.4,3.4,3.49,3.33,3.4,0.0,40243.32,13751.256,0.0,湖南,纺织,19980527,
600156.SH,华升股份,20181022,3.17,3.4,3.43,3.16,3.12,8.9744,52918.32,17774.807,0.2799999999999998,湖南,纺织,19980527,
600156.SH,华升股份,20181019,3.11,3.12,3.18,2.86,3.17,-1.5773,28499.61,8740.952,-0.04999999999999982,湖南,纺织,19980527,
600156.SH,华升股份,20181018,3.25,3.17,3.33,3.17,3.25,-2.4615,31001.3,10103.605,-0.08000000000000007,湖南,纺织,19980527,
600156.SH,华升股份,20181017,3.26,3.25,3.32,3.23,3.23,0.6192,20297.0,6626.38,0.020000000000000018,湖南,纺织,19980527,
600156.SH,华升股份,20181016,3.38,3.23,3.42,3.18,3.4,-5.0,27612.09,9048.105,-0.16999999999999993,湖南,纺织,19980527,
600156.SH,华升股份,20181015,3.53,3.4,3.56,3.33,3.53,-3.6827,25512.0,8839.676,-0.1299999999999999,湖南,纺织,19980527,
600156.SH,华升股份,20181012,3.6,3.53,3.71,3.44,3.82,-7.5916,46302.32,16493.113,-0.29000000000000004,湖南,纺织,19980527,
600156.SH,华升股份,20181011,3.75,3.82,4.1,3.7,3.9,-2.0513,53790.92,20754.078,-0.08000000000000007,湖南,纺织,19980527,
600156.SH,华升股份,20181010,3.92,3.9,3.94,3.87,3.97,-1.7632,19360.37,7547.651,-0.07000000000000028,湖南,纺织,19980527,
600156.SH,华升股份,20181009,4.0,3.97,4.01,3.91,3.96,0.2525,31107.37,12328.287,0.010000000000000231,湖南,纺织,19980527,
600156.SH,华升股份,20181008,3.81,3.96,4.04,3.81,3.83,3.3943,54827.38,21564.095,0.1299999999999999,湖南,纺织,19980527,
600156.SH,华升股份,20180928,3.83,3.83,3.87,3.75,3.81,0.5249,19924.37,7598.181,0.020000000000000018,湖南,纺织,19980527,
600156.SH,华升股份,20180927,3.99,3.81,3.99,3.81,3.95,-3.5443,20815.0,8083.926,-0.14000000000000012,湖南,纺织,19980527,
600156.SH,华升股份,20180926,3.94,3.95,3.99,3.92,3.93,0.5089,19545.0,7733.758,0.020000000000000018,湖南,纺织,19980527,
600156.SH,华升股份,20180925,3.95,3.93,3.95,3.9,3.96,-0.7576,15818.0,6207.859,-0.029999999999999805,湖南,纺织,19980527,
600156.SH,华升股份,20180921,3.91,3.96,3.97,3.9,3.93,0.7634,19492.32,7682.663,0.029999999999999805,湖南,纺织,19980527,
600156.SH,华升股份,20180920,3.91,3.93,4.03,3.87,3.89,1.0283,25381.0,10008.892,0.040000000000000036,湖南,纺织,19980527,
600156.SH,华升股份,20180919,3.85,3.89,3.93,3.8,3.87,0.5168,29701.5,11471.018,0.020000000000000018,湖南,纺织,19980527,
600156.SH,华升股份,20180918,3.8,3.87,3.88,3.8,3.83,1.0444,23355.02,8972.609,0.040000000000000036,湖南,纺织,19980527,
600156.SH,华升股份,20180917,3.94,3.83,3.99,3.8,3.95,-3.038,20504.0,7903.057,-0.1200000000000001,湖南,纺织,19980527,
600156.SH,华升股份,20180914,4.02,3.95,4.05,3.95,4.01,-1.4963,17189.71,6846.077,-0.05999999999999961,湖南,纺织,19980527,
600156.SH,华升股份,20180913,4.03,4.01,4.07,3.99,4.01,0.0,18861.1,7559.505,0.0,湖南,纺织,19980527,
600156.SH,华升股份,20180912,4.01,4.01,4.06,4.0,4.03,-0.4963,11923.0,4795.077,-0.020000000000000462,湖南,纺织,19980527,
600156.SH,华升股份,20180911,4.0,4.03,4.1,3.93,4.01,0.4988,19392.01,7852.436,0.020000000000000462,湖南,纺织,19980527,
600156.SH,华升股份,20180910,4.07,4.01,4.09,4.0,4.07,-1.4742,21481.11,8666.396,-0.0600000000000005,湖南,纺织,19980527,
600156.SH,华升股份,20180907,4.17,4.07,4.23,3.98,4.2,-3.0952,60738.01,24958.827,-0.1299999999999999,湖南,纺织,19980527,
600156.SH,华升股份,20180906,4.34,4.2,4.4,4.19,4.39,-4.328,50586.61,21747.449,-0.1899999999999995,湖南,纺织,19980527,
600156.SH,华升股份,20180905,4.31,4.39,4.43,4.26,4.32,1.6204,43267.6,18856.772,0.0699999999999994,湖南,纺织,19980527,
600156.SH,华升股份,20180904,4.27,4.32,4.41,4.26,4.28,0.9346,26574.02,11552.568,0.040000000000000036,湖南,纺织,19980527,
600156.SH,华升股份,20180903,4.26,4.28,4.38,4.15,4.38,-2.2831,46095.0,19635.92,-0.09999999999999964,湖南,纺织,19980527,
600156.SH,华升股份,20180831,4.52,4.38,4.62,4.36,4.52,-3.0973,61947.12,27839.006,-0.13999999999999968,湖南,纺织,19980527,
600156.SH,华升股份,20180830,4.3,4.52,4.64,4.26,4.33,4.388,84761.8,37950.011,0.1899999999999995,湖南,纺织,19980527,
600156.SH,华升股份,20180829,4.4,4.33,4.42,4.28,4.39,-1.3667,29434.1,12767.256,-0.05999999999999961,湖南,纺织,19980527,
600156.SH,华升股份,20180828,4.27,4.39,4.4,4.25,4.24,3.5377,57426.0,24986.668,0.14999999999999947,湖南,纺织,19980527,
600156.SH,华升股份,20180827,4.18,4.24,4.3,4.1,4.24,0.0,42396.1,17739.036,0.0,湖南,纺织,19980527,
600156.SH,华升股份,20180824,4.32,4.24,4.35,4.24,4.36,-2.7523,39059.0,16745.777,-0.1200000000000001,湖南,纺织,19980527,
600156.SH,华升股份,20180823,4.35,4.36,4.4,4.31,4.34,0.4608,35558.76,15486.098,0.020000000000000462,湖南,纺织,19980527,
600156.SH,华升股份,20180822,4.39,4.34,4.39,4.27,4.41,-1.5873,43332.85,18706.938,-0.07000000000000028,湖南,纺织,19980527,
600156.SH,华升股份,20180821,4.38,4.41,4.43,4.33,4.39,0.4556,45847.71,20159.163,0.020000000000000462,湖南,纺织,19980527,
600156.SH,华升股份,20180820,4.46,4.39,4.48,4.25,4.49,-2.2272,63880.0,27843.464,-0.10000000000000053,湖南,纺织,19980527,
600156.SH,华升股份,20180817,4.52,4.49,4.57,4.43,4.6,-2.3913,81331.09,36602.313,-0.10999999999999943,湖南,纺织,19980527,
600156.SH,华升股份,20180816,4.7,4.6,4.82,4.58,4.76,-3.3613,128400.16,60292.713,-0.16000000000000014,湖南,纺织,19980527,
600156.SH,华升股份,20180815,4.54,4.76,4.91,4.46,4.58,3.9301,189320.31,89456.611,0.17999999999999972,湖南,纺织,19980527,
600156.SH,华升股份,20180814,4.59,4.58,4.6,4.43,4.6,-0.4348,81864.47,36869.232,-0.019999999999999574,湖南,纺织,19980527,
600156.SH,华升股份,20180813,4.6,4.6,4.74,4.55,4.69,-1.919,93408.0,43170.091,-0.09000000000000075,湖南,纺织,19980527,
600156.SH,华升股份,20180810,4.52,4.69,4.77,4.46,4.63,1.2959,151574.93,70019.176,0.0600000000000005,湖南,纺织,19980527,
600156.SH,华升股份,20180809,4.39,4.63,4.68,4.39,4.37,5.9497,142190.25,65290.3,0.2599999999999998,湖南,纺织,19980527,
600156.SH,华升股份,20180808,4.54,4.37,4.58,4.33,4.54,-3.7445,78734.0,34997.587,-0.16999999999999993,湖南,纺织,19980527,
600156.SH,华升股份,20180807,4.29,4.54,4.55,4.29,4.43,2.4831,119586.01,52977.831,0.11000000000000032,湖南,纺织,19980527,
600156.SH,华升股份,20180806,4.67,4.43,4.84,4.4,4.48,-1.1161,210956.74,97094.465,-0.05000000000000071,湖南,纺织,19980527,
600156.SH,华升股份,20180803,4.09,4.48,4.48,4.01,4.07,10.0737,57499.5,25354.809,0.41000000000000014,湖南,纺织,19980527,
600156.SH,华升股份,20180802,4.31,4.07,4.31,3.98,4.36,-6.6514,69907.31,28653.989,-0.29000000000000004,湖南,纺织,19980527,
600156.SH,华升股份,20180801,4.28,4.36,4.45,4.28,4.41,-1.1338,52517.91,22801.272,-0.04999999999999982,湖南,纺织,19980527,
600156.SH,华升股份,20180731,4.53,4.41,4.58,4.29,4.47,-1.3423,79230.1,35154.173,-0.05999999999999961,湖南,纺织,19980527,
600156.SH,华升股份,20180730,4.37,4.47,4.6,4.32,4.42,1.1312,101113.33,45057.12,0.04999999999999982,湖南,纺织,19980527,
600156.SH,华升股份,20180727,4.26,4.42,4.52,4.22,4.3,2.7907,116526.48,51195.397,0.1200000000000001,湖南,纺织,19980527,
600156.SH,华升股份,20180726,4.2,4.3,4.33,4.15,4.22,1.8957,70916.18,30092.23,0.08000000000000007,湖南,纺织,19980527,
600156.SH,华升股份,20180725,4.2,4.22,4.26,4.15,4.27,-1.171,68134.85,28534.266,-0.04999999999999982,湖南,纺织,19980527,
600156.SH,华升股份,20180724,4.29,4.27,4.42,4.26,4.25,0.4706,79998.25,34430.949,0.019999999999999574,湖南,纺织,19980527,
600156.SH,华升股份,20180723,4.22,4.25,4.3,4.16,4.33,-1.8476,83860.25,35377.956,-0.08000000000000007,湖南,纺织,19980527,
600156.SH,华升股份,20180720,4.4,4.33,4.67,4.3,4.49,-3.5635,154688.07,68599.249,-0.16000000000000014,湖南,纺织,19980527,
600156.SH,华升股份,20180719,4.27,4.49,4.59,4.21,4.33,3.6952,180366.81,80173.52,0.16000000000000014,湖南,纺织,19980527,
600156.SH,华升股份,20180718,3.95,4.33,4.33,3.92,3.94,9.8985,123470.62,51676.688,0.3900000000000001,湖南,纺织,19980527,
600156.SH,华升股份,20180717,3.97,3.94,3.97,3.89,3.97,-0.7557,25701.06,10100.807,-0.03000000000000025,湖南,纺织,19980527,
600156.SH,华升股份,20180716,3.95,3.97,3.99,3.91,4.0,-0.75,22563.59,8915.539,-0.029999999999999805,湖南,纺织,19980527,
600156.SH,华升股份,20180713,3.98,4.0,4.06,3.9,4.12,-2.9126,57283.8,22714.689,-0.1200000000000001,湖南,纺织,19980527,
600156.SH,华升股份,20180712,4.13,4.12,4.17,3.96,4.1,0.4878,78874.3,32364.322,0.020000000000000462,湖南,纺织,19980527,
600156.SH,华升股份,20180711,4.11,4.1,4.27,4.0,4.0,2.5,96412.67,39941.935,0.09999999999999964,湖南,纺织,19980527,
600156.SH,华升股份,20180710,3.95,4.0,4.01,3.91,3.99,0.2506,38332.17,15140.284,0.009999999999999787,湖南,纺织,19980527,
600156.SH,华升股份,20180709,3.89,3.99,4.0,3.83,3.93,1.5267,43968.0,17309.428,0.06000000000000005,湖南,纺织,19980527,
600156.SH,华升股份,20180706,3.95,3.93,4.01,3.81,3.97,-1.0076,68300.0,26805.387,-0.040000000000000036,湖南,纺织,19980527,
600156.SH,华升股份,20180705,4.25,3.97,4.25,3.93,4.19,-5.2506,94048.19,38364.881,-0.2200000000000002,湖南,纺织,19980527,
600156.SH,华升股份,20180704,4.46,4.19,4.46,4.18,4.64,-9.6983,170108.56,73188.415,-0.4499999999999993,湖南,纺织,19980527,
600156.SH,华升股份,20180703,4.77,4.64,5.17,4.62,4.71,-1.4862,250746.7,122284.776,-0.07000000000000028,湖南,纺织,19980527,
600156.SH,华升股份,20180702,4.2,4.71,4.76,4.14,4.34,8.5253,177243.01,79244.929,0.3700000000000001,湖南,纺织,19980527,
600156.SH,华升股份,20180629,4.22,4.34,4.47,4.03,4.31,0.6961,129727.85,55216.009,0.03000000000000025,湖南,纺织,19980527,
600156.SH,华升股份,20180628,4.2,4.31,4.45,4.09,4.08,5.6373,151436.88,64296.469,0.22999999999999954,湖南,纺织,19980527,
600156.SH,华升股份,20180627,3.73,4.08,4.08,3.73,3.71,9.973,64083.68,25733.479,0.3700000000000001,湖南,纺织,19980527,
600156.SH,华升股份,20180626,3.7,3.71,3.75,3.61,3.71,0.0,14879.0,5519.116,0.0,湖南,纺织,19980527,
600156.SH,华升股份,20180625,3.73,3.71,3.77,3.69,3.72,-0.2688,9138.49,3405.539,-0.010000000000000231,湖南,纺织,19980527,
600156.SH,华升股份,20180622,3.71,3.72,3.77,3.65,3.71,0.2695,18049.38,6664.781,0.010000000000000231,湖南,纺织,19980527,
600156.SH,华升股份,20180621,3.88,3.71,3.88,3.66,3.88,-4.3814,10512.05,3969.141,-0.16999999999999993,湖南,纺织,19980527,
600156.SH,华升股份,20180620,3.75,3.88,3.96,3.75,3.8,2.1053,19506.33,7529.237,0.08000000000000007,湖南,纺织,19980527,
600156.SH,华升股份,20180619,4.07,3.8,4.1,3.75,4.12,-7.767,31581.0,12405.62,-0.3200000000000003,湖南,纺织,19980527,
600156.SH,华升股份,20180615,4.05,4.12,4.15,3.96,4.03,2.2333,20595.0,8280.883,0.08999999999999986,湖南,纺织,19980527,
600156.SH,华升股份,20180614,3.98,4.03,4.06,3.96,4.02,0.2488,8937.71,3579.668,0.010000000000000675,湖南,纺织,19980527,
600156.SH,华升股份,20180613,4.09,4.02,4.09,4.01,4.09,-1.7115,8630.0,3489.639,-0.07000000000000028,湖南,纺织,19980527,
600156.SH,华升股份,20180612,4.02,4.09,4.09,3.97,3.99,2.5063,9352.25,3779.824,0.09999999999999964,湖南,纺织,19980527,
600156.SH,华升股份,20180611,4.03,3.99,4.05,3.96,3.99,0.0,11133.26,4481.877,0.0,湖南,纺织,19980527,
600156.SH,华升股份,20180608,4.03,3.99,4.05,3.96,4.06,-1.7241,12512.01,5026.384,-0.0699999999999994,湖南,纺织,19980527,
600156.SH,华升股份,20180607,4.06,4.06,4.12,4.03,4.06,0.0,14099.0,5737.835,0.0,湖南,纺织,19980527,
600156.SH,华升股份,20180606,4.05,4.06,4.1,4.01,4.05,0.2469,8620.01,3498.746,0.009999999999999787,湖南,纺织,19980527,
600156.SH,华升股份,20180605,3.97,4.05,4.05,3.95,3.98,1.7588,12712.02,5093.117,0.06999999999999984,湖南,纺织,19980527,
600156.SH,华升股份,20180604,4.11,3.98,4.14,3.91,4.13,-3.632,20840.0,8350.685,-0.1499999999999999,湖南,纺织,19980527,
600156.SH,华升股份,20180601,4.03,4.13,4.22,4.02,4.07,1.4742,26360.72,10891.734,0.05999999999999961,湖南,纺织,19980527,
600156.SH,华升股份,20180531,3.95,4.07,4.07,3.94,3.94,3.2995,19684.0,7891.399,0.13000000000000034,湖南,纺织,19980527,
600156.SH,华升股份,20180530,4.08,3.94,4.11,3.88,4.16,-5.2885,28020.0,11222.774,-0.2200000000000002,湖南,纺织,19980527,
600156.SH,华升股份,20180529,4.1,4.16,4.21,4.08,4.15,0.241,15232.25,6341.704,0.009999999999999787,湖南,纺织,19980527,
600156.SH,华升股份,20180528,4.27,4.15,4.27,4.06,4.29,-3.2634,24022.0,10000.25,-0.13999999999999968,湖南,纺织,19980527,
600156.SH,华升股份,20180525,4.29,4.29,4.33,4.26,4.29,0.0,15142.05,6506.613,0.0,湖南,纺织,19980527,
600156.SH,华升股份,20180524,4.28,4.29,4.35,4.26,4.3,-0.2326,10544.0,4556.128,-0.009999999999999787,湖南,纺织,19980527,
600156.SH,华升股份,20180523,4.33,4.3,4.37,4.25,4.35,-1.1494,11882.0,5123.717,-0.04999999999999982,湖南,纺织,19980527,
600156.SH,华升股份,20180522,4.35,4.35,4.37,4.31,4.34,0.2304,10204.0,4435.945,0.009999999999999787,湖南,纺织,19980527,
600156.SH,华升股份,20180521,4.28,4.34,4.39,4.25,4.28,1.4019,20935.08,9076.842,0.05999999999999961,湖南,纺织,19980527,
600156.SH,华升股份,20180518,4.25,4.28,4.29,4.22,4.25,0.7059,12358.23,5255.391,0.03000000000000025,湖南,纺织,19980527,
600156.SH,华升股份,20180517,4.29,4.25,4.29,4.21,4.29,-0.9324,16675.0,7073.174,-0.040000000000000036,湖南,纺织,19980527,
600156.SH,华升股份,20180516,4.31,4.29,4.31,4.24,4.3,-0.2326,9867.87,4215.798,-0.009999999999999787,湖南,纺织,19980527,
600156.SH,华升股份,20180515,4.26,4.3,4.3,4.22,4.28,0.4673,13692.0,5841.915,0.019999999999999574,湖南,纺织,19980527,
600156.SH,华升股份,20180514,4.31,4.28,4.36,4.22,4.36,-1.8349,15025.7,6433.113,-0.08000000000000007,湖南,纺织,19980527,
600156.SH,华升股份,20180511,4.41,4.36,4.45,4.33,4.4,-0.9091,7982.0,3502.365,-0.040000000000000036,湖南,纺织,19980527,
600156.SH,华升股份,20180510,4.38,4.4,4.44,4.37,4.38,0.4566,11213.29,4941.764,0.020000000000000462,湖南,纺织,19980527,
600156.SH,华升股份,20180509,4.4,4.38,4.42,4.35,4.36,0.4587,8709.0,3810.926,0.019999999999999574,湖南,纺织,19980527,
600156.SH,华升股份,20180508,4.39,4.36,4.4,4.34,4.37,-0.2288,8684.02,3788.052,-0.009999999999999787,湖南,纺织,19980527,
600156.SH,华升股份,20180507,4.35,4.37,4.4,4.26,4.3,1.6279,15790.0,6871.264,0.07000000000000028,湖南,纺织,19980527,
600156.SH,华升股份,20180504,4.28,4.3,4.3,4.25,4.26,0.939,10084.86,4314.625,0.040000000000000036,湖南,纺织,19980527,
600156.SH,华升股份,20180503,4.21,4.26,4.29,4.2,4.23,0.7092,11679.0,4954.946,0.02999999999999936,湖南,纺织,19980527,
600156.SH,华升股份,20180502,4.24,4.23,4.32,4.21,4.23,0.0,8859.0,3762.053,0.0,湖南,纺织,19980527,
600156.SH,华升股份,20180427,4.26,4.23,4.3,4.21,4.22,0.237,9257.0,3923.421,0.010000000000000675,湖南,纺织,19980527,
600156.SH,华升股份,20180426,4.37,4.22,4.44,4.22,4.34,-2.765,14859.05,6358.244,-0.1200000000000001,湖南,纺织,19980527,
600156.SH,华升股份,20180425,4.27,4.34,4.37,4.26,4.34,0.0,13172.01,5682.815,0.0,湖南,纺织,19980527,
600156.SH,华升股份,20180424,4.32,4.34,4.41,4.29,4.31,0.6961,16882.3,7349.352,0.03000000000000025,湖南,纺织,19980527,
600156.SH,华升股份,20180423,4.34,4.31,4.37,4.25,4.35,-0.9195,11699.01,5035.645,-0.040000000000000036,湖南,纺织,19980527,
600156.SH,华升股份,20180420,4.33,4.35,4.41,4.27,4.41,-1.3605,12400.01,5386.797,-0.0600000000000005,湖南,纺织,19980527,
600156.SH,华升股份,20180419,4.43,4.41,4.43,4.37,4.42,-0.2262,14838.02,6531.449,-0.009999999999999787,湖南,纺织,19980527,
600156.SH,华升股份,20180418,4.41,4.42,4.5,4.32,4.41,0.2268,16945.7,7440.737,0.009999999999999787,湖南,纺织,19980527,
600156.SH,华升股份,20180417,4.57,4.41,4.57,4.32,4.48,-1.5625,23216.35,10242.168,-0.07000000000000028,湖南,纺织,19980527,
600156.SH,华升股份,20180416,4.61,4.48,4.65,4.46,4.6,-2.6087,15675.0,7105.87,-0.11999999999999922,湖南,纺织,19980527,
600156.SH,华升股份,20180413,4.61,4.6,4.67,4.58,4.59,0.2179,16695.01,7726.215,0.009999999999999787,湖南,纺织,19980527,
600156.SH,华升股份,20180412,4.64,4.59,4.73,4.58,4.64,-1.0776,16185.0,7527.799,-0.04999999999999982,湖南,纺织,19980527,
600156.SH,华升股份,20180411,4.6,4.64,4.68,4.54,4.57,1.5317,19861.24,9170.329,0.0699999999999994,湖南,纺织,19980527,
600156.SH,华升股份,20180410,4.6,4.57,4.64,4.5,4.57,0.0,17543.61,8026.221,0.0,湖南,纺织,19980527,
600156.SH,华升股份,20180409,4.65,4.57,4.69,4.55,4.7,-2.766,21700.0,9986.815,-0.1299999999999999,湖南,纺织,19980527,
600156.SH,华升股份,20180404,4.77,4.7,4.78,4.65,4.75,-1.0526,18737.96,8851.752,-0.04999999999999982,湖南,纺织,19980527,
600156.SH,华升股份,20180403,4.81,4.75,4.9,4.7,4.91,-3.2587,33422.0,15923.013,-0.16000000000000014,湖南,纺织,19980527,
600156.SH,华升股份,20180402,4.82,4.91,4.93,4.74,4.78,2.7197,36332.84,17498.69,0.1299999999999999,湖南,纺织,19980527,
600156.SH,华升股份,20180330,4.75,4.78,4.8,4.7,4.74,0.8439,19121.0,9067.468,0.040000000000000036,湖南,纺织,19980527,
600156.SH,华升股份,20180329,4.74,4.74,4.87,4.67,4.74,0.0,29481.66,14026.644,0.0,湖南,纺织,19980527,
600156.SH,华升股份,20180328,4.58,4.74,4.94,4.56,4.6,3.0435,49683.58,23657.123,0.14000000000000057,湖南,纺织,19980527,
600156.SH,华升股份,20180327,4.55,4.6,4.8,4.53,4.5,2.2222,46183.83,21453.249,0.09999999999999964,湖南,纺织,19980527,
600156.SH,华升股份,20180326,4.3,4.5,4.56,4.21,4.58,-1.7467,42289.96,18550.078,-0.08000000000000007,湖南,纺织,19980527,
600156.SH,华升股份,20180323,4.61,4.58,5.13,4.51,4.66,-1.7167,87778.87,41967.45,-0.08000000000000007,湖南,纺织,19980527,
600156.SH,华升股份,20180322,4.64,4.66,4.72,4.62,4.63,0.6479,19587.96,9131.777,0.03000000000000025,湖南,纺织,19980527,
600156.SH,华升股份,20180321,4.74,4.63,4.75,4.62,4.77,-2.935,32456.5,15189.989,-0.13999999999999968,湖南,纺织,19980527,
600156.SH,华升股份,20180320,4.48,4.77,4.79,4.46,4.5,6.0,59614.13,27723.665,0.2699999999999996,湖南,纺织,19980527,
600156.SH,华升股份,20180319,4.61,4.5,4.61,4.46,4.61,-2.3861,31799.67,14403.543,-0.11000000000000032,湖南,纺织,19980527,
600156.SH,华升股份,20180316,4.54,4.61,4.66,4.51,4.6,0.2174,19745.0,9148.287,0.010000000000000675,湖南,纺织,19980527,
600156.SH,华升股份,20180315,4.73,4.6,4.73,4.55,4.73,-2.7484,23212.05,10737.699,-0.13000000000000078,湖南,纺织,19980527,
600156.SH,华升股份,20180314,4.66,4.73,4.78,4.64,4.71,0.4246,31376.86,14765.758,0.020000000000000462,湖南,纺织,19980527,
600156.SH,华升股份,20180313,4.71,4.71,4.83,4.68,4.72,-0.2119,29901.0,14222.463,-0.009999999999999787,湖南,纺织,19980527,
600156.SH,华升股份,20180312,4.6,4.72,4.75,4.6,4.67,1.0707,22784.0,10681.45,0.04999999999999982,湖南,纺织,19980527,
600156.SH,华升股份,20180309,4.53,4.67,4.78,4.49,4.51,3.5477,47205.03,21908.821,0.16000000000000014,湖南,纺织,19980527,
600156.SH,华升股份,20180308,4.45,4.51,4.51,4.41,4.45,1.3483,19640.59,8780.891,0.05999999999999961,湖南,纺织,19980527,
600156.SH,华升股份,20180307,4.43,4.45,4.54,4.39,4.43,0.4515,21892.0,9754.777,0.020000000000000462,湖南,纺织,19980527,
600156.SH,华升股份,20180306,4.39,4.43,4.45,4.34,4.42,0.2262,17075.0,7543.708,0.009999999999999787,湖南,纺织,19980527,
600156.SH,华升股份,20180305,4.35,4.42,4.43,4.26,4.41,0.2268,29947.23,13057.869,0.009999999999999787,湖南,纺织,19980527,
600156.SH,华升股份,20180302,4.31,4.41,4.47,4.31,4.35,1.3793,28832.91,12708.136,0.0600000000000005,湖南,纺织,19980527,
600156.SH,华升股份,20180301,4.3,4.35,4.37,4.24,4.28,1.6355,29263.09,12604.831,0.0699999999999994,湖南,纺织,19980527,
600156.SH,华升股份,20180228,4.26,4.28,4.31,4.25,4.3,-0.4651,18819.01,8068.974,-0.019999999999999574,湖南,纺织,19980527,
600156.SH,华升股份,20180227,4.3,4.3,4.34,4.22,4.3,0.0,18224.8,7831.656,0.0,湖南,纺织,19980527,
600156.SH,华升股份,20180226,4.22,4.3,4.32,4.2,4.23,1.6548,26462.89,11330.406,0.0699999999999994,湖南,纺织,19980527,
600156.SH,华升股份,20180223,4.23,4.23,4.28,4.18,4.23,0.0,10502.8,4438.483,0.0,湖南,纺织,19980527,
600156.SH,华升股份,20180222,4.13,4.23,4.28,4.11,4.1,3.1707,21365.61,9003.243,0.13000000000000078,湖南,纺织,19980527,
600156.SH,华升股份,20180214,4.1,4.1,4.18,4.01,4.1,0.0,20239.0,8283.577,0.0,湖南,纺织,19980527,
600156.SH,华升股份,20180213,4.17,4.1,4.29,4.09,4.13,-0.7264,31311.0,13158.836,-0.03000000000000025,湖南,纺织,19980527,
600156.SH,华升股份,20180212,3.96,4.13,4.2,3.96,3.97,4.0302,29834.88,12321.811,0.1599999999999997,湖南,纺织,19980527,
600156.SH,华升股份,20180209,3.91,3.97,4.03,3.88,4.03,-1.4888,42388.86,16697.398,-0.06000000000000005,湖南,纺织,19980527,
600156.SH,华升股份,20180208,3.92,4.03,4.04,3.86,3.9,3.3333,23501.0,9371.934,0.13000000000000034,湖南,纺织,19980527,
600156.SH,华升股份,20180207,4.0,3.9,4.1,3.7,3.86,1.0363,30323.13,11727.234,0.040000000000000036,湖南,纺织,19980527,
600156.SH,华升股份,20180206,4.05,3.86,4.15,3.85,4.21,-8.3135,36824.0,14732.638,-0.3500000000000001,湖南,纺织,19980527,
600156.SH,华升股份,20180205,4.3,4.21,4.35,4.02,4.34,-2.9954,20081.13,8464.286,-0.1299999999999999,湖南,纺织,19980527,
600156.SH,华升股份,20180202,4.34,4.34,4.39,4.12,4.4,-1.3636,21399.9,9163.811,-0.0600000000000005,湖南,纺织,19980527,
600156.SH,华升股份,20180201,4.88,4.4,4.94,4.39,4.88,-9.8361,48958.32,22315.288,-0.47999999999999954,湖南,纺织,19980527,
600156.SH,华升股份,20180131,5.03,4.88,5.12,4.87,5.09,-4.1257,25265.15,12595.075,-0.20999999999999996,湖南,纺织,19980527,
600156.SH,华升股份,20180130,5.2,5.09,5.26,5.06,5.2,-2.1154,20845.67,10708.644,-0.11000000000000032,湖南,纺织,19980527,
600156.SH,华升股份,20180129,5.25,5.2,5.3,5.19,5.28,-1.5152,20717.92,10876.236,-0.08000000000000007,湖南,纺织,19980527,
600156.SH,华升股份,20180126,5.32,5.28,5.38,5.25,5.37,-1.676,23195.96,12294.867,-0.08999999999999986,湖南,纺织,19980527,
600156.SH,华升股份,20180125,5.38,5.37,5.43,5.32,5.38,-0.1859,16947.19,9121.954,-0.009999999999999787,湖南,纺织,19980527,
600156.SH,华升股份,20180124,5.36,5.38,5.4,5.31,5.36,0.3731,19709.48,10527.505,0.019999999999999574,湖南,纺织,19980527,
600156.SH,华升股份,20180123,5.35,5.36,5.37,5.31,5.37,-0.1862,13145.48,7013.917,-0.009999999999999787,湖南,纺织,19980527,
600156.SH,华升股份,20180122,5.31,5.37,5.38,5.28,5.37,0.0,13925.98,7419.385,0.0,湖南,纺织,19980527,
600156.SH,华升股份,20180119,5.45,5.37,5.46,5.37,5.43,-1.105,15052.5,8155.692,-0.05999999999999961,湖南,纺织,19980527,
600156.SH,华升股份,20180118,5.48,5.43,5.53,5.41,5.53,-1.8083,18467.76,10067.581,-0.10000000000000053,湖南,纺织,19980527,
600156.SH,华升股份,20180117,5.63,5.53,5.68,5.51,5.67,-2.4691,27635.94,15339.918,-0.13999999999999968,湖南,纺织,19980527,
600156.SH,华升股份,20180116,5.52,5.67,5.68,5.48,5.52,2.7174,49815.88,27810.358,0.15000000000000036,湖南,纺织,19980527,
600156.SH,华升股份,20180115,5.44,5.52,5.54,5.36,5.47,0.9141,30626.02,16723.57,0.04999999999999982,湖南,纺织,19980527,
600156.SH,华升股份,20180112,5.45,5.47,5.5,5.41,5.48,-0.1825,17892.09,9772.293,-0.010000000000000675,湖南,纺织,19980527,
600156.SH,华升股份,20180111,5.46,5.48,5.55,5.41,5.5,-0.3636,26978.47,14757.211,-0.019999999999999574,湖南,纺织,19980527,
600156.SH,华升股份,20180110,5.38,5.5,5.56,5.22,5.37,2.4209,84721.0,45877.488,0.1299999999999999,湖南,纺织,19980527,
600156.SH,华升股份,20180109,5.4,5.37,5.41,5.3,5.4,-0.5556,18592.11,9934.456,-0.03000000000000025,湖南,纺织,19980527,
600156.SH,华升股份,20180108,5.4,5.4,5.44,5.34,5.45,-0.9174,22984.02,12364.279,-0.04999999999999982,湖南,纺织,19980527,
600156.SH,华升股份,20180105,5.36,5.45,5.47,5.35,5.4,0.9259,19510.95,10572.401,0.04999999999999982,湖南,纺织,19980527,
600156.SH,华升股份,20180104,5.39,5.4,5.43,5.29,5.41,-0.1848,26654.0,14313.189,-0.009999999999999787,湖南,纺织,19980527,
600156.SH,华升股份,20180103,5.4,5.41,5.43,5.35,5.37,0.7449,18041.09,9729.673,0.040000000000000036,湖南,纺织,19980527,
600156.SH,华升股份,20180102,5.31,5.37,5.39,5.25,5.31,1.1299,15579.0,8332.056,0.0600000000000005,湖南,纺织,19980527,
600156.SH,华升股份,20171229,5.25,5.31,5.31,5.23,5.29,0.3781,11618.0,6132.476,0.019999999999999574,湖南,纺织,19980527,
600156.SH,华升股份,20171228,5.29,5.29,5.32,5.2,5.28,0.1894,15968.0,8418.327,0.009999999999999787,湖南,纺织,19980527,
600156.SH,华升股份,20171227,5.32,5.28,5.33,5.23,5.32,-0.7519,13578.03,7144.941,-0.040000000000000036,湖南,纺织,19980527,
600156.SH,华升股份,20171226,5.28,5.32,5.32,5.21,5.25,1.3333,10286.03,5419.757,0.07000000000000028,湖南,纺织,19980527,
600156.SH,华升股份,20171225,5.4,5.25,5.45,5.25,5.4,-2.7778,11013.0,5844.752,-0.15000000000000036,湖南,纺织,19980527,
600156.SH,华升股份,20171222,5.42,5.4,5.5,5.35,5.42,-0.369,10188.02,5511.043,-0.019999999999999574,湖南,纺织,19980527,
600156.SH,华升股份,20171221,5.45,5.42,5.47,5.35,5.45,-0.5505,11855.02,6407.341,-0.03000000000000025,湖南,纺织,19980527,
600156.SH,华升股份,20171220,5.45,5.45,5.55,5.42,5.5,-0.9091,8773.01,4794.997,-0.04999999999999982,湖南,纺织,19980527,
600156.SH,华升股份,20171219,5.44,5.5,5.54,5.4,5.4,1.8519,12544.73,6870.202,0.09999999999999964,湖南,纺织,19980527,
600156.SH,华升股份,20171218,5.52,5.4,5.55,5.39,5.54,-2.5271,16740.9,9126.178,-0.13999999999999968,湖南,纺织,19980527,
600156.SH,华升股份,20171215,5.62,5.54,5.63,5.47,5.68,-2.4648,33438.95,18584.062,-0.13999999999999968,湖南,纺织,19980527,
600156.SH,华升股份,20171214,5.4,5.68,5.69,5.36,5.4,5.1852,60667.72,33903.244,0.27999999999999936,湖南,纺织,19980527,
600156.SH,华升股份,20171213,5.28,5.4,5.42,5.22,5.27,2.4668,12825.77,6834.885,0.13000000000000078,湖南,纺织,19980527,
600156.SH,华升股份,20171212,5.38,5.27,5.45,5.16,5.38,-2.0446,13054.92,6924.969,-0.11000000000000032,湖南,纺织,19980527,
600156.SH,华升股份,20171211,5.35,5.38,5.42,5.3,5.36,0.3731,6724.01,3615.092,0.019999999999999574,湖南,纺织,19980527,
600156.SH,华升股份,20171208,5.24,5.36,5.37,5.23,5.26,1.9011,12736.0,6783.2,0.10000000000000053,湖南,纺织,19980527,
600156.SH,华升股份,20171207,5.29,5.26,5.31,5.2,5.3,-0.7547,10590.9,5575.381,-0.040000000000000036,湖南,纺织,19980527,
600156.SH,华升股份,20171206,5.34,5.3,5.34,5.12,5.24,1.145,16337.0,8576.381,0.05999999999999961,湖南,纺织,19980527,
600156.SH,华升股份,20171205,5.47,5.24,5.5,5.18,5.53,-5.2441,19197.0,10247.061,-0.29000000000000004,湖南,纺织,19980527,
600156.SH,华升股份,20171204,5.65,5.53,5.69,5.5,5.65,-2.1239,12584.0,7040.304,-0.1200000000000001,湖南,纺织,19980527,
600156.SH,华升股份,20171201,5.56,5.65,5.73,5.5,5.55,1.8018,16600.81,9341.803,0.10000000000000053,湖南,纺织,19980527,
600156.SH,华升股份,20171130,5.54,5.55,5.57,5.51,5.54,0.1805,10432.0,5783.605,0.009999999999999787,湖南,纺织,19980527,
600156.SH,华升股份,20171129,5.62,5.54,5.62,5.49,5.61,-1.2478,21308.07,11804.478,-0.07000000000000028,湖南,纺织,19980527,
600156.SH,华升股份,20171128,5.55,5.61,5.67,5.5,5.58,0.5376,28944.99,16121.214,0.03000000000000025,湖南,纺织,19980527,
600156.SH,华升股份,20171127,5.62,5.58,5.67,5.54,5.6,-0.3571,11588.0,6505.944,-0.019999999999999574,湖南,纺织,19980527,
600156.SH,华升股份,20171124,5.57,5.6,5.63,5.5,5.59,0.1789,14692.0,8207.567,0.009999999999999787,湖南,纺织,19980527,
600156.SH,华升股份,20171123,5.67,5.59,5.67,5.55,5.66,-1.2367,23148.22,12977.791,-0.07000000000000028,湖南,纺织,19980527,
600156.SH,华升股份,20171122,5.77,5.66,5.77,5.57,5.71,-0.8757,16669.0,9425.666,-0.04999999999999982,湖南,纺织,19980527,
600156.SH,华升股份,20171121,5.9,5.71,5.9,5.7,5.79,-1.3817,13051.01,7525.783,-0.08000000000000007,湖南,纺织,19980527,
600156.SH,华升股份,20171120,5.92,5.79,5.92,5.37,5.92,-2.1959,24915.11,14239.835,-0.1299999999999999,湖南,纺织,19980527,
600156.SH,华升股份,20171117,6.3,5.92,6.31,5.91,6.32,-6.3291,40980.85,24869.236,-0.40000000000000036,湖南,纺织,19980527,
600156.SH,华升股份,20171116,6.42,6.32,6.5,6.3,6.52,-3.0675,35341.08,22456.652,-0.1999999999999993,湖南,纺织,19980527,
600156.SH,华升股份,20171115,6.66,6.52,6.94,6.46,6.39,2.0344,63281.97,42168.217,0.1299999999999999,湖南,纺织,19980527,
600156.SH,华升股份,20171114,6.31,6.39,6.46,6.22,6.3,1.4286,21384.92,13488.127,0.08999999999999986,湖南,纺织,19980527,
600156.SH,华升股份,20171113,6.39,6.3,6.44,6.28,6.41,-1.7161,18390.01,11685.76,-0.11000000000000032,湖南,纺织,19980527,
600156.SH,华升股份,20171110,6.4,6.41,6.47,6.36,6.37,0.6279,15080.78,9680.971,0.040000000000000036,湖南,纺织,19980527,
600156.SH,华升股份,20171109,6.37,6.37,6.44,6.32,6.33,0.6319,12546.53,8013.105,0.040000000000000036,湖南,纺织,19980527,
600156.SH,华升股份,20171108,6.27,6.33,6.41,6.26,6.26,1.1182,18035.31,11440.899,0.07000000000000028,湖南,纺织,19980527,
600156.SH,华升股份,20171107,6.31,6.26,6.31,6.2,6.27,-0.1595,17222.0,10755.804,-0.009999999999999787,湖南,纺织,19980527,
600156.SH,华升股份,20171106,6.24,6.27,6.29,6.21,6.24,0.4808,17597.0,10991.785,0.02999999999999936,湖南,纺织,19980527,
600156.SH,华升股份,20171103,6.31,6.24,6.39,6.2,6.32,-1.2658,17167.0,10815.574,-0.08000000000000007,湖南,纺织,19980527,
600156.SH,华升股份,20171102,6.45,6.32,6.45,6.31,6.43,-1.7107,17530.0,11135.718,-0.10999999999999943,湖南,纺织,19980527,
600156.SH,华升股份,20171101,6.49,6.43,6.49,6.41,6.41,0.312,14839.65,9577.936,0.019999999999999574,湖南,纺织,19980527,
600156.SH,华升股份,20171031,6.39,6.41,6.48,6.39,6.39,0.313,15133.0,9736.759,0.020000000000000462,湖南,纺织,19980527,
600156.SH,华升股份,20171030,6.73,6.39,6.73,6.3,6.72,-4.9107,32760.46,21123.676,-0.33000000000000007,湖南,纺织,19980527,
600156.SH,华升股份,20171027,6.8,6.72,6.83,6.72,6.77,-0.7386,9665.0,6533.744,-0.04999999999999982,湖南,纺织,19980527,
600156.SH,华升股份,20171026,6.78,6.77,6.83,6.73,6.72,0.744,17330.85,11777.128,0.04999999999999982,湖南,纺织,19980527,
600156.SH,华升股份,20171025,6.71,6.72,6.79,6.7,6.71,0.149,9597.1,6468.788,0.009999999999999787,湖南,纺织,19980527,
600156.SH,华升股份,20171024,6.78,6.71,6.81,6.65,6.77,-0.8863,17775.15,11970.571,-0.05999999999999961,湖南,纺织,19980527,
600156.SH,华升股份,20171023,6.92,6.77,6.92,6.74,6.85,-1.1679,18624.98,12634.828,-0.08000000000000007,湖南,纺织,19980527,
600156.SH,华升股份,20171020,6.79,6.85,6.96,6.76,6.78,1.0324,12318.95,8401.919,0.0699999999999994,湖南,纺织,19980527,
600156.SH,华升股份,20171019,6.96,6.78,6.96,6.76,6.95,-2.446,13640.0,9349.437,-0.16999999999999993,湖南,纺织,19980527,
600156.SH,华升股份,20171018,7.02,6.95,7.05,6.94,6.98,-0.4298,15862.0,11102.282,-0.03000000000000025,湖南,纺织,19980527,
600156.SH,华升股份,20171017,6.91,6.98,7.0,6.87,6.96,0.2874,14298.12,9945.807,0.020000000000000462,湖南,纺织,19980527,
600156.SH,华升股份,20171016,7.16,6.96,7.16,6.9,7.13,-2.3843,24951.0,17476.836,-0.16999999999999993,湖南,纺织,19980527,
600156.SH,华升股份,20171013,7.1,7.13,7.13,7.05,7.1,0.4225,14631.69,10368.714,0.03000000000000025,湖南,纺织,19980527,
600156.SH,华升股份,20171012,7.07,7.1,7.13,7.04,7.09,0.141,15907.84,11265.839,0.009999999999999787,湖南,纺织,19980527,
600156.SH,华升股份,20171011,7.19,7.09,7.27,7.07,7.19,-1.3908,21764.41,15541.546,-0.10000000000000053,湖南,纺织,19980527,
600156.SH,华升股份,20171010,7.05,7.19,7.24,7.03,7.03,2.276,23759.39,16967.389,0.16000000000000014,湖南,纺织,19980527,
600156.SH,华升股份,20171009,6.96,7.03,7.08,6.96,6.89,2.0319,16871.0,11850.521,0.14000000000000057,湖南,纺织,19980527,
600156.SH,华升股份,20170929,6.89,6.89,7.0,6.86,6.89,0.0,17444.0,12096.295,0.0,湖南,纺织,19980527,
600156.SH,华升股份,20170928,7.02,6.89,7.03,6.88,7.01,-1.7118,18285.11,12723.193,-0.1200000000000001,湖南,纺织,19980527,
600156.SH,华升股份,20170927,6.91,7.01,7.07,6.91,6.98,0.4298,24099.6,16834.202,0.02999999999999936,湖南,纺织,19980527,
600156.SH,华升股份,20170926,7.15,6.98,7.17,6.44,7.15,-2.3776,33962.48,23706.393,-0.16999999999999993,湖南,纺织,19980527,
600156.SH,华升股份,20170925,7.3,7.15,7.34,7.11,7.3,-2.0548,18927.0,13684.886,-0.14999999999999947,湖南,纺织,19980527,
600156.SH,华升股份,20170922,7.36,7.3,7.44,7.26,7.44,-1.8817,29107.0,21393.589,-0.14000000000000057,湖南,纺织,19980527,
600156.SH,华升股份,20170921,7.31,7.44,7.49,7.19,7.34,1.3624,62979.53,46266.843,0.10000000000000053,湖南,纺织,19980527,
600156.SH,华升股份,20170920,7.36,7.34,7.4,7.22,7.4,-0.8108,37623.9,27528.449,-0.0600000000000005,湖南,纺织,19980527,
600156.SH,华升股份,20170919,7.4,7.4,7.46,7.33,7.45,-0.6711,34050.6,25153.351,-0.04999999999999982,湖南,纺织,19980527,
600156.SH,华升股份,20170918,7.29,7.45,7.46,7.18,7.31,1.9152,47040.98,34593.096,0.14000000000000057,湖南,纺织,19980527,
600156.SH,华升股份,20170915,7.25,7.31,7.33,7.13,7.22,1.2465,40465.69,29329.655,0.08999999999999986,湖南,纺织,19980527,
600156.SH,华升股份,20170914,7.0,7.22,7.72,6.97,7.02,2.849,74792.56,54427.727,0.20000000000000018,湖南,纺织,19980527,
600156.SH,华升股份,20170913,7.01,7.02,7.04,6.95,6.98,0.5731,16780.02,11732.777,0.03999999999999915,湖南,纺织,19980527,
600156.SH,华升股份,20170912,7.08,6.98,7.1,6.96,7.07,-1.273,26681.94,18681.596,-0.08999999999999986,湖南,纺织,19980527,
600156.SH,华升股份,20170911,7.04,7.07,7.12,7.0,6.99,1.1445,29677.01,20998.328,0.08000000000000007,湖南,纺织,19980527,
600156.SH,华升股份,20170908,6.97,6.99,7.02,6.94,6.97,0.2869,24010.7,16785.323,0.020000000000000462,湖南,纺织,19980527,
600156.SH,华升股份,20170907,7.05,6.97,7.05,6.95,7.04,-0.9943,30338.0,21231.283,-0.07000000000000028,湖南,纺织,19980527,
600156.SH,华升股份,20170906,7.02,7.04,7.06,6.95,7.07,-0.4243,26251.32,18375.299,-0.03000000000000025,湖南,纺织,19980527,
600156.SH,华升股份,20170905,7.07,7.07,7.12,7.03,7.12,-0.7022,23951.81,16951.664,-0.04999999999999982,湖南,纺织,19980527,
600156.SH,华升股份,20170904,6.99,7.12,7.14,6.93,6.95,2.446,56254.3,39761.448,0.16999999999999993,湖南,纺织,19980527,
600156.SH,华升股份,20170901,7.0,6.95,7.04,6.91,7.03,-1.138,35034.01,24386.562,-0.08000000000000007,湖南,纺织,19980527,
600156.SH,华升股份,20170831,7.12,7.03,7.14,6.91,7.15,-1.6783,69180.18,48399.21,-0.1200000000000001,湖南,纺织,19980527,
600156.SH,华升股份,20170830,6.91,7.15,7.49,6.87,6.9,3.6232,134721.17,97429.846,0.25,湖南,纺织,19980527,
600156.SH,华升股份,20170829,6.93,6.9,6.95,6.87,6.9,0.0,22564.9,15595.139,0.0,湖南,纺织,19980527,
600156.SH,华升股份,20170828,6.84,6.9,6.96,6.84,6.83,1.0249,30655.71,21203.074,0.07000000000000028,湖南,纺织,19980527,
600156.SH,华升股份,20170825,6.7,6.83,6.87,6.7,6.77,0.8863,20716.31,14153.035,0.0600000000000005,湖南,纺织,19980527,
600156.SH,华升股份,20170824,6.76,6.77,6.85,6.74,6.77,0.0,17174.1,11662.03,0.0,湖南,纺织,19980527,
600156.SH,华升股份,20170823,6.77,6.77,6.83,6.7,6.81,-0.5874,21943.1,14840.826,-0.040000000000000036,湖南,纺织,19980527,
600156.SH,华升股份,20170822,6.9,6.81,6.92,6.79,6.86,-0.7289,27001.15,18459.387,-0.05000000000000071,湖南,纺织,19980527,
600156.SH,华升股份,20170821,6.78,6.86,6.9,6.74,6.81,0.7342,32192.75,21983.92,0.05000000000000071,湖南,纺织,19980527,
600156.SH,华升股份,20170818,6.8,6.81,6.87,6.74,6.85,-0.5839,17677.0,12029.187,-0.040000000000000036,湖南,纺织,19980527,
600156.SH,华升股份,20170817,6.82,6.85,6.87,6.76,6.79,0.8837,22646.49,15427.887,0.05999999999999961,湖南,纺织,19980527,
600156.SH,华升股份,20170816,6.74,6.79,6.8,6.65,6.7,1.3433,15406.96,10389.29,0.08999999999999986,湖南,纺织,19980527,
600156.SH,华升股份,20170815,6.68,6.7,6.75,6.64,6.66,0.6006,11073.0,7411.401,0.040000000000000036,湖南,纺织,19980527,
600156.SH,华升股份,20170814,6.54,6.66,6.69,6.54,6.56,1.5244,12975.01,8624.899,0.10000000000000053,湖南,纺织,19980527,
600156.SH,华升股份,20170811,6.66,6.56,6.71,6.53,6.69,-1.9432,20255.21,13461.755,-0.13000000000000078,湖南,纺织,19980527,
600156.SH,华升股份,20170810,6.9,6.69,6.93,6.68,6.93,-3.4632,32472.78,21991.226,-0.23999999999999932,湖南,纺织,19980527,
600156.SH,华升股份,20170809,6.85,6.93,6.96,6.73,6.79,2.0619,26164.0,17937.351,0.13999999999999968,湖南,纺织,19980527,
600156.SH,华升股份,20170808,6.78,6.79,6.81,6.73,6.78,0.1475,17251.63,11666.954,0.009999999999999787,湖南,纺织,19980527,
600156.SH,华升股份,20170807,6.76,6.78,6.84,6.72,6.76,0.2959,15463.0,10494.75,0.020000000000000462,湖南,纺织,19980527,
600156.SH,华升股份,20170804,6.79,6.76,6.81,6.68,6.78,-0.295,20427.01,13768.241,-0.020000000000000462,湖南,纺织,19980527,
600156.SH,华升股份,20170803,6.71,6.78,6.86,6.62,6.71,1.0432,17954.07,12178.703,0.07000000000000028,湖南,纺织,19980527,
600156.SH,华升股份,20170802,6.82,6.71,6.87,6.68,6.82,-1.6129,13602.74,9221.8,-0.11000000000000032,湖南,纺织,19980527,
600156.SH,华升股份,20170801,6.79,6.82,6.84,6.75,6.78,0.59,12228.0,8330.982,0.040000000000000036,湖南,纺织,19980527,
600156.SH,华升股份,20170731,6.71,6.78,6.83,6.69,6.78,0.0,17557.57,11849.197,0.0,湖南,纺织,19980527,
600156.SH,华升股份,20170728,6.89,6.78,6.99,6.75,6.89,-1.5965,17613.01,12061.406,-0.10999999999999943,湖南,纺织,19980527,
600156.SH,华升股份,20170727,6.7,6.89,6.94,6.68,6.73,2.3774,23898.34,16335.268,0.15999999999999925,湖南,纺织,19980527,
600156.SH,华升股份,20170726,6.71,6.73,6.77,6.69,6.78,-0.7375,12255.79,8242.989,-0.04999999999999982,湖南,纺织,19980527,
600156.SH,华升股份,20170725,6.75,6.78,6.86,6.7,6.74,0.5935,14934.71,10103.108,0.040000000000000036,湖南,纺织,19980527,
600156.SH,华升股份,20170724,6.66,6.74,6.77,6.55,6.69,0.7474,12962.0,8697.841,0.04999999999999982,湖南,纺织,19980527,
600156.SH,华升股份,20170721,6.72,6.69,6.77,6.61,6.76,-1.0355,17842.72,11945.657,-0.0699999999999994,湖南,纺织,19980527,
600156.SH,华升股份,20170720,6.73,6.76,6.84,6.68,6.73,0.4458,24468.97,16581.045,0.02999999999999936,湖南,纺织,19980527,
600156.SH,华升股份,20170719,6.64,6.73,6.75,6.5,6.65,1.203,16499.1,11001.587,0.08000000000000007,湖南,纺织,19980527,
600156.SH,华升股份,20170718,6.42,6.65,6.67,6.4,6.42,3.5826,24936.66,16242.129,0.23000000000000043,湖南,纺织,19980527,
600156.SH,华升股份,20170717,6.97,6.42,7.0,6.39,6.98,-8.0229,35677.16,23462.666,-0.5600000000000005,湖南,纺织,19980527,
600156.SH,华升股份,20170714,7.03,6.98,7.09,6.92,7.02,-0.5698,15930.15,11171.773,-0.03999999999999915,湖南,纺织,19980527,
600156.SH,华升股份,20170713,7.02,7.02,7.1,6.95,7.06,-0.5666,16388.89,11513.389,-0.040000000000000036,湖南,纺织,19980527,
600156.SH,华升股份,20170712,7.08,7.06,7.11,6.8,7.08,-0.2825,32135.5,22440.836,-0.020000000000000462,湖南,纺织,19980527,
600156.SH,华升股份,20170711,7.2,7.08,7.21,7.07,7.2,-1.6667,23296.92,16647.652,-0.1200000000000001,湖南,纺织,19980527,
600156.SH,华升股份,20170710,7.51,7.2,7.51,7.17,7.51,-4.1278,42941.03,31503.433,-0.3099999999999996,湖南,纺织,19980527,
600156.SH,华升股份,20170707,7.57,7.51,7.59,7.48,7.52,-0.133,17335.58,13043.841,-0.009999999999999787,湖南,纺织,19980527,
600156.SH,华升股份,20170706,7.59,7.52,7.63,7.48,7.61,-1.1827,20499.57,15471.313,-0.09000000000000075,湖南,纺织,19980527,
600156.SH,华升股份,20170705,7.54,7.61,7.65,7.52,7.59,0.2635,26240.14,19921.905,0.020000000000000462,湖南,纺织,19980527,
600156.SH,华升股份,20170704,7.63,7.59,7.69,7.53,7.65,-0.7843,19463.0,14803.234,-0.0600000000000005,湖南,纺织,19980527,
600156.SH,华升股份,20170703,7.56,7.65,7.67,7.5,7.54,1.4589,26354.08,19910.511,0.11000000000000032,湖南,纺织,19980527,
600156.SH,华升股份,20170630,7.56,7.54,7.63,7.51,7.59,-0.6588,18718.21,14145.217,-0.04999999999999982,湖南,纺织,19980527,
600156.SH,华升股份,20170629,7.65,7.59,7.77,7.56,7.61,-0.2628,30470.33,23315.644,-0.020000000000000462,湖南,纺织,19980527,
600156.SH,华升股份,20170628,7.77,7.61,7.81,7.6,7.87,-3.3037,42051.85,32269.695,-0.2599999999999998,湖南,纺织,19980527,
600156.SH,华升股份,20170627,7.51,7.87,7.92,7.43,7.47,5.3548,62116.82,47747.909,0.40000000000000036,湖南,纺织,19980527,
600156.SH,华升股份,20170626,7.62,7.47,7.65,7.38,7.56,-1.1905,42783.69,32214.164,-0.08999999999999986,湖南,纺织,19980527,
600156.SH,华升股份,20170623,8.05,7.56,8.05,7.45,7.88,-4.0609,77612.8,59509.259,-0.3200000000000003,湖南,纺织,19980527,
600156.SH,华升股份,20170622,8.1,7.88,8.94,7.8,8.22,-4.1363,127256.0,103472.017,-0.34000000000000075,湖南,纺织,19980527,
600156.SH,华升股份,20170621,7.58,8.22,8.28,7.47,7.53,9.1633,91580.53,71410.155,0.6900000000000004,湖南,纺织,19980527,
600156.SH,华升股份,20170620,7.42,7.53,7.54,7.38,7.44,1.2097,43558.0,32505.354,0.08999999999999986,湖南,纺织,19980527,
600156.SH,华升股份,20170619,7.27,7.44,7.53,7.21,7.27,2.3384,38735.03,28646.292,0.17000000000000082,湖南,纺织,19980527,
600156.SH,华升股份,20170616,7.19,7.27,7.28,7.14,7.21,0.8322,26173.91,18844.836,0.05999999999999961,湖南,纺织,19980527,
600156.SH,华升股份,20170615,7.07,7.21,7.23,7.04,7.09,1.6925,28657.74,20565.43,0.1200000000000001,湖南,纺织,19980527,
600156.SH,华升股份,20170614,7.03,7.09,7.15,7.02,7.08,0.1412,18240.34,12900.686,0.009999999999999787,湖南,纺织,19980527,
600156.SH,华升股份,20170613,6.97,7.08,7.13,6.82,6.88,2.907,30141.21,21205.736,0.20000000000000018,湖南,纺织,19980527,
600156.SH,华升股份,20170612,7.0,6.88,7.0,6.84,7.01,-1.8545,22217.29,15297.315,-0.1299999999999999,湖南,纺织,19980527,
600156.SH,华升股份,20170609,7.04,7.01,7.04,6.9,7.04,-0.4261,23693.06,16487.685,-0.03000000000000025,湖南,纺织,19980527,
600156.SH,华升股份,20170608,7.04,7.04,7.15,7.01,7.01,0.428,27979.34,19803.005,0.03000000000000025,湖南,纺织,19980527,
600156.SH,华升股份,20170607,6.89,7.01,7.05,6.81,6.83,2.6354,20616.24,14357.747,0.17999999999999972,湖南,纺织,19980527,
600156.SH,华升股份,20170606,6.73,6.83,6.96,6.65,6.74,1.3353,19957.99,13617.038,0.08999999999999986,湖南,纺织,19980527,
600156.SH,华升股份,20170605,6.57,6.74,6.82,6.57,6.61,1.9667,22164.64,14955.734,0.1299999999999999,湖南,纺织,19980527,
600156.SH,华升股份,20170602,6.52,6.61,6.66,6.35,6.39,3.4429,30546.65,19885.065,0.22000000000000064,湖南,纺织,19980527,
600156.SH,华升股份,20170601,6.96,6.39,6.96,6.37,6.85,-6.7153,23974.76,15988.107,-0.45999999999999996,湖南,纺织,19980527,
600156.SH,华升股份,20170531,7.02,6.85,7.09,6.83,6.93,-1.1544,23766.0,16575.607,-0.08000000000000007,湖南,纺织,19980527,
600156.SH,华升股份,20170526,6.9,6.93,6.96,6.84,6.89,0.5806,19096.1,13188.614,0.040000000000000036,湖南,纺织,19980527,
600156.SH,华升股份,20170525,6.77,6.89,6.91,6.62,6.76,1.9231,25288.3,17055.909,0.1299999999999999,湖南,纺织,19980527,
600156.SH,华升股份,20170524,6.73,6.76,6.84,6.51,6.73,0.4458,20808.07,13934.754,0.02999999999999936,湖南,纺织,19980527,
600156.SH,华升股份,20170523,7.1,6.73,7.13,6.65,7.05,-4.539,36162.18,24760.959,-0.3199999999999994,湖南,纺织,19980527,
600156.SH,华升股份,20170522,7.54,7.05,7.55,6.92,7.54,-6.4987,35347.7,25608.01,-0.4900000000000002,湖南,纺织,19980527,
600156.SH,华升股份,20170519,7.58,7.54,7.6,7.49,7.55,-0.1325,16672.0,12572.266,-0.009999999999999787,湖南,纺织,19980527,
600156.SH,华升股份,20170518,7.5,7.55,7.7,7.41,7.53,0.2656,24470.51,18591.456,0.019999999999999574,湖南,纺织,19980527,
600156.SH,华升股份,20170517,7.56,7.53,7.72,7.46,7.52,0.133,33567.82,25492.592,0.010000000000000675,湖南,纺织,19980527,
600156.SH,华升股份,20170516,7.35,7.52,7.55,7.15,7.35,2.3129,35897.43,26429.35,0.16999999999999993,湖南,纺织,19980527,
600156.SH,华升股份,20170515,7.32,7.35,7.44,7.31,7.35,0.0,15560.75,11465.076,0.0,湖南,纺织,19980527,
600156.SH,华升股份,20170512,7.35,7.35,7.51,7.28,7.45,-1.3423,21815.44,16097.671,-0.10000000000000053,湖南,纺织,19980527,
600156.SH,华升股份,20170511,7.7,7.45,7.78,7.23,7.72,-3.4974,36448.29,27239.94,-0.2699999999999996,湖南,纺织,19980527,
600156.SH,华升股份,20170510,7.87,7.72,8.03,7.7,7.87,-1.906,31061.55,24493.517,-0.15000000000000036,湖南,纺织,19980527,
600156.SH,华升股份,20170509,7.74,7.87,7.9,7.63,7.67,2.6076,27827.0,21536.655,0.20000000000000018,湖南,纺织,19980527,
600156.SH,华升股份,20170508,7.89,7.67,7.94,7.58,7.77,-1.287,20581.61,16108.033,-0.09999999999999964,湖南,纺织,19980527,
600156.SH,华升股份,20170505,8.02,7.77,8.14,7.7,8.11,-4.1924,26412.0,21021.702,-0.33999999999999986,湖南,纺织,19980527,
600156.SH,华升股份,20170504,8.22,8.11,8.3,8.0,8.24,-1.5777,21456.01,17541.81,-0.13000000000000078,湖南,纺织,19980527,
600156.SH,华升股份,20170503,8.29,8.24,8.45,8.21,8.31,-0.8424,18695.0,15489.624,-0.07000000000000028,湖南,纺织,19980527,
600156.SH,华升股份,20170502,8.36,8.31,8.39,8.16,8.3,0.1205,21921.61,18175.547,0.009999999999999787,湖南,纺织,19980527,
600156.SH,华升股份,20170428,7.93,8.3,8.35,7.91,8.04,3.2338,42101.68,34533.735,0.26000000000000156,湖南,纺织,19980527,
600156.SH,华升股份,20170427,8.04,8.04,8.06,7.5,8.09,-0.618,47263.75,37067.787,-0.05000000000000071,湖南,纺织,19980527,
600156.SH,华升股份,20170426,7.98,8.09,8.35,7.91,7.92,2.1465,38912.79,31664.642,0.16999999999999993,湖南,纺织,19980527,
600156.SH,华升股份,20170425,7.93,7.92,8.05,7.8,7.88,0.5076,24053.06,19075.927,0.040000000000000036,湖南,纺织,19980527,
600156.SH,华升股份,20170424,8.32,7.88,8.41,7.86,8.41,-6.302,33459.29,26947.725,-0.5300000000000002,湖南,纺织,19980527,
600156.SH,华升股份,20170421,8.85,8.41,8.89,8.0,8.84,-4.8643,45865.19,39063.23,-0.4299999999999997,湖南,纺织,19980527,
600156.SH,华升股份,20170420,8.92,8.84,9.01,8.76,8.92,-0.8969,21883.33,19452.605,-0.08000000000000007,湖南,纺织,19980527,
600156.SH,华升股份,20170419,9.05,8.92,9.29,8.9,9.09,-1.8702,37360.6,33820.88,-0.16999999999999993,湖南,纺织,19980527,
600156.SH,华升股份,20170418,9.47,9.09,9.56,9.08,9.47,-4.0127,55974.27,52145.434,-0.3800000000000008,湖南,纺织,19980527,
600156.SH,华升股份,20170417,9.76,9.47,9.88,9.43,9.76,-2.9713,36290.64,34683.766,-0.28999999999999915,湖南,纺织,19980527,
600156.SH,华升股份,20170414,10.11,9.76,10.18,9.74,10.06,-2.9821,35178.57,34790.785,-0.3000000000000007,湖南,纺织,19980527,
600156.SH,华升股份,20170413,10.1,10.06,10.23,10.02,10.07,-0.0993,30770.57,31166.096,-0.009999999999999787,湖南,纺织,19980527,
600156.SH,华升股份,20170412,10.01,10.07,10.18,9.86,10.06,0.0994,47612.09,47708.364,0.009999999999999787,湖南,纺织,19980527,
600156.SH,华升股份,20170411,10.21,10.06,10.21,9.75,10.12,-0.5929,48640.7,48288.36,-0.05999999999999872,湖南,纺织,19980527,
600156.SH,华升股份,20170410,10.32,10.12,10.37,10.0,10.32,-1.938,37772.96,38533.486,-0.20000000000000107,湖南,纺织,19980527,
600156.SH,华升股份,20170407,10.34,10.32,10.45,10.28,10.29,0.2915,29815.74,30878.933,0.030000000000001137,湖南,纺织,19980527,
600156.SH,华升股份,20170406,10.25,10.29,10.44,10.18,10.24,0.4883,47008.54,48617.397,0.049999999999998934,湖南,纺织,19980527,
600156.SH,华升股份,20170405,10.14,10.24,10.38,10.1,10.01,2.2977,53489.45,54818.12,0.23000000000000043,湖南,纺织,19980527,
600156.SH,华升股份,20170331,9.96,10.01,10.15,9.96,10.02,-0.0998,22184.0,22292.801,-0.009999999999999787,湖南,纺织,19980527,
600156.SH,华升股份,20170330,10.32,10.02,10.41,10.0,10.36,-3.2819,34483.65,35169.752,-0.33999999999999986,湖南,纺织,19980527,
600156.SH,华升股份,20170329,10.37,10.36,10.48,10.34,10.43,-0.6711,19498.54,20306.501,-0.07000000000000028,湖南,纺织,19980527,
600156.SH,华升股份,20170328,10.58,10.43,10.61,10.3,10.59,-1.5109,37167.46,38745.188,-0.16000000000000014,湖南,纺织,19980527,
600156.SH,华升股份,20170327,10.73,10.59,10.75,10.54,10.71,-1.1204,25113.26,26707.67,-0.120000000000001,湖南,纺织,19980527,
600156.SH,华升股份,20170324,10.66,10.71,10.74,10.6,10.66,0.469,24752.41,26414.008,0.05000000000000071,湖南,纺织,19980527,
600156.SH,华升股份,20170323,10.7,10.66,10.82,10.51,10.73,-0.6524,28695.59,30673.994,-0.07000000000000028,湖南,纺织,19980527,
600156.SH,华升股份,20170322,10.96,10.73,11.04,10.68,11.1,-3.3333,74529.21,80604.07,-0.3699999999999992,湖南,纺织,19980527,
600156.SH,华升股份,20170321,11.01,11.1,11.18,10.87,11.01,0.8174,107873.34,118614.375,0.08999999999999986,湖南,纺织,19980527,
600156.SH,华升股份,20170320,10.54,11.01,11.28,10.53,10.64,3.4774,97861.81,106342.936,0.3699999999999992,湖南,纺织,19980527,
600156.SH,华升股份,20170317,10.63,10.64,10.74,10.61,10.66,-0.1876,37100.95,39559.154,-0.019999999999999574,湖南,纺织,19980527,
600156.SH,华升股份,20170316,10.75,10.66,10.81,10.62,10.67,-0.0937,31769.28,34125.23,-0.009999999999999787,湖南,纺织,19980527,
600156.SH,华升股份,20170315,10.66,10.67,10.78,10.6,10.67,0.0,25998.13,27718.975,0.0,湖南,纺织,19980527,
600156.SH,华升股份,20170314,10.81,10.67,10.86,10.64,10.83,-1.4774,41975.08,45085.126,-0.16000000000000014,湖南,纺织,19980527,
600156.SH,华升股份,20170313,10.99,10.83,11.0,10.76,11.08,-2.2563,52135.43,56569.897,-0.25,湖南,纺织,19980527,
600156.SH,华升股份,20170310,10.69,11.08,11.16,10.58,10.63,4.2333,78765.24,85878.616,0.4499999999999993,湖南,纺织,19980527,
600156.SH,华升股份,20170309,10.74,10.63,10.77,10.55,10.74,-1.0242,29666.93,31626.745,-0.10999999999999943,湖南,纺织,19980527,
600156.SH,华升股份,20170308,10.67,10.74,10.79,10.55,10.67,0.656,30386.01,32435.164,0.07000000000000028,湖南,纺织,19980527,
600156.SH,华升股份,20170307,10.78,10.67,10.86,10.63,10.74,-0.6518,37807.31,40519.952,-0.07000000000000028,湖南,纺织,19980527,
600156.SH,华升股份,20170306,10.85,10.74,10.9,10.65,10.8,-0.5556,54473.49,58563.114,-0.0600000000000005,湖南,纺织,19980527,
600156.SH,华升股份,20170303,10.68,10.8,10.9,10.68,10.75,0.4651,30685.26,33204.641,0.05000000000000071,湖南,纺织,19980527,
600156.SH,华升股份,20170302,10.96,10.75,11.04,10.65,10.99,-2.1838,33763.96,36635.94,-0.2400000000000002,湖南,纺织,19980527,
600156.SH,华升股份,20170301,10.91,10.99,11.05,10.9,10.97,0.1823,34559.97,37972.717,0.019999999999999574,湖南,纺织,19980527,
600156.SH,华升股份,20170228,10.96,10.97,11.09,10.88,10.96,0.0912,29427.71,32405.102,0.009999999999999787,湖南,纺织,19980527,
600156.SH,华升股份,20170227,11.11,10.96,11.23,10.86,11.15,-1.704,26254.0,29239.088,-0.1899999999999995,湖南,纺织,19980527,
600156.SH,华升股份,20170224,11.04,11.15,11.19,11.04,11.1,0.4505,22065.25,24537.219,0.05000000000000071,湖南,纺织,19980527,
600156.SH,华升股份,20170223,11.17,11.1,11.22,11.05,11.19,-0.8043,21677.86,24122.012,-0.08999999999999986,湖南,纺织,19980527,
600156.SH,华升股份,20170222,11.12,11.19,11.22,11.02,11.16,0.2688,38755.31,43157.969,0.02999999999999936,湖南,纺织,19980527,
600156.SH,华升股份,20170221,11.03,11.16,11.22,10.83,11.02,1.2704,50442.94,55752.345,0.14000000000000057,湖南,纺织,19980527,
600156.SH,华升股份,20170220,11.09,11.02,11.09,10.82,11.1,-0.7207,36204.46,39675.737,-0.08000000000000007,湖南,纺织,19980527,
600156.SH,华升股份,20170217,11.0,11.1,11.27,10.97,11.02,0.726,40210.14,44767.154,0.08000000000000007,湖南,纺织,19980527,
600156.SH,华升股份,20170216,10.81,11.02,11.06,10.81,10.88,1.2868,38490.02,42190.659,0.1399999999999988,湖南,纺织,19980527,
600156.SH,华升股份,20170215,10.94,10.88,10.99,10.81,10.89,-0.0918,25923.76,28247.875,-0.009999999999999787,湖南,纺织,19980527,
600156.SH,华升股份,20170214,10.89,10.89,10.96,10.84,10.92,-0.2747,20515.75,22348.36,-0.02999999999999936,湖南,纺织,19980527,
600156.SH,华升股份,20170213,10.84,10.92,11.0,10.79,10.84,0.738,43539.77,47472.55,0.08000000000000007,湖南,纺织,19980527,
600156.SH,华升股份,20170210,10.93,10.84,10.97,10.77,10.95,-1.0046,21413.96,23233.827,-0.10999999999999943,湖南,纺织,19980527,
600156.SH,华升股份,20170209,10.84,10.95,10.98,10.78,10.83,1.108,30132.75,32739.18,0.11999999999999922,湖南,纺织,19980527,
600156.SH,华升股份,20170208,10.88,10.83,10.94,10.59,10.91,-0.7333,24173.61,25961.739,-0.08000000000000007,湖南,纺织,19980527,
600156.SH,华升股份,20170207,10.84,10.91,10.98,10.78,10.87,0.368,24566.02,26796.086,0.040000000000000924,湖南,纺织,19980527,
600156.SH,华升股份,20170206,10.8,10.87,10.94,10.79,10.79,0.7414,17412.13,18916.158,0.08000000000000007,湖南,纺织,19980527,
600156.SH,华升股份,20170203,10.86,10.79,10.95,10.75,10.89,-0.9183,19396.0,20966.431,-0.10000000000000142,湖南,纺织,19980527,
600156.SH,华升股份,20170126,10.63,10.89,10.95,10.56,10.63,2.4459,30213.25,32721.777,0.2599999999999998,湖南,纺织,19980527,
600156.SH,华升股份,20170125,10.54,10.63,10.69,10.49,10.58,0.4726,14991.15,15953.399,0.05000000000000071,湖南,纺织,19980527,
600156.SH,华升股份,20170124,10.63,10.58,10.65,10.51,10.57,0.0946,23061.23,24409.792,0.009999999999999787,湖南,纺织,19980527,
600156.SH,华升股份,20170123,10.41,10.57,10.71,10.41,10.42,1.4395,35131.34,37319.126,0.15000000000000036,湖南,纺织,19980527,
600156.SH,华升股份,20170120,10.42,10.42,10.52,10.39,10.42,0.0,46003.0,48033.504,0.0,湖南,纺织,19980527,
600156.SH,华升股份,20170119,10.43,10.42,10.6,10.38,10.46,-0.3824,26418.72,27688.708,-0.040000000000000924,湖南,纺织,19980527,
600156.SH,华升股份,20170118,10.55,10.46,10.68,10.4,10.52,-0.5703,23888.0,25275.392,-0.05999999999999872,湖南,纺织,19980527,
600156.SH,华升股份,20170117,10.31,10.52,10.57,10.2,10.49,0.286,41412.5,43225.063,0.02999999999999936,湖南,纺织,19980527,
600156.SH,华升股份,20170116,11.09,10.49,11.19,10.04,11.15,-5.9193,103989.29,109436.347,-0.6600000000000001,湖南,纺织,19980527,
600156.SH,华升股份,20170113,11.3,11.15,11.57,11.12,11.35,-1.7621,63394.1,72205.756,-0.1999999999999993,湖南,纺织,19980527,
600156.SH,华升股份,20170112,11.23,11.35,11.42,11.15,11.21,1.2489,61681.57,69663.654,0.1399999999999988,湖南,纺织,19980527,
600156.SH,华升股份,20170111,11.45,11.21,11.5,11.2,11.51,-2.6064,43611.55,49768.743,-0.29999999999999893,湖南,纺织,19980527,
600156.SH,华升股份,20170110,11.47,11.51,11.77,11.37,11.39,1.0536,64199.05,74043.805,0.11999999999999922,湖南,纺织,19980527,
600156.SH,华升股份,20170109,11.67,11.39,11.7,11.33,11.68,-2.4829,76875.17,88417.429,-0.28999999999999915,湖南,纺织,19980527,
600156.SH,华升股份,20170106,11.5,11.68,11.78,11.5,11.56,1.0381,69886.36,81379.783,0.11999999999999922,湖南,纺织,19980527,
600156.SH,华升股份,20170105,11.93,11.56,11.98,11.55,11.97,-3.4252,86562.84,101406.451,-0.41000000000000014,湖南,纺织,19980527,
600156.SH,华升股份,20170104,11.91,11.97,12.01,11.85,11.94,0.2513,48644.56,58046.785,0.030000000000001137,湖南,纺织,19980527,
600156.SH,华升股份,20170103,11.97,11.94,12.14,11.86,11.94,0.0,48513.15,58021.325,0.0,湖南,纺织,19980527,
600156.SH,华升股份,20161230,11.79,11.94,12.17,11.79,11.85,0.7595,66528.32,80086.973,0.08999999999999986,湖南,纺织,19980527,
600156.SH,华升股份,20161229,11.83,11.85,12.1,11.73,11.85,0.0,57063.36,68155.879,0.0,湖南,纺织,19980527,
600156.SH,华升股份,20161228,12.58,11.85,12.58,11.8,12.3,-3.6585,81755.19,98765.094,-0.45000000000000107,湖南,纺织,19980527,
600156.SH,华升股份,20161227,12.22,12.3,12.49,12.05,12.22,0.6547,67745.95,83097.541,0.08000000000000007,湖南,纺织,19980527,
600156.SH,华升股份,20161226,12.24,12.22,12.35,12.03,12.4,-1.4516,58624.1,71714.697,-0.17999999999999972,湖南,纺织,19980527,
600156.SH,华升股份,20161223,12.5,12.4,12.52,11.91,12.54,-1.1164,161270.44,197311.645,-0.1399999999999988,湖南,纺织,19980527,
600156.SH,华升股份,20161222,12.05,12.54,12.59,11.93,12.08,3.8079,146873.69,180710.96,0.4599999999999991,湖南,纺织,19980527,
600156.SH,华升股份,20161221,11.89,12.08,12.24,11.84,11.87,1.7692,104466.07,125722.521,0.21000000000000085,湖南,纺织,19980527,
600156.SH,华升股份,20161220,12.0,11.87,12.03,11.71,12.05,-1.4938,69568.87,82671.213,-0.1800000000000015,湖南,纺织,19980527,
600156.SH,华升股份,20161219,11.69,12.05,12.07,11.58,11.69,3.0796,104028.15,123767.506,0.3600000000000012,湖南,纺织,19980527,
600156.SH,华升股份,20161216,11.9,11.69,11.97,11.62,11.95,-2.1757,80603.78,94803.32,-0.2599999999999998,湖南,纺织,19980527,
600156.SH,华升股份,20161215,11.84,11.95,12.07,11.7,11.96,-0.0836,113229.03,134605.327,-0.010000000000001563,湖南,纺织,19980527,
600156.SH,华升股份,20161214,11.82,11.96,12.03,11.62,11.88,0.6734,131041.38,154968.244,0.08000000000000007,湖南,纺织,19980527,
600156.SH,华升股份,20161213,10.92,11.88,11.92,10.79,11.03,7.7063,139058.76,159545.889,0.8500000000000014,湖南,纺织,19980527,
600156.SH,华升股份,20161212,11.72,11.03,11.8,10.71,11.72,-5.8874,98841.1,111823.503,-0.6900000000000013,湖南,纺织,19980527,
600156.SH,华升股份,20161209,10.95,11.72,11.78,10.89,10.95,7.032,96329.77,109218.095,0.7700000000000014,湖南,纺织,19980527,
600156.SH,华升股份,20161208,11.18,10.95,11.19,10.89,11.13,-1.6173,45664.34,50451.807,-0.1800000000000015,湖南,纺织,19980527,
600156.SH,华升股份,20161207,10.91,11.13,11.18,10.89,10.91,2.0165,31139.15,34486.905,0.22000000000000064,湖南,纺织,19980527,
600156.SH,华升股份,20161206,10.8,10.91,11.01,10.8,10.78,1.2059,33052.7,36069.613,0.13000000000000078,湖南,纺织,19980527,
600156.SH,华升股份,20161205,10.59,10.78,10.96,10.59,10.84,-0.5535,29274.51,31629.577,-0.0600000000000005,湖南,纺织,19980527,
600156.SH,华升股份,20161202,11.08,10.84,11.08,10.73,10.99,-1.3649,39385.25,42846.914,-0.15000000000000036,湖南,纺织,19980527,
600156.SH,华升股份,20161201,11.11,10.99,11.15,10.95,10.99,0.0,49658.39,54682.422,0.0,湖南,纺织,19980527,
600156.SH,华升股份,20161130,11.52,10.99,11.53,10.98,11.58,-5.095,92510.3,103503.167,-0.5899999999999999,湖南,纺织,19980527,
600156.SH,华升股份,20161129,11.84,11.58,12.06,11.45,11.87,-2.4431,49747.18,58452.976,-0.28999999999999915,湖南,纺织,19980527,
600156.SH,华升股份,20161128,11.7,11.87,12.09,11.42,11.7,1.453,66679.61,79300.136,0.16999999999999993,湖南,纺织,19980527,
600156.SH,华升股份,20161125,11.65,11.7,11.76,11.38,11.65,0.4292,57680.8,66833.23,0.049999999999998934,湖南,纺织,19980527,
600156.SH,华升股份,20161124,11.63,11.65,11.93,11.5,11.59,0.5177,79391.5,92772.481,0.0600000000000005,湖南,纺织,19980527,
600156.SH,华升股份,20161123,11.79,11.59,11.79,11.46,11.73,-1.1935,67930.82,79155.194,-0.14000000000000057,湖南,纺织,19980527,
600156.SH,华升股份,20161122,11.77,11.73,11.8,11.6,11.7,0.2564,61124.94,71550.297,0.030000000000001137,湖南,纺织,19980527,
600156.SH,华升股份,20161121,11.9,11.7,12.05,11.6,11.97,-2.2556,81906.97,96268.935,-0.27000000000000135,湖南,纺织,19980527,
600156.SH,华升股份,20161118,12.0,11.97,12.09,11.93,12.0,-0.25,42331.0,50765.564,-0.02999999999999936,湖南,纺织,19980527,
600156.SH,华升股份,20161117,11.93,12.0,12.14,11.89,12.08,-0.6623,57437.3,68935.766,-0.08000000000000007,湖南,纺织,19980527,
600156.SH,华升股份,20161116,11.95,12.08,12.34,11.9,11.98,0.8347,80322.9,97169.814,0.09999999999999964,湖南,纺织,19980527,
600156.SH,华升股份,20161115,12.2,11.98,12.44,11.9,12.21,-1.8837,118138.0,143040.494,-0.23000000000000043,湖南,纺织,19980527,
600156.SH,华升股份,20161114,12.08,12.21,12.58,11.9,12.08,1.0762,158652.82,193842.384,0.13000000000000078,湖南,纺织,19980527,
600156.SH,华升股份,20161111,13.1,12.08,13.1,11.98,12.25,-1.3878,267140.91,332343.49,-0.16999999999999993,湖南,纺织,19980527,
600156.SH,华升股份,20161110,11.14,12.25,12.25,11.14,11.14,9.9641,123445.1,145607.527,1.1099999999999994,湖南,纺织,19980527,
600156.SH,华升股份,20161109,10.83,11.14,11.28,10.73,10.85,2.6728,104876.92,115455.835,0.2900000000000009,湖南,纺织,19980527,
600156.SH,华升股份,20161108,10.83,10.85,11.08,10.75,10.75,0.9302,51442.31,56223.405,0.09999999999999964,湖南,纺织,19980527,
600156.SH,华升股份,20161107,10.75,10.75,10.96,10.68,10.7,0.4673,39559.84,42668.754,0.05000000000000071,湖南,纺织,19980527,
600156.SH,华升股份,20161104,10.81,10.7,10.88,10.65,10.87,-1.5639,52249.68,56227.671,-0.16999999999999993,湖南,纺织,19980527,
600156.SH,华升股份,20161103,10.83,10.87,11.15,10.72,10.83,0.3693,97058.48,105986.14,0.03999999999999915,湖南,纺织,19980527,
600156.SH,华升股份,20161102,10.72,10.83,10.86,10.58,10.71,1.1204,65855.82,70687.097,0.11999999999999922,湖南,纺织,19980527,
600156.SH,华升股份,20161101,10.77,10.71,10.86,10.55,10.8,-0.8333,57411.46,61283.347,-0.08999999999999986,湖南,纺织,19980527,
600156.SH,华升股份,20161031,10.67,10.8,10.84,10.5,10.72,0.7463,45604.84,48798.792,0.08000000000000007,湖南,纺织,19980527,
600156.SH,华升股份,20161028,10.77,10.72,11.05,10.6,10.8,-0.7407,96426.32,104585.158,-0.08000000000000007,湖南,纺织,19980527,
600156.SH,华升股份,20161027,10.41,10.8,10.88,10.41,10.48,3.0534,118707.57,127035.485,0.3200000000000003,湖南,纺织,19980527,
600156.SH,华升股份,20161026,10.51,10.48,10.62,10.44,10.52,-0.3802,67626.59,71169.758,-0.03999999999999915,湖南,纺织,19980527,
600156.SH,华升股份,20161025,10.39,10.52,10.64,10.32,10.39,1.2512,75299.41,78916.814,0.129999999999999,湖南,纺织,19980527,
600156.SH,华升股份,20161024,10.31,10.39,10.41,10.25,10.31,0.7759,41860.24,43311.581,0.08000000000000007,湖南,纺织,19980527,
600156.SH,华升股份,20161021,10.4,10.31,10.49,10.16,10.4,-0.8654,46999.64,48476.58,-0.08999999999999986,湖南,纺织,19980527,
600156.SH,华升股份,20161020,10.37,10.4,10.45,10.2,10.33,0.6776,36881.78,38128.7,0.07000000000000028,湖南,纺织,19980527,
600156.SH,华升股份,20161019,10.47,10.33,10.53,10.3,10.43,-0.9588,46120.96,47855.131,-0.09999999999999964,湖南,纺织,19980527,
600156.SH,华升股份,20161018,10.23,10.43,10.56,10.21,10.21,2.1548,76399.8,79315.214,0.21999999999999886,湖南,纺织,19980527,
600156.SH,华升股份,20161017,10.37,10.21,10.5,10.18,10.38,-1.6378,77810.16,80584.095,-0.16999999999999993,湖南,纺织,19980527,
600156.SH,华升股份,20161014,10.59,10.38,10.7,10.36,10.6,-2.0755,101818.56,106371.437,-0.21999999999999886,湖南,纺织,19980527,
600156.SH,华升股份,20161013,10.66,10.6,10.85,10.54,10.7,-0.9346,93332.38,99284.057,-0.09999999999999964,湖南,纺织,19980527,
600156.SH,华升股份,20161012,10.68,10.7,10.88,10.61,10.84,-1.2915,93976.74,100615.107,-0.14000000000000057,湖南,纺织,19980527,
600156.SH,华升股份,20161011,10.45,10.84,10.9,10.38,10.45,3.7321,193404.76,206869.017,0.39000000000000057,湖南,纺织,19980527,
600156.SH,华升股份,20161010,9.81,10.45,10.7,9.81,9.82,6.4155,139981.29,144584.132,0.629999999999999,湖南,纺织,19980527,
600156.SH,华升股份,20160930,9.7,9.82,9.9,9.66,9.74,0.8214,31619.18,30957.585,0.08000000000000007,湖南,纺织,19980527,
600156.SH,华升股份,20160929,9.67,9.74,9.75,9.62,9.67,0.7239,58557.69,56733.853,0.07000000000000028,湖南,纺织,19980527,
600156.SH,华升股份,20160928,9.72,9.67,9.85,9.59,9.71,-0.4119,55602.73,53758.185,-0.040000000000000924,湖南,纺织,19980527,
600156.SH,华升股份,20160927,10.03,9.71,10.11,9.6,9.97,-2.6078,79751.89,78086.717,-0.2599999999999998,湖南,纺织,19980527,
600156.SH,华升股份,20160926,9.9,9.97,10.29,9.9,9.92,0.504,56998.0,57473.597,0.05000000000000071,湖南,纺织,19980527,
600156.SH,华升股份,20160923,10.05,9.92,10.08,9.91,10.03,-1.0967,35488.25,35433.172,-0.10999999999999943,湖南,纺织,19980527,
600156.SH,华升股份,20160922,10.1,10.03,10.21,9.89,10.04,-0.0996,39494.73,39648.999,-0.009999999999999787,湖南,纺织,19980527,
600156.SH,华升股份,20160921,9.9,10.04,10.18,9.9,9.94,1.006,29055.7,29344.227,0.09999999999999964,湖南,纺织,19980527,
600156.SH,华升股份,20160920,9.9,9.94,10.03,9.82,9.92,0.2016,21132.45,21068.361,0.019999999999999574,湖南,纺织,19980527,
600156.SH,华升股份,20160919,9.67,9.92,9.94,9.67,9.67,2.5853,26153.14,25669.835,0.25,湖南,纺织,19980527,
600156.SH,华升股份,20160914,9.95,9.67,9.95,9.65,9.87,-2.0263,26870.78,26346.898,-0.1999999999999993,湖南,纺织,19980527,
600156.SH,华升股份,20160913,9.9,9.87,9.93,9.72,9.69,1.8576,27887.12,27376.402,0.17999999999999972,湖南,纺织,19980527,
600156.SH,华升股份,20160912,9.9,9.69,9.9,9.67,10.05,-3.5821,36539.66,35684.777,-0.3600000000000012,湖南,纺织,19980527,
600156.SH,华升股份,20160909,10.18,10.05,10.19,10.04,10.12,-0.6917,29711.2,30020.474,-0.06999999999999851,湖南,纺织,19980527,
600156.SH,华升股份,20160908,10.11,10.12,10.24,10.05,10.14,-0.1972,39805.2,40297.048,-0.02000000000000135,湖南,纺织,19980527,
600156.SH,华升股份,20160907,10.16,10.14,10.3,10.01,10.12,0.1976,70934.06,71945.143,0.02000000000000135,湖南,纺织,19980527,
600156.SH,华升股份,20160906,9.8,10.12,10.19,9.73,9.8,3.2653,95065.8,95501.597,0.3199999999999985,湖南,纺织,19980527,
600156.SH,华升股份,20160905,9.55,9.8,9.82,9.55,9.55,2.6178,47326.12,46147.047,0.25,湖南,纺织,19980527,
600156.SH,华升股份,20160902,9.58,9.55,9.67,9.49,9.64,-0.9336,29543.2,28281.727,-0.08999999999999986,湖南,纺织,19980527,
600156.SH,华升股份,20160901,9.6,9.64,9.82,9.54,9.6,0.4167,43976.32,42593.619,0.040000000000000924,湖南,纺织,19980527,
600156.SH,华升股份,20160831,9.6,9.6,9.62,9.48,9.59,0.1043,25805.76,24681.751,0.009999999999999787,湖南,纺织,19980527,
600156.SH,华升股份,20160830,9.6,9.59,9.66,9.48,9.59,0.0,37255.01,35688.389,0.0,湖南,纺织,19980527,
600156.SH,华升股份,20160829,9.63,9.59,9.69,9.55,9.64,-0.5187,23523.65,22622.404,-0.05000000000000071,湖南,纺织,19980527,
600156.SH,华升股份,20160826,9.53,9.64,9.67,9.53,9.52,1.2605,25000.63,24073.597,0.120000000000001,湖南,纺织,19980527,
600156.SH,华升股份,20160825,9.6,9.52,9.65,9.45,9.65,-1.3472,28921.47,27541.179,-0.13000000000000078,湖南,纺织,19980527,
600156.SH,华升股份,20160824,9.65,9.65,9.75,9.6,9.61,0.4162,18910.88,18298.12,0.040000000000000924,湖南,纺织,19980527,
600156.SH,华升股份,20160823,9.74,9.61,9.77,9.46,9.69,-0.8256,30127.24,29055.464,-0.08000000000000007,湖南,纺织,19980527,
600156.SH,华升股份,20160822,9.83,9.69,9.9,9.68,9.83,-1.4242,23404.22,22824.943,-0.14000000000000057,湖南,纺织,19980527,
600156.SH,华升股份,20160819,9.94,9.83,9.94,9.75,9.95,-1.206,39620.34,38931.136,-0.11999999999999922,湖南,纺织,19980527,
600156.SH,华升股份,20160818,9.99,9.95,10.04,9.81,10.04,-0.8964,46934.77,46384.489,-0.08999999999999986,湖南,纺织,19980527,
600156.SH,华升股份,20160817,9.82,10.04,10.25,9.81,9.79,2.5536,71692.05,72271.571,0.25,湖南,纺织,19980527,
600156.SH,华升股份,20160816,9.8,9.79,9.84,9.7,9.8,-0.102,32558.81,31799.696,-0.010000000000001563,湖南,纺织,19980527,
600156.SH,华升股份,20160815,9.62,9.8,9.87,9.61,9.61,1.9771,50594.74,49215.691,0.19000000000000128,湖南,纺织,19980527,
600156.SH,华升股份,20160812,9.53,9.61,9.65,9.41,9.59,0.2086,32335.84,30751.324,0.019999999999999574,湖南,纺织,19980527,
600156.SH,华升股份,20160811,9.8,9.59,9.9,9.58,9.86,-2.7383,24885.66,24175.888,-0.2699999999999996,湖南,纺织,19980527,
600156.SH,华升股份,20160810,9.68,9.86,9.94,9.68,9.67,1.9648,31330.7,30845.783,0.1899999999999995,湖南,纺织,19980527,
600156.SH,华升股份,20160809,9.63,9.67,9.69,9.6,9.63,0.4154,27483.34,26517.542,0.03999999999999915,湖南,纺织,19980527,
600156.SH,华升股份,20160808,9.57,9.63,9.67,9.45,9.57,0.627,20643.13,19791.629,0.0600000000000005,湖南,纺织,19980527,
600156.SH,华升股份,20160805,9.68,9.57,9.7,9.53,9.64,-0.7261,20215.36,19452.69,-0.07000000000000028,湖南,纺织,19980527,
600156.SH,华升股份,20160804,9.56,9.64,9.73,9.51,9.56,0.8368,23335.36,22499.892,0.08000000000000007,湖南,纺织,19980527,
600156.SH,华升股份,20160803,9.7,9.56,9.7,9.48,9.6,-0.4167,21551.0,20708.601,-0.03999999999999915,湖南,纺织,19980527,
600156.SH,华升股份,20160802,9.46,9.6,9.64,9.4,9.46,1.4799,16940.54,16184.638,0.1399999999999988,湖南,纺织,19980527,
600156.SH,华升股份,20160801,9.75,9.46,9.75,9.4,9.84,-3.8618,32507.56,30882.149,-0.379999999999999,湖南,纺织,19980527,
600156.SH,华升股份,20160729,9.86,9.84,9.98,9.77,9.9,-0.6061,22519.2,22200.404,-0.0600000000000005,湖南,纺织,19980527,
600156.SH,华升股份,20160728,9.9,9.9,10.06,9.71,9.88,0.2024,37072.63,36602.222,0.019999999999999574,湖南,纺织,19980527,
600156.SH,华升股份,20160727,10.52,9.88,10.58,9.83,10.53,-6.1728,65988.87,66721.178,-0.6499999999999986,湖南,纺织,19980527,
600156.SH,华升股份,20160726,10.47,10.53,10.58,10.35,10.43,0.9588,36086.99,37954.497,0.09999999999999964,湖南,纺织,19980527,
600156.SH,华升股份,20160725,10.35,10.43,10.62,10.35,10.35,0.7729,39652.47,41551.699,0.08000000000000007,湖南,纺织,19980527,
600156.SH,华升股份,20160722,10.47,10.35,10.61,10.33,10.52,-1.616,33672.3,35247.354,-0.16999999999999993,湖南,纺织,19980527,
600156.SH,华升股份,20160721,10.64,10.52,10.68,10.5,10.65,-1.2207,43036.36,45540.224,-0.13000000000000078,湖南,纺织,19980527,
600156.SH,华升股份,20160720,10.92,10.65,10.92,10.52,10.92,-2.4725,77557.51,82983.757,-0.2699999999999996,湖南,纺织,19980527,
600156.SH,华升股份,20160719,10.08,10.92,10.96,10.07,10.08,8.3333,104586.5,111213.949,0.8399999999999999,湖南,纺织,19980527,
600156.SH,华升股份,20160718,10.3,10.08,10.3,10.02,10.29,-2.0408,36463.06,36876.093,-0.20999999999999908,湖南,纺织,19980527,
600156.SH,华升股份,20160715,10.37,10.29,10.41,10.27,10.38,-0.8671,29459.46,30447.498,-0.09000000000000163,湖南,纺织,19980527,
600156.SH,华升股份,20160714,10.39,10.38,10.47,10.3,10.43,-0.4794,28202.61,29208.556,-0.049999999999998934,湖南,纺织,19980527,
600156.SH,华升股份,20160713,10.5,10.43,10.57,10.35,10.4,0.2885,41440.16,43339.027,0.02999999999999936,湖南,纺织,19980527,
600156.SH,华升股份,20160712,10.48,10.4,10.48,10.22,10.38,0.1927,37319.92,38643.207,0.019999999999999574,湖南,纺织,19980527,
600156.SH,华升股份,20160711,10.33,10.38,10.59,10.23,10.34,0.3868,50720.64,53048.487,0.040000000000000924,湖南,纺织,19980527,
600156.SH,华升股份,20160708,10.42,10.34,10.46,10.28,10.39,-0.4812,27627.81,28614.169,-0.05000000000000071,湖南,纺织,19980527,
600156.SH,华升股份,20160707,10.42,10.39,10.52,10.32,10.5,-1.0476,39161.96,40735.867,-0.10999999999999943,湖南,纺织,19980527,
600156.SH,华升股份,20160706,10.56,10.5,10.59,10.37,10.6,-0.9434,47998.3,50260.556,-0.09999999999999964,湖南,纺织,19980527,
600156.SH,华升股份,20160705,10.12,10.6,10.66,10.12,10.16,4.3307,75562.6,79193.615,0.4399999999999995,湖南,纺织,19980527,
600156.SH,华升股份,20160704,10.06,10.16,10.33,9.83,10.11,0.4946,55375.86,56277.72,0.05000000000000071,湖南,纺织,19980527,
600156.SH,华升股份,20160701,10.05,10.11,10.18,10.02,10.1,0.099,26986.21,27312.964,0.009999999999999787,湖南,纺织,19980527,
600156.SH,华升股份,20160630,10.1446,10.1047,10.1946,10.0247,10.1247,-0.1975,33379.62,33760.698,-0.02000000000000135,湖南,纺织,19980527,
600156.SH,华升股份,20160629,10.0847,10.1247,10.2246,10.0647,10.0547,0.6962,36526.28,37061.974,0.07000000000000028,湖南,纺织,19980527,
600156.SH,华升股份,20160628,9.9647,10.0547,10.1646,9.8248,10.0147,0.3994,47557.26,47458.732,0.040000000000000924,湖南,纺织,19980527,
600156.SH,华升股份,20160627,9.6149,10.0147,10.0347,9.565,9.7149,3.086,34553.65,34122.834,0.2997999999999994,湖南,纺织,19980527,
600156.SH,华升股份,20160624,10.0747,9.7149,10.0947,9.3051,9.9947,-2.7995,57942.66,56715.354,-0.2797999999999998,湖南,纺织,19980527,
600156.SH,华升股份,20160623,9.9048,9.9947,10.1846,9.9048,10.0147,-0.1997,43240.3,43641.743,-0.019999999999999574,湖南,纺织,19980527,
600156.SH,华升股份,20160622,9.8348,10.0147,10.0447,9.7948,9.9148,1.0076,38873.28,38671.654,0.09989999999999988,湖南,纺织,19980527,
600156.SH,华升股份,20160621,10.1946,9.9148,10.2646,9.8448,10.1646,-2.4575,61811.48,62253.115,-0.24980000000000047,湖南,纺织,19980527,
600156.SH,华升股份,20160620,10.0547,10.1646,10.2146,9.8448,10.2346,-0.684,52388.75,52669.632,-0.07000000000000028,湖南,纺织,19980527,
600156.SH,华升股份,20160617,10.3445,10.2346,10.4345,10.1546,10.3545,-1.158,63458.49,65224.39,-0.11989999999999945,湖南,纺织,19980527,
600156.SH,华升股份,20160616,10.5045,10.3545,10.6944,10.2346,10.5844,-2.1721,62451.76,65225.072,-0.22990000000000066,湖南,纺织,19980527,
600156.SH,华升股份,20160615,10.2446,10.5844,10.7143,10.1646,10.3445,2.3191,68965.53,72367.628,0.23990000000000045,湖南,纺织,19980527,
600156.SH,华升股份,20160614,10.5944,10.3445,10.7343,10.2746,10.5944,-2.3588,39259.4,41039.154,-0.24990000000000023,湖南,纺织,19980527,
600156.SH,华升股份,20160613,11.0842,10.5944,11.1141,10.5744,11.1541,-5.0179,76090.2,82715.242,-0.5596999999999994,湖南,纺织,19980527,
600156.SH,华升股份,20160608,11.294,11.1541,11.324,11.1441,11.2441,-0.8004,50542.7,56712.212,-0.08999999999999986,湖南,纺织,19980527,
600156.SH,华升股份,20160607,11.304,11.2441,11.454,11.1941,11.354,-0.9679,74645.95,84370.837,-0.10989999999999966,湖南,纺织,19980527,
600156.SH,华升股份,20160606,11.5939,11.354,11.6539,11.2541,11.5839,-1.9847,55800.23,63496.187,-0.22990000000000066,湖南,纺织,19980527,
600156.SH,华升股份,20160603,11.4739,11.5839,11.7438,11.334,11.4739,0.9587,57329.01,66296.616,0.10999999999999943,湖南,纺织,19980527,
600156.SH,华升股份,20160602,11.5539,11.4739,11.5939,11.294,11.5939,-1.035,64187.21,73387.518,-0.11999999999999922,湖南,纺织,19980527,
600156.SH,华升股份,20160601,11.6539,11.5939,11.7938,11.4939,11.6039,-0.0862,52852.06,61524.397,-0.009999999999999787,湖南,纺织,19980527,
600156.SH,华升股份,20160531,11.2341,11.6039,11.7338,11.2141,11.2341,3.2918,76749.6,88373.851,0.3697999999999997,湖南,纺织,19980527,
600156.SH,华升股份,20160530,11.0442,11.2341,11.454,10.8943,11.1641,0.627,66244.07,74296.97,0.07000000000000028,湖南,纺织,19980527,
600156.SH,华升股份,20160527,10.6944,11.1641,11.1941,10.5444,10.6044,5.278,85145.24,92806.467,0.5596999999999994,湖南,纺织,19980527,
600156.SH,华升股份,20160526,10.5644,10.6044,10.7543,10.4945,10.6644,-0.5626,42300.72,45015.593,-0.0600000000000005,湖南,纺织,19980527,
600156.SH,华升股份,20160525,10.8543,10.6644,10.9642,10.5344,10.8543,-1.7495,37566.38,40484.371,-0.18989999999999974,湖南,纺织,19980527,
600156.SH,华升股份,20160524,10.7044,10.8543,10.8843,10.2946,10.6944,1.4952,45752.38,48334.738,0.15990000000000038,湖南,纺织,19980527,
600156.SH,华升股份,20160523,10.5844,10.6944,10.7643,10.5244,10.5244,1.6153,33060.68,35203.561,0.16999999999999993,湖南,纺织,19980527,
600156.SH,华升股份,20160520,10.4545,10.5244,10.7143,10.2846,10.4545,0.6686,45339.17,47889.435,0.06990000000000052,湖南,纺织,19980527,
600156.SH,华升股份,20160519,10.2346,10.4545,10.9942,10.1946,10.3246,1.2582,44701.94,47548.067,0.12989999999999924,湖南,纺织,19980527,
600156.SH,华升股份,20160518,10.5145,10.3246,10.6844,10.0047,10.8943,-5.2293,62208.67,64494.84,-0.5696999999999992,湖南,纺织,19980527,
600156.SH,华升股份,20160517,10.9342,10.8943,11.1541,10.7643,10.9242,-0.2737,54159.49,59436.832,-0.02990000000000137,湖南,纺织,19980527,
600156.SH,华升股份,20160516,10.5444,10.9242,10.9642,10.4145,10.4945,4.0945,52877.09,56707.781,0.4297000000000004,湖南,纺织,19980527,
600156.SH,华升股份,20160513,9.9947,10.4945,10.6144,9.9048,10.1047,3.8576,64291.18,66943.75,0.38980000000000103,湖南,纺织,19980527,
600156.SH,华升股份,20160512,10.1946,10.1047,10.1946,9.7049,10.3745,-2.6006,50193.79,50236.672,-0.26980000000000004,湖南,纺织,19980527,
600156.SH,华升股份,20160511,10.5644,10.3745,10.5944,10.1946,10.3745,0.0,36391.04,38032.059,0.0,湖南,纺织,19980527,
600156.SH,华升股份,20160510,10.4845,10.3745,10.5644,10.2746,10.3146,0.5807,32108.86,33412.513,0.059899999999998954,湖南,纺织,19980527,
600156.SH,华升股份,20160509,11.0941,10.3146,11.1141,10.2946,11.1741,-7.6919,81067.95,85802.911,-0.8594999999999988,湖南,纺织,19980527,
600156.SH,华升股份,20160506,11.8837,11.1741,12.0137,10.9942,11.8737,-5.892,110788.33,127180.674,-0.6996000000000002,湖南,纺织,19980527,
600156.SH,华升股份,20160505,11.9937,11.8737,12.1736,11.7738,12.0636,-1.5742,80809.3,96570.806,-0.18989999999999974,湖南,纺织,19980527,
600156.SH,华升股份,20160504,12.4035,12.0636,12.4434,11.9737,12.4534,-3.1301,97924.51,119580.097,-0.38980000000000103,湖南,纺织,19980527,
600156.SH,华升股份,20160503,12.1436,12.4534,12.5234,12.0936,12.2036,2.0469,69273.97,85565.178,0.24980000000000047,湖南,纺织,19980527,
600156.SH,华升股份,20160429,11.8637,12.2036,12.4834,11.8637,11.8937,2.6056,84448.15,102849.912,0.30989999999999895,湖南,纺织,19980527,
600156.SH,华升股份,20160428,11.9037,11.8937,12.1136,11.8038,11.9537,-0.5019,62438.03,74715.296,-0.05999999999999872,湖南,纺织,19980527,
600156.SH,华升股份,20160427,12.1036,11.9537,12.2635,11.7938,12.1536,-1.6448,86513.53,103775.877,-0.1999000000000013,湖南,纺织,19980527,
600156.SH,华升股份,20160426,12.5134,12.1536,12.6733,11.8138,12.5134,-2.8753,101766.82,123160.392,-0.3597999999999999,湖南,纺织,19980527,
600156.SH,华升股份,20160425,12.4734,12.5134,12.7333,12.2335,12.5234,-0.0799,60437.38,75886.484,-0.009999999999999787,湖南,纺织,19980527,
600156.SH,华升股份,20160422,11.7438,12.5234,12.6833,11.5939,11.7538,6.5477,80319.12,97528.88,0.7696000000000005,湖南,纺织,19980527,
600156.SH,华升股份,20160421,11.8937,11.7538,12.1736,11.7238,11.9437,-1.59,87461.59,104599.319,-0.18989999999999974,湖南,纺织,19980527,
600156.SH,华升股份,20160420,13.243,11.9437,13.273,11.7838,13.0931,-8.7787,141434.18,173984.04,-1.1494,湖南,纺织,19980527,
600156.SH,华升股份,20160419,13.193,13.0931,13.6228,12.7133,13.4229,-2.457,103450.68,136765.005,-0.32980000000000054,湖南,纺织,19980527,
600156.SH,华升股份,20160418,13.6728,13.4229,13.6728,13.223,13.7827,-2.6105,74501.4,100443.951,-0.3597999999999999,湖南,纺织,19980527,
600156.SH,华升股份,20160415,13.5429,13.7827,13.9526,13.3929,13.5628,1.6213,79109.39,108486.426,0.21990000000000087,湖南,纺织,19980527,
600156.SH,华升股份,20160414,13.6928,13.5628,13.7527,13.1731,13.4529,0.8169,69193.97,93228.008,0.10989999999999966,湖南,纺织,19980527,
600156.SH,华升股份,20160413,13.0431,13.4529,13.9327,13.0431,13.0431,3.1419,125395.61,170214.834,0.40979999999999883,湖南,纺织,19980527,
600156.SH,华升股份,20160412,12.7933,13.0431,13.5529,12.6933,12.8532,1.4775,89829.12,118328.063,0.1899000000000015,湖南,纺织,19980527,
600156.SH,华升股份,20160411,12.6933,12.8532,13.0731,12.4734,12.3235,4.2983,84902.09,108380.548,0.5297000000000001,湖南,纺织,19980527,
600156.SH,华升股份,20160408,11.9837,12.3235,12.4334,11.9237,12.2335,0.7357,73805.91,90285.179,0.08999999999999986,湖南,纺织,19980527,
600156.SH,华升股份,20160407,12.2735,12.2335,12.5834,11.9137,12.2435,-0.0817,113215.03,138409.822,-0.009999999999999787,湖南,纺织,19980527,
600156.SH,华升股份,20160406,12.3635,12.2435,12.6933,12.0436,12.2935,-0.4067,143178.56,177329.784,-0.05000000000000071,湖南,纺织,19980527,
600156.SH,华升股份,20160405,11.304,12.2935,12.4934,11.304,11.364,8.1793,109344.63,131223.778,0.9294999999999991,湖南,纺织,19980527,
600156.SH,华升股份,20160401,11.334,11.364,11.6439,11.0941,11.4839,-1.0441,86731.66,98260.637,-0.11989999999999945,湖南,纺织,19980527,
600156.SH,华升股份,20160331,10.6944,11.4839,11.8238,10.6944,10.8543,5.8005,109062.85,124526.419,0.6295999999999999,湖南,纺织,19980527,
600156.SH,华升股份,20160330,10.6744,10.8543,10.9742,10.4245,10.4245,4.123,92990.84,99711.392,0.4298000000000002,湖南,纺织,19980527,
600156.SH,华升股份,20160329,10.0047,10.4245,10.9742,9.9148,9.9747,4.5094,125932.32,132390.758,0.44979999999999976,湖南,纺织,19980527,
600156.SH,华升股份,20160328,9.8548,9.9747,10.2346,9.8048,9.8648,1.1141,74804.45,75012.014,0.10989999999999966,湖南,纺织,19980527,
600156.SH,华升股份,20160325,9.8448,9.8648,9.8848,9.6949,9.8248,0.4071,32087.25,31478.321,0.040000000000000924,湖南,纺织,19980527,
600156.SH,华升股份,20160324,10.0047,9.8248,10.2746,9.6949,10.0647,-2.3836,87376.37,86412.411,-0.23990000000000045,湖南,纺织,19980527,
600156.SH,华升股份,20160323,10.0047,10.0647,10.2646,9.9747,10.1347,-0.6907,58967.04,59608.995,-0.07000000000000028,湖南,纺织,19980527,
600156.SH,华升股份,20160322,9.6949,10.1347,10.1946,9.6749,9.8348,3.0494,96083.72,96197.374,0.29990000000000094,湖南,纺织,19980527,
600156.SH,华升股份,20160321,9.6449,9.8348,9.9947,9.475,9.495,3.5787,93308.78,90936.139,0.3398000000000003,湖南,纺织,19980527,
600156.SH,华升股份,20160318,9.3851,9.495,9.7149,9.3751,9.395,1.0644,109223.39,104318.588,0.09999999999999964,湖南,纺织,19980527,
600156.SH,华升股份,20160317,9.0452,9.395,9.6749,9.0452,9.0552,3.7525,63654.66,59411.535,0.3398000000000003,湖南,纺织,19980527,
600156.SH,华升股份,20160316,9.2951,9.0552,9.7449,8.9953,9.2751,-2.3709,93304.36,87529.51,-0.21990000000000087,湖南,纺织,19980527,
600156.SH,华升股份,20160315,8.8753,9.2751,9.3551,8.8253,8.8953,4.2697,90478.27,83047.495,0.37979999999999947,湖南,纺织,19980527,
600156.SH,华升股份,20160314,8.7854,8.8953,9.1252,8.6954,8.5955,3.4879,46421.58,41492.784,0.2998000000000012,湖南,纺织,19980527,
600156.SH,华升股份,20160311,8.7354,8.5955,8.7354,8.2656,8.7054,-1.2624,55807.49,47460.819,-0.10989999999999966,湖南,纺织,19980527,
600156.SH,华升股份,20160310,8.9253,8.7054,9.0752,8.6954,8.9253,-2.4638,43541.15,38477.766,-0.21990000000000087,湖南,纺织,19980527,
600156.SH,华升股份,20160309,8.9753,8.9253,9.2651,8.6754,9.0552,-1.4345,68999.13,62442.206,-0.12989999999999924,湖南,纺织,19980527,
600156.SH,华升股份,20160308,9.1352,9.0552,9.1352,8.6754,9.1452,-0.9841,66277.42,59068.903,-0.09000000000000163,湖南,纺织,19980527,
600156.SH,华升股份,20160307,9.1052,9.1452,9.445,8.7954,9.0752,0.7713,92483.26,84419.722,0.07000000000000028,湖南,纺织,19980527,
600156.SH,华升股份,20160304,8.6454,9.0752,9.1152,8.4955,8.7054,4.2479,114829.56,101706.779,0.36980000000000146,湖南,纺织,19980527,
600156.SH,华升股份,20160303,8.9453,8.7054,9.2751,8.5155,8.7954,-1.0233,115776.71,104041.956,-0.09000000000000163,湖南,纺织,19980527,
600156.SH,华升股份,20160302,7.9958,8.7954,8.7954,7.9458,7.9958,10.0003,106339.56,91643.729,0.7996000000000008,湖南,纺织,19980527,
600156.SH,华升股份,20160301,7.8159,7.9958,8.0757,7.596,7.7259,3.4934,67799.35,53413.894,0.2698999999999998,湖南,纺织,19980527,
600156.SH,华升股份,20160229,8.4655,7.7259,8.4655,7.646,8.4955,-9.0589,92572.44,72699.909,-0.7695999999999996,湖南,纺织,19980527,
600156.SH,华升股份,20160226,8.4955,8.4955,8.6554,8.1057,8.4056,1.0695,102671.01,86502.753,0.08990000000000009,湖南,纺织,19980527,
600156.SH,华升股份,20160225,9.2651,8.4056,9.2951,8.3656,9.2951,-9.5696,135748.53,118114.822,-0.8895,湖南,纺织,19980527,
600156.SH,华升股份,20160224,9.2051,9.2951,9.445,8.9753,9.2751,0.2156,97442.34,89906.044,0.019999999999999574,湖南,纺织,19980527,
600156.SH,华升股份,20160223,9.6349,9.2751,9.7049,9.0652,9.5849,-3.2322,121379.57,112913.561,-0.3097999999999992,湖南,纺织,19980527,
600156.SH,华升股份,20160222,9.425,9.5849,10.3146,9.1452,9.415,1.8046,227962.45,217617.006,0.16990000000000016,湖南,纺织,19980527,
600156.SH,华升股份,20160219,8.7054,9.415,9.6549,8.5655,8.7754,7.2886,255247.44,233294.351,0.6395999999999997,湖南,纺织,19980527,
600156.SH,华升股份,20160218,8.0358,8.7754,8.7754,7.9958,7.9758,10.0253,199299.47,173196.799,0.7995999999999999,湖南,纺织,19980527,
600156.SH,华升股份,20160217,7.9058,7.9758,8.0258,7.7159,7.8758,1.2697,77072.11,60605.839,0.09999999999999964,湖南,纺织,19980527,
600156.SH,华升股份,20160216,7.656,7.8758,7.9658,7.586,7.596,3.6835,84125.25,66017.502,0.2797999999999998,湖南,纺织,19980527,
600156.SH,华升股份,20160215,7.0063,7.596,7.7159,7.0063,7.636,-0.5238,60139.98,44440.083,-0.040000000000000036,湖南,纺织,19980527,
600156.SH,华升股份,20160205,7.7859,7.636,7.7859,7.506,7.6859,-0.6492,60754.38,46363.023,-0.049900000000000055,湖南,纺织,19980527,
600156.SH,华升股份,20160204,7.616,7.6859,7.7759,7.556,7.636,0.6535,61454.73,47377.846,0.049900000000000055,湖南,纺织,19980527,
600156.SH,华升股份,20160203,7.3961,7.636,7.7159,7.1962,7.536,1.327,63111.86,47007.107,0.10000000000000053,湖南,纺织,19980527,
600156.SH,华升股份,20160202,7.1762,7.536,7.6959,7.1762,7.2662,3.7131,86932.53,65438.014,0.26979999999999915,湖南,纺织,19980527,
600156.SH,华升股份,20160201,7.1262,7.2662,7.4461,6.9963,7.1162,2.1079,107413.02,78003.041,0.15000000000000036,湖南,纺织,19980527,
600156.SH,华升股份,20160129,6.6965,7.1162,7.2462,6.6965,6.7265,5.7935,98078.05,68785.998,0.3897000000000004,湖南,纺织,19980527,
600156.SH,华升股份,20160128,7.0063,6.7265,7.1762,6.6665,7.1262,-5.6089,99579.2,68960.982,-0.39970000000000017,湖南,纺织,19980527,
600156.SH,华升股份,20160127,7.1962,7.1262,7.2962,6.5366,7.1262,0.0,156143.08,107998.462,0.0,湖南,纺织,19980527,
600156.SH,华升股份,20160126,7.8459,7.1262,7.9158,7.1262,7.9158,-9.975,117615.04,88419.083,-0.7896000000000001,湖南,纺织,19980527,
600156.SH,华升股份,20160125,7.8659,7.9158,8.0558,7.7659,7.8059,1.4079,112087.92,88783.694,0.10989999999999966,湖南,纺织,19980527,
600156.SH,华升股份,20160122,7.9158,7.8059,8.0458,7.4761,7.8359,-0.3829,116519.03,90325.94,-0.02999999999999936,湖南,纺织,19980527,
600156.SH,华升股份,20160121,8.3956,7.8359,8.6954,7.8059,8.5955,-8.8372,155858.87,129805.501,-0.7595999999999998,湖南,纺织,19980527,
600156.SH,华升股份,20160120,8.8253,8.5955,9.0852,8.5455,8.9753,-4.2316,151458.69,133395.069,-0.37980000000000125,湖南,纺织,19980527,
600156.SH,华升股份,20160119,8.4555,8.9753,9.1852,8.3856,8.7254,2.8641,248558.54,219210.395,0.24990000000000023,湖南,纺织,19980527,
600156.SH,华升股份,20160118,8.3656,8.7254,8.9053,8.2057,9.1152,-4.2764,311441.88,264455.087,-0.38979999999999926,湖南,纺织,19980527,
600156.SH,华升股份,20160115,9.3351,9.1152,9.6149,9.1152,10.1247,-9.9707,369629.63,342954.946,-1.009500000000001,湖南,纺织,19980527,
600156.SH,华升股份,20160114,10.1247,10.1247,10.1247,10.1247,11.2441,-9.9554,7407.0,7503.291,-1.1193999999999988,湖南,纺织,19980527,
600156.SH,华升股份,20160113,11.2441,11.2441,11.2441,11.2441,12.4934,-9.9997,1629.0,1832.625,-1.2492999999999999,湖南,纺织,19980527,
600156.SH,华升股份,20160112,12.4934,12.4934,12.4934,12.4934,13.8827,-10.0074,539.0,673.75,-1.3893000000000004,湖南,纺织,19980527,
600156.SH,华升股份,20151207,13.193,13.8827,14.1925,13.193,13.193,5.2278,200397.09,277006.32,0.6897000000000002,湖南,纺织,19980527,
600156.SH,华升股份,20151204,12.0836,13.193,13.3729,11.8937,12.1636,8.463,133385.93,170024.09,1.029399999999999,湖南,纺织,19980527,
600156.SH,华升股份,20151203,12.0536,12.1636,12.1836,11.8737,11.8737,2.4415,57558.96,69293.82,0.28990000000000116,湖南,纺织,19980527,
600156.SH,华升股份,20151202,11.7938,11.8737,12.1436,11.5439,11.9437,-0.5861,51485.03,60862.552,-0.07000000000000028,湖南,纺织,19980527,
600156.SH,华升股份,20151201,11.8238,11.9437,12.0636,11.2741,11.8138,1.0996,61849.29,73236.519,0.12989999999999924,湖南,纺织,19980527,
600156.SH,华升股份,20151130,12.0037,11.8138,12.3135,11.0242,12.0337,-1.8274,108255.59,125932.602,-0.2198999999999991,湖南,纺织,19980527,
600156.SH,华升股份,20151127,12.9432,12.0337,12.9432,11.7838,12.9432,-7.0269,93816.83,116985.391,-0.9094999999999995,湖南,纺织,19980527,
600156.SH,华升股份,20151126,13.253,12.9432,13.303,12.7933,13.253,-2.3376,109790.19,142321.898,-0.30980000000000096,湖南,纺织,19980527,
600156.SH,华升股份,20151125,12.9832,13.253,13.4929,12.7433,13.0731,1.3761,95637.38,125631.826,0.17989999999999995,湖南,纺织,19980527,
600156.SH,华升股份,20151124,13.1231,13.0731,13.333,12.7933,13.1131,-0.305,129174.71,168333.548,-0.03999999999999915,湖南,纺织,19980527,
600156.SH,华升股份,20151123,13.4929,13.1131,13.7428,12.9931,13.5828,-3.458,84856.27,113360.333,-0.46970000000000134,湖南,纺织,19980527,
600156.SH,华升股份,20151120,13.5628,13.5828,13.9426,13.313,13.5828,0.0,88913.34,120530.363,0.0,湖南,纺织,19980527,
600156.SH,华升股份,20151119,12.5734,13.5828,13.6428,12.4934,12.5934,7.8565,135309.76,180650.968,0.9893999999999998,湖南,纺织,19980527,
600156.SH,华升股份,20151118,12.7933,12.5934,12.8332,12.5934,12.8432,-1.945,58340.15,74138.698,-0.2497999999999987,湖南,纺织,19980527,
600156.SH,华升股份,20151117,13.223,12.8432,13.343,12.7433,13.1231,-2.1329,88021.88,114681.039,-0.27990000000000137,湖南,纺织,19980527,
600156.SH,华升股份,20151116,12.6533,13.1231,13.183,12.5234,13.0431,0.6134,79595.03,101727.386,0.08000000000000007,湖南,纺织,19980527,
600156.SH,华升股份,20151113,13.4929,13.0431,13.5329,13.0031,13.6428,-4.3957,95352.62,125606.188,-0.5996999999999986,湖南,纺织,19980527,
600156.SH,华升股份,20151112,14.4724,13.6428,14.4724,13.253,13.1731,3.5656,178267.92,244989.476,0.46969999999999956,湖南,纺织,19980527,
600156.SH,华升股份,20151111,13.3929,13.1731,13.3929,12.9132,13.223,-0.3774,83477.58,109272.519,-0.049900000000000944,湖南,纺织,19980527,
600156.SH,华升股份,20151110,12.8732,13.223,13.5628,12.7133,12.9232,2.3199,104623.82,138703.228,0.2998000000000012,湖南,纺织,19980527,
600156.SH,华升股份,20151109,13.0431,12.9232,13.243,12.6733,13.213,-2.1933,124712.61,161174.272,-0.2897999999999996,湖南,纺织,19980527,
600156.SH,华升股份,20151106,13.183,13.213,13.4929,12.9931,13.193,0.1516,119129.94,157619.041,0.019999999999999574,湖南,纺织,19980527,
600156.SH,华升股份,20151105,12.8932,13.193,13.9726,12.6533,12.8532,2.6437,184403.66,245811.601,0.3398000000000003,湖南,纺织,19980527,
600156.SH,华升股份,20151104,12.5934,12.8532,12.9732,12.2635,12.5634,2.3067,156602.25,198947.876,0.2897999999999996,湖南,纺织,19980527,
600156.SH,华升股份,20151103,11.444,12.5634,12.5634,11.434,11.424,9.9737,207217.88,254055.111,1.1394000000000002,湖南,纺织,19980527,
600156.SH,华升股份,20151102,10.8943,11.424,11.5939,10.6144,11.0542,3.3453,132546.69,149940.094,0.3697999999999997,湖南,纺织,19980527,
600156.SH,华升股份,20151030,11.2041,11.0542,11.2041,10.8043,11.1541,-0.8956,57785.27,63691.779,-0.09989999999999988,湖南,纺织,19980527,
600156.SH,华升股份,20151029,10.9242,11.1541,11.394,10.7943,10.9442,1.9179,82839.13,92198.991,0.2098999999999993,湖南,纺织,19980527,
600156.SH,华升股份,20151028,10.9942,10.9442,11.1941,10.7543,11.0842,-1.2631,60647.87,66648.893,-0.1399999999999988,湖南,纺织,19980527,
600156.SH,华升股份,20151027,10.9942,11.0842,11.0941,10.3445,11.0642,0.1808,75770.94,81457.181,0.019999999999999574,湖南,纺织,19980527,
600156.SH,华升股份,20151026,11.1541,11.0642,11.2641,10.8843,10.8843,1.6528,96242.66,106618.149,0.17989999999999995,湖南,纺织,19980527,
600156.SH,华升股份,20151023,10.5944,10.8843,11.424,10.5944,10.3845,4.8129,91427.43,99676.629,0.49980000000000047,湖南,纺织,19980527,
600156.SH,华升股份,20151022,10.0247,10.3845,10.5145,9.7948,10.0247,3.5891,96273.79,98734.84,0.3597999999999999,湖南,纺织,19980527,
600156.SH,华升股份,20151021,11.2141,10.0247,11.294,10.0247,11.1341,-9.964,118935.93,126891.122,-1.1094000000000008,湖南,纺织,19980527,
600156.SH,华升股份,20151020,10.9942,11.1341,11.2341,10.8743,10.8743,2.3891,81680.03,90625.274,0.25980000000000025,湖南,纺织,19980527,
600156.SH,华升股份,20151019,11.2441,10.8743,11.354,10.6744,11.2441,-3.2888,86953.7,95687.818,-0.3697999999999997,湖南,纺织,19980527,
600156.SH,华升股份,20151016,11.444,11.2441,11.4739,10.9042,11.324,-0.7056,92677.66,103720.483,-0.0799000000000003,湖南,纺织,19980527,
600156.SH,华升股份,20151015,11.0941,11.324,11.454,11.0742,11.2541,0.6211,93352.23,105252.67,0.06990000000000052,湖南,纺织,19980527,
600156.SH,华升股份,20151014,10.8043,11.2541,11.7938,10.8043,10.7943,4.2597,114797.52,128954.565,0.45979999999999954,湖南,纺织,19980527,
600156.SH,华升股份,20151013,10.3945,10.7943,11.344,10.2546,10.4545,3.2503,109229.45,118716.005,0.3398000000000003,湖南,纺织,19980527,
600156.SH,华升股份,20151012,10.1946,10.4545,10.6444,10.1446,9.9847,4.7052,88423.65,92592.904,0.46979999999999933,湖南,纺织,19980527,
600156.SH,华升股份,20151009,9.7948,9.9847,10.2546,9.6949,9.7648,2.252,68655.92,68766.306,0.21990000000000087,湖南,纺织,19980527,
600156.SH,华升股份,20151008,9.7948,9.7648,9.9448,9.495,9.3351,4.6031,73843.96,72092.799,0.42969999999999864,湖南,纺织,19980527,
600156.SH,华升股份,20150930,9.3351,9.3351,9.545,9.1952,9.3351,0.0,41588.12,38985.293,0.0,湖南,纺织,19980527,
600156.SH,华升股份,20150929,9.5949,9.3351,9.7449,9.2751,9.9148,-5.8468,77092.52,73202.412,-0.579699999999999,湖南,纺织,19980527,
600156.SH,华升股份,20150928,9.6949,9.9148,10.1446,9.6749,9.6549,2.6919,85362.54,84829.001,0.2599,湖南,纺织,19980527,
600156.SH,华升股份,20150925,9.1052,9.6549,9.8748,9.0053,9.2051,4.8864,141898.32,135729.43,0.44979999999999976,湖南,纺织,19980527,
600156.SH,华升股份,20150924,9.0652,9.2051,9.2351,8.7954,8.9853,2.4462,69580.21,62629.859,0.21979999999999933,湖南,纺织,19980527,
600156.SH,华升股份,20150923,9.1252,8.9853,9.1752,8.7354,9.3051,-3.4368,71323.28,64062.086,-0.319799999999999,湖南,纺织,19980527,
600156.SH,华升股份,20150922,9.2151,9.3051,9.5949,9.1552,9.2051,1.0864,83989.27,78599.719,0.09999999999999964,湖南,纺织,19980527,
600156.SH,华升股份,20150921,8.8953,9.2051,9.2651,8.6554,8.9353,3.0195,80086.8,72034.175,0.26980000000000004,湖南,纺织,19980527,
600156.SH,华升股份,20150918,9.1152,8.9353,9.2651,8.6954,9.0152,-0.8863,75795.2,68157.197,-0.0799000000000003,湖南,纺织,19980527,
600156.SH,华升股份,20150917,9.495,9.0152,9.8048,8.9953,9.5749,-5.8455,128802.88,120991.7,-0.5596999999999994,湖南,纺织,19980527,
600156.SH,华升股份,20150916,8.6055,9.5749,9.8648,8.2656,8.9653,6.7995,151012.75,135928.855,0.6096000000000004,湖南,纺织,19980527,
600156.SH,华升股份,20150915,9.2151,8.9653,9.8748,8.9653,9.9647,-10.0294,105922.46,96921.281,-0.9994000000000014,湖南,纺织,19980527,
600156.SH,华升股份,20150914,11.304,9.9647,11.344,9.9647,11.0742,-10.0188,116163.12,121929.828,-1.1094999999999988,湖南,纺织,19980527,
600156.SH,华升股份,20150911,10.8743,11.0742,11.294,10.8143,10.6444,4.0378,109013.59,120514.038,0.4298000000000002,湖南,纺织,19980527,
600156.SH,华升股份,20150910,11.1941,10.6444,11.374,10.5444,11.424,-6.8242,131268.72,144072.531,-0.7796000000000003,湖南,纺织,19980527,
600156.SH,华升股份,20150909,10.9942,11.424,11.6938,10.9942,10.9842,4.0039,133457.15,151840.49,0.43979999999999997,湖南,纺织,19980527,
600156.SH,华升股份,20150908,10.3645,10.9842,11.1341,9.6749,10.3046,6.5951,111713.97,115624.969,0.6795999999999989,湖南,纺织,19980527,
600156.SH,华升股份,20150907,10.4945,10.3046,11.2741,10.1946,10.2446,0.5857,150161.76,160302.96,0.0600000000000005,湖南,纺织,19980527,
600156.SH,华升股份,20150902,10.3146,10.2446,11.6938,10.2446,11.384,-10.0088,167974.09,179985.42,-1.1394000000000002,湖南,纺织,19980527,
600156.SH,华升股份,20150901,12.9732,11.384,13.1731,11.384,12.6533,-10.0314,230171.76,282130.356,-1.2692999999999994,湖南,纺织,19980527,
600156.SH,华升股份,20150831,12.1936,12.6533,12.9931,12.0037,11.8438,6.8348,193793.03,241283.882,0.8094999999999999,湖南,纺织,19980527,
600156.SH,华升股份,20150828,11.0742,11.8438,11.8438,11.0742,10.7643,10.0285,181495.3,211608.398,1.0794999999999995,湖南,纺织,19980527,
600156.SH,华升股份,20150827,10.6944,10.7643,11.5939,10.0547,10.7743,-0.0928,248488.49,263178.182,-0.009999999999999787,湖南,纺织,19980527,
600156.SH,华升股份,20150826,11.8937,10.7743,12.1736,10.7743,11.9737,-10.017,256636.97,286451.1,-1.199399999999999,湖南,纺织,19980527,
600156.SH,华升股份,20150825,11.9737,11.9737,12.2236,11.9737,13.303,-9.9925,75665.24,90718.574,-1.3293000000000017,湖南,纺织,19980527,
600156.SH,华升股份,20150824,13.9726,13.303,14.6923,13.303,14.7822,-10.0066,197111.31,268070.141,-1.4791999999999987,湖南,纺织,19980527,
600156.SH,华升股份,20150821,14.3924,14.7822,15.5018,13.6428,14.5024,1.9293,246939.74,364884.142,0.2797999999999998,湖南,纺织,19980527,
600156.SH,华升股份,20150820,14.7922,14.5024,15.7317,13.9926,14.8522,-2.3552,221559.54,337190.489,-0.3498000000000001,湖南,纺织,19980527,
600156.SH,华升股份,20150819,13.5928,14.8522,15.192,13.0031,14.4424,2.8375,221220.78,308576.401,0.4098000000000006,湖南,纺织,19980527,
600156.SH,华升股份,20150818,15.8716,14.4424,16.0415,14.4424,16.0415,-9.9685,244855.91,368641.343,-1.5991,湖南,纺织,19980527,
600156.SH,华升股份,20150817,15.2919,16.0415,16.2914,14.7122,14.9921,6.9997,263882.32,410004.267,1.0493999999999986,湖南,纺织,19980527,
600156.SH,华升股份,20150814,13.7727,14.9921,14.9921,13.7428,13.6328,9.9708,301492.19,447975.26,1.359300000000001,湖南,纺织,19980527,
600156.SH,华升股份,20150813,13.253,13.6328,13.7328,12.9931,13.333,2.2486,192262.07,257804.068,0.2997999999999994,湖南,纺织,19980527,
600156.SH,华升股份,20150812,13.5129,13.333,14.0526,13.303,13.5129,-1.3313,167866.24,229662.945,-0.17989999999999995,湖南,纺织,19980527,
600156.SH,华升股份,20150811,13.0831,13.5129,13.7827,12.9532,12.9732,4.1601,212326.12,282741.223,0.5396999999999998,湖南,纺织,19980527,
600156.SH,华升股份,20150810,11.8438,12.9732,12.9732,11.8438,11.7938,10.0002,196665.58,250764.491,1.1794000000000011,湖南,纺织,19980527,
600156.SH,华升股份,20150807,11.6938,11.7938,12.1536,11.6938,11.6539,1.2005,136029.21,161729.667,0.13989999999999903,湖南,纺织,19980527,
600156.SH,华升股份,20150806,10.8943,11.6539,11.7838,10.8143,11.1841,4.2006,151305.44,174300.73,0.46979999999999933,湖南,纺织,19980527,
600156.SH,华升股份,20150805,10.8743,11.1841,11.6539,10.6944,10.8743,2.8489,205407.37,228387.046,0.30980000000000096,湖南,纺织,19980527,
600156.SH,华升股份,20150804,9.8548,10.8743,11.0242,9.8148,10.0247,8.4751,171786.19,180342.113,0.8496000000000006,湖南,纺织,19980527,
600156.SH,华升股份,20150803,11.1541,10.0247,11.384,10.0247,11.1341,-9.964,190001.96,199527.023,-1.1094000000000008,湖南,纺织,19980527,
600156.SH,华升股份,20150731,11.1741,11.1341,11.6439,10.7543,11.304,-1.503,142877.15,161096.843,-0.16990000000000016,湖南,纺织,19980527,
600156.SH,华升股份,20150730,11.7538,11.304,12.1936,10.8943,11.464,-1.3957,215394.61,254581.205,-0.16000000000000014,湖南,纺织,19980527,
600156.SH,华升股份,20150729,10.7843,11.464,11.464,10.4945,10.4245,9.9717,242416.56,265516.907,1.0395000000000003,湖南,纺织,19980527,
600156.SH,华升股份,20150728,9.8048,10.4245,11.2741,9.7648,10.7743,-3.2466,247813.03,256397.173,-0.3498000000000001,湖南,纺织,19980527,
600156.SH,华升股份,20150727,11.9737,10.7743,12.5634,10.7743,11.9737,-10.017,318145.61,378119.426,-1.199399999999999,湖南,纺织,19980527,
600156.SH,华升股份,20150724,11.0842,11.9737,11.9737,11.0042,10.8843,10.0089,206722.66,244596.359,1.0893999999999995,湖南,纺织,19980527,
600156.SH,华升股份,20150723,9.9048,10.8843,10.8843,9.9048,9.8948,10.0002,203254.21,213517.409,0.9894999999999996,湖南,纺织,19980527,
600156.SH,华升股份,20150722,9.8548,9.8948,10.0447,9.495,9.9048,-0.101,191663.93,188233.861,-0.009999999999999787,湖南,纺织,19980527,
600156.SH,华升股份,20150721,8.9953,9.9048,9.9847,8.8154,9.1652,8.0697,192862.94,184540.723,0.7395999999999994,湖南,纺织,19980527,
600156.SH,华升股份,20150720,8.8953,9.1652,9.3651,8.7454,8.8353,3.7339,216522.23,197535.823,0.3299000000000003,湖南,纺织,19980527,
600156.SH,华升股份,20150717,8.0558,8.8353,8.8353,8.0058,8.0358,9.9492,231407.54,199305.476,0.7995000000000001,湖南,纺织,19980527,
600156.SH,华升股份,20150716,7.0163,8.0358,8.3156,7.0163,7.7859,3.2096,230401.53,179025.307,0.24990000000000023,湖南,纺织,19980527,
600156.SH,华升股份,20150715,9.0452,7.7859,9.0452,7.4261,8.2257,-5.3467,390500.88,330145.089,-0.43979999999999997,湖南,纺织,19980527,
600156.SH,华升股份,20150714,8.2257,8.2257,8.2257,8.2257,7.4761,10.0266,5077.0,4178.371,0.7496,湖南,纺织,19980527,
600156.SH,华升股份,20150713,7.4761,7.4761,7.4761,7.4761,6.7964,10.0009,6521.22,4877.873,0.6796999999999995,湖南,纺织,19980527,
600156.SH,华升股份,20150708,6.7964,6.7964,6.7964,6.7964,7.546,-9.9337,5263.0,3578.84,-0.7496,湖南,纺织,19980527,
600156.SH,华升股份,20150707,7.546,7.546,7.546,7.546,8.3856,-10.0124,37127.0,28030.885,-0.8395999999999999,湖南,纺织,19980527,
600156.SH,华升股份,20150706,9.9947,8.3856,9.9947,8.3856,9.3151,-9.9784,221876.0,200415.826,-0.9294999999999991,湖南,纺织,19980527,
600156.SH,华升股份,20150703,9.7848,9.3151,9.7848,9.3151,10.3545,-10.0381,242834.85,227081.811,-1.0394000000000005,湖南,纺织,19980527,
600156.SH,华升股份,20150702,11.4739,10.3545,11.4739,10.3545,11.5039,-9.9914,178885.43,189851.056,-1.1494,湖南,纺织,19980527,
600156.SH,华升股份,20150701,11.7938,11.5039,12.2635,10.7843,11.7938,-2.4581,217570.06,255902.752,-0.2898999999999994,湖南,纺织,19980527,
600156.SH,华升股份,20150630,10.9942,11.7938,12.2935,10.1546,11.284,4.5179,256570.2,280530.461,0.5097999999999985,湖南,纺织,19980527,
600156.SH,华升股份,20150629,12.8932,11.284,12.8932,11.2641,12.5134,-9.8247,172380.73,200022.57,-1.2294,湖南,纺织,19980527,
600156.SH,华升股份,20150626,13.4929,12.5134,13.4929,12.5134,13.9027,-9.993,125671.12,162557.399,-1.3892999999999986,湖南,纺织,19980527,
600156.SH,华升股份,20150625,14.1925,13.9027,14.7722,13.7128,14.1525,-1.7651,153817.93,219196.594,-0.24980000000000047,湖南,纺织,19980527,
600156.SH,华升股份,20150624,14.1226,14.1525,14.4724,13.4929,14.0926,0.425,143565.59,202416.381,0.05990000000000073,湖南,纺织,19980527,
600156.SH,华升股份,20150623,14.4924,14.0926,14.7822,12.9732,14.4124,-2.2189,140928.39,191873.928,-0.31980000000000075,湖南,纺织,19980527,
600156.SH,华升股份,20150619,15.5118,14.4124,15.8416,14.4124,16.0116,-9.9878,147296.22,219673.344,-1.5992000000000015,湖南,纺织,19980527,
600156.SH,华升股份,20150618,16.9411,16.0116,16.981,15.9916,16.981,-5.7087,130466.36,213895.682,-0.9694000000000003,湖南,纺织,19980527,
600156.SH,华升股份,20150617,16.6412,16.981,17.3409,15.7917,16.9511,0.1764,214853.32,352371.402,0.02990000000000137,湖南,纺织,19980527,
600156.SH,华升股份,20150616,16.991,16.9511,17.9905,16.6712,17.4408,-2.8078,189995.1,329496.911,-0.48969999999999914,湖南,纺织,19980527,
600156.SH,华升股份,20150615,17.2409,17.4408,17.7406,16.7911,17.2309,1.2182,191381.14,332660.734,0.20990000000000109,湖南,纺织,19980527,
600156.SH,华升股份,20150612,16.3914,17.2309,17.6607,16.1115,16.4113,4.9941,207550.94,351953.543,0.8195999999999977,湖南,纺织,19980527,
600156.SH,华升股份,20150611,16.6412,16.4113,16.6912,16.1915,16.7612,-2.0876,161246.67,264429.522,-0.3498999999999981,湖南,纺织,19980527,
600156.SH,华升股份,20150610,16.7911,16.7612,17.8706,16.6212,17.121,-2.1015,219656.81,376586.324,-0.3597999999999999,湖南,纺织,19980527,
600156.SH,华升股份,20150609,15.9916,17.121,17.3309,15.7017,16.1515,6.0025,286418.48,472676.735,0.9695,湖南,纺织,19980527,
600156.SH,华升股份,20150608,16.6112,16.1515,16.6912,15.7917,16.6112,-2.7674,260096.06,419339.759,-0.45970000000000155,湖南,纺织,19980527,
600156.SH,华升股份,20150605,15.9916,16.6112,17.2409,15.3719,15.7117,5.725,430516.19,710485.35,0.8994999999999997,湖南,纺织,19980527,
600156.SH,华升股份,20150604,14.2125,15.7117,15.7117,13.9227,14.2825,10.0067,444906.01,667432.369,1.4291999999999998,湖南,纺织,19980527,
600156.SH,华升股份,20150603,14.0826,14.2825,14.8722,13.9426,14.0826,1.4195,256725.07,367752.205,0.1999000000000013,湖南,纺织,19980527,
600156.SH,华升股份,20150602,13.4429,14.0826,14.1425,13.1331,13.4329,4.8366,229817.42,314759.344,0.6496999999999993,湖南,纺织,19980527,
600156.SH,华升股份,20150601,12.8232,13.4329,13.4529,12.8232,12.8732,4.3478,181346.33,239522.379,0.5596999999999994,湖南,纺织,19980527,
600156.SH,华升股份,20150529,13.323,12.8732,13.7727,12.3335,13.5029,-4.6634,212795.82,277206.725,-0.6296999999999997,湖南,纺织,19980527,
600156.SH,华升股份,20150528,14.9221,13.5029,15.3519,13.5029,15.0021,-9.9933,275461.14,403975.22,-1.4992,湖南,纺织,19980527,
600156.SH,华升股份,20150527,14.3025,15.0021,15.4219,13.7228,14.2825,5.0383,312417.81,452835.35,0.7195999999999998,湖南,纺织,19980527,
600156.SH,华升股份,20150526,13.6428,14.2825,14.4124,13.6328,13.6428,4.6889,266407.5,377902.223,0.6397000000000013,湖南,纺织,19980527,
600156.SH,华升股份,20150525,13.4429,13.6428,13.8427,13.1031,13.5828,0.4417,246169.97,333309.064,0.05999999999999872,湖南,纺织,19980527,
600156.SH,华升股份,20150522,13.7927,13.5828,13.9027,13.3729,13.7128,-0.948,226439.82,307086.267,-0.129999999999999,湖南,纺织,19980527,
600156.SH,华升股份,20150521,13.293,13.7128,13.8727,13.233,13.333,2.8486,280838.29,380534.265,0.37979999999999947,湖南,纺织,19980527,
600156.SH,华升股份,20150520,13.293,13.333,13.5828,13.0031,13.6328,-2.1991,304420.36,404536.183,-0.2997999999999994,湖南,纺织,19980527,
600156.SH,华升股份,20150519,13.313,13.6328,13.9726,13.1631,14.6223,-6.7671,429650.63,581981.894,-0.9894999999999996,湖南,纺织,19980527,
600156.SH,华升股份,20150515,13.1331,14.6223,14.7022,12.8132,13.3729,9.3428,246672.61,336652.107,1.2493999999999996,湖南,纺织,19980527,
600156.SH,华升股份,20150514,12.9532,13.3729,13.5728,12.2036,12.3435,8.3396,368417.27,479918.921,1.029399999999999,湖南,纺织,19980527,
600156.SH,华升股份,20150513,11.2341,12.3435,12.3435,11.2341,11.2241,9.9732,183796.03,222921.062,1.1194000000000006,湖南,纺织,19980527,
600156.SH,华升股份,20150512,11.0542,11.2241,11.424,11.0042,11.394,-1.4911,170890.95,190845.748,-0.16990000000000016,湖南,纺织,19980527,
600156.SH,华升股份,20150511,10.9942,11.394,11.424,10.9642,11.0442,3.1673,151161.38,169378.037,0.3498000000000001,湖南,纺织,19980527,
600156.SH,华升股份,20150508,10.3945,11.0442,11.1041,10.2946,10.0947,9.4059,153539.58,164344.015,0.9495000000000005,湖南,纺织,19980527,
600156.SH,华升股份,20150507,10.9842,10.0947,11.0842,9.9547,11.0642,-8.7625,129758.54,136438.364,-0.9695,湖南,纺织,19980527,
600156.SH,华升股份,20150506,11.6938,11.0642,11.9737,10.9542,11.6239,-4.8151,93031.56,107810.429,-0.5597000000000012,湖南,纺织,19980527,
600156.SH,华升股份,20150505,12.2435,11.6239,12.3635,11.5439,12.1636,-4.437,101456.95,120920.628,-0.5396999999999998,湖南,纺织,19980527,
600156.SH,华升股份,20150504,12.1236,12.1636,12.4734,11.5939,12.1836,-0.1642,107187.74,128980.179,-0.019999999999999574,湖南,纺织,19980527,
600156.SH,华升股份,20150430,12.0237,12.1836,12.6733,12.0237,12.0636,0.9947,107936.5,133612.05,0.120000000000001,湖南,纺织,19980527,
600156.SH,华升股份,20150429,11.5139,12.0636,12.7833,11.5139,11.6439,3.6045,124452.96,150652.684,0.41969999999999885,湖南,纺织,19980527,
600156.SH,华升股份,20150428,12.4634,11.6439,12.4634,11.294,12.4534,-6.5002,157598.0,187920.456,-0.8094999999999999,湖南,纺织,19980527,
600156.SH,华升股份,20150427,13.1431,12.4534,13.1631,12.1936,12.7033,-1.9672,195627.53,247002.196,-0.24990000000000023,湖南,纺织,19980527,
600156.SH,华升股份,20150424,12.7433,12.7033,13.223,12.1336,12.4934,1.6801,221386.97,277655.319,0.20990000000000109,湖南,纺织,19980527,
600156.SH,华升股份,20150423,11.8138,12.4934,12.4934,11.454,11.354,10.0352,244334.82,293644.739,1.1394000000000002,湖南,纺织,19980527,
600156.SH,华升股份,20150422,11.1841,11.354,11.6938,11.1541,11.1441,1.8835,150174.89,171445.786,0.2098999999999993,湖南,纺织,19980527,
600156.SH,华升股份,20150421,10.7443,11.1441,11.294,10.5944,10.7543,3.6246,160589.93,174711.78,0.38979999999999926,湖南,纺织,19980527,
600156.SH,华升股份,20150420,11.444,10.7543,11.5939,10.6944,11.324,-5.0309,222542.04,248986.733,-0.5696999999999992,湖南,纺织,19980527,
600156.SH,华升股份,20150417,11.1641,11.324,11.374,10.9442,11.0842,2.1634,197472.97,220345.123,0.23980000000000068,湖南,纺织,19980527,
600156.SH,华升股份,20150416,10.6444,11.0842,11.2741,10.2946,10.8743,1.9302,167363.45,181924.775,0.2098999999999993,湖南,纺织,19980527,
600156.SH,华升股份,20150415,10.9442,10.8743,11.5939,10.7143,10.9242,-0.4568,186154.44,207554.961,-0.049900000000000944,湖南,纺织,19980527,
600156.SH,华升股份,20150414,10.6944,10.9242,11.2041,10.6144,10.8543,0.644,205121.72,225006.535,0.06990000000000052,湖南,纺织,19980527,
600156.SH,华升股份,20150413,10.5145,10.8543,11.2141,10.3246,10.2046,6.3667,321989.07,346880.293,0.649700000000001,湖南,纺织,19980527,
600156.SH,华升股份,20150410,9.3751,10.2046,10.2046,9.2151,9.2751,10.0215,160746.55,157940.402,0.9294999999999991,湖南,纺织,19980527,
600156.SH,华升股份,20150409,9.495,9.2751,9.6749,8.8953,9.445,-1.7988,162343.7,151055.757,-0.16990000000000016,湖南,纺织,19980527,
600156.SH,华升股份,20150408,9.7948,9.445,9.8548,9.395,9.7449,-3.0775,181017.82,173778.57,-0.29989999999999917,湖南,纺织,19980527,
600156.SH,华升股份,20150407,9.6449,9.7449,9.8648,9.505,9.5949,1.5633,179045.23,173898.886,0.14999999999999858,湖南,纺织,19980527,
600156.SH,华升股份,20150403,9.2751,9.5949,9.6949,9.2151,9.2451,3.7836,226301.33,214325.385,0.3498000000000001,湖南,纺织,19980527,
600156.SH,华升股份,20150402,9.1652,9.2451,9.425,9.1252,9.1452,1.0924,202362.64,187916.314,0.09989999999999988,湖南,纺织,19980527,
600156.SH,华升股份,20150401,9.1152,9.1452,9.1952,9.0252,9.1252,0.2192,182926.3,166880.998,0.02000000000000135,湖南,纺织,19980527,
600156.SH,华升股份,20150331,9.1652,9.1252,9.2551,9.0053,9.1252,0.0,158079.75,144379.789,0.0,湖南,纺织,19980527,
600156.SH,华升股份,20150330,9.0252,9.1252,9.1952,8.9753,9.0252,1.108,145662.48,132163.713,0.09999999999999964,湖南,纺织,19980527,
600156.SH,华升股份,20150327,9.0053,9.0252,9.1052,8.9653,9.0053,0.221,110340.38,99723.43,0.019899999999999807,湖南,纺织,19980527,
600156.SH,华升股份,20150326,8.8953,9.0053,9.1552,8.8553,9.0352,-0.3309,156290.36,141079.477,-0.029899999999999594,湖南,纺织,19980527,
600156.SH,华升股份,20150325,9.1052,9.0352,9.1652,8.8953,9.1252,-0.9863,160236.33,144773.286,-0.08999999999999986,湖南,纺织,19980527,
600156.SH,华升股份,20150324,9.2251,9.1252,9.2251,8.6854,9.2351,-1.19,199761.27,179657.127,-0.10989999999999966,湖南,纺织,19980527,
600156.SH,华升股份,20150323,9.1652,9.2351,9.3851,9.0852,9.1552,0.8727,165493.55,152302.43,0.07989999999999853,湖南,纺织,19980527,
600156.SH,华升股份,20150320,9.1352,9.1552,9.2451,9.0053,9.1552,0.0,145499.92,132818.754,0.0,湖南,纺织,19980527,
600156.SH,华升股份,20150319,8.9753,9.1552,9.2651,8.8253,8.9753,2.0044,208411.99,188557.729,0.17989999999999995,湖南,纺织,19980527,
600156.SH,华升股份,20150318,8.8353,8.9753,9.1452,8.7454,8.8353,1.5846,172279.05,154364.159,0.14000000000000057,湖南,纺织,19980527,
600156.SH,华升股份,20150317,8.5955,8.8353,8.8953,8.5355,8.5855,2.9096,179099.76,156585.519,0.24980000000000047,湖南,纺织,19980527,
600156.SH,华升股份,20150316,8.4555,8.5855,8.6155,8.4056,8.4256,1.8978,133419.61,113704.982,0.15990000000000038,湖南,纺织,19980527,
600156.SH,华升股份,20150313,8.5055,8.4256,8.6155,8.3856,8.5055,-0.9394,85428.85,72397.461,-0.0799000000000003,湖南,纺织,19980527,
600156.SH,华升股份,20150312,8.6055,8.5055,8.7954,8.4356,8.6055,-1.162,127358.66,109979.612,-0.09999999999999964,湖南,纺织,19980527,
600156.SH,华升股份,20150311,8.3856,8.6055,8.7354,8.3056,8.4056,2.3782,139796.35,119424.362,0.19989999999999952,湖南,纺织,19980527,
600156.SH,华升股份,20150310,8.3756,8.4056,8.5655,8.3256,8.3956,0.1191,89877.76,76213.19,0.009999999999999787,湖南,纺织,19980527,
600156.SH,华升股份,20150309,8.2457,8.3956,8.4156,8.1957,8.2357,1.9415,96185.43,80226.8,0.15990000000000038,湖南,纺织,19980527,
600156.SH,华升股份,20150306,8.0957,8.2357,8.3956,8.0058,8.1657,0.8572,135358.31,111640.945,0.07000000000000028,湖南,纺织,19980527,
600156.SH,华升股份,20150305,8.1857,8.1657,8.3156,8.0957,8.2257,-0.7294,82392.31,67426.066,-0.0600000000000005,湖南,纺织,19980527,
600156.SH,华升股份,20150304,8.1857,8.2257,8.3556,8.1057,8.1957,0.366,79702.82,65552.339,0.02999999999999936,湖南,纺织,19980527,
600156.SH,华升股份,20150303,8.2956,8.1957,8.5155,8.1857,8.3356,-1.6783,113844.05,95185.332,-0.13989999999999903,湖南,纺织,19980527,
600156.SH,华升股份,20150302,8.3356,8.3356,8.3556,8.2157,8.3656,-0.3586,121861.1,101112.508,-0.030000000000001137,湖南,纺织,19980527,
600156.SH,华升股份,20150227,8.0857,8.3656,8.4256,8.0058,8.0757,3.5898,157368.78,129274.005,0.28990000000000116,湖南,纺织,19980527,
600156.SH,华升股份,20150226,7.8059,8.0757,8.1457,7.6859,7.8059,3.4564,103853.39,82458.449,0.26979999999999915,湖南,纺织,19980527,
600156.SH,华升股份,20150225,7.9958,7.8059,8.0258,7.7959,7.8958,-1.1386,51550.26,40652.012,-0.08990000000000009,湖南,纺织,19980527,
600156.SH,华升股份,20150217,7.9558,7.8958,8.0558,7.8159,7.9358,-0.504,66493.07,52511.03,-0.040000000000000036,湖南,纺织,19980527,
600156.SH,华升股份,20150216,7.7159,7.9358,7.9558,7.666,7.7159,2.85,85877.02,67371.061,0.21989999999999998,湖南,纺织,19980527,
600156.SH,华升股份,20150213,7.626,7.7159,7.7659,7.596,7.566,1.9812,81206.32,62452.993,0.1499000000000006,湖南,纺织,19980527,
600156.SH,华升股份,20150212,7.606,7.566,7.7659,7.556,7.616,-0.6565,66819.88,51033.058,-0.04999999999999982,湖南,纺织,19980527,
600156.SH,华升股份,20150211,7.536,7.616,7.7159,7.4761,7.566,0.6609,62159.06,47452.647,0.04999999999999982,湖南,纺织,19980527,
600156.SH,华升股份,20150210,7.4561,7.566,7.586,7.3761,7.4361,1.7469,64483.89,48196.572,0.12990000000000013,湖南,纺织,19980527,
600156.SH,华升股份,20150209,7.566,7.4361,7.626,7.3761,7.556,-1.5868,74933.58,55870.215,-0.11990000000000034,湖南,纺织,19980527,
600156.SH,华升股份,20150206,7.7159,7.556,7.8659,7.536,7.7859,-2.9528,86066.43,66466.4,-0.22989999999999977,湖南,纺织,19980527,
600156.SH,华升股份,20150205,8.2656,7.7859,8.2656,7.7659,8.1457,-4.4171,131932.0,105839.534,-0.3597999999999999,湖南,纺织,19980527,
600156.SH,华升股份,20150204,8.3256,8.1457,8.5255,8.1357,8.3156,-2.0431,83921.3,70045.392,-0.16990000000000016,湖南,纺织,19980527,
600156.SH,华升股份,20150203,8.1457,8.3156,8.4356,8.1257,8.1757,1.7112,90109.7,74944.183,0.13989999999999903,湖南,纺织,19980527,
600156.SH,华升股份,20150202,8.1757,8.1757,8.2257,7.9258,8.2157,-0.4869,104183.22,84173.246,-0.03999999999999915,湖南,纺织,19980527,
600156.SH,华升股份,20150130,8.6954,8.2157,8.7754,8.1557,8.7654,-6.2712,168901.54,141773.398,-0.5496999999999996,湖南,纺织,19980527,
600156.SH,华升股份,20150129,8.7154,8.7654,8.9053,8.6255,8.7054,0.6892,108395.39,95106.312,0.0600000000000005,湖南,纺织,19980527,
600156.SH,华升股份,20150128,8.6954,8.7054,8.8453,8.6454,8.8353,-1.4702,144316.16,126184.495,-0.12990000000000101,湖南,纺织,19980527,
600156.SH,华升股份,20150127,9.0152,8.8353,9.1552,8.6155,9.2451,-4.4326,345477.34,307005.713,-0.4098000000000006,湖南,纺织,19980527,
600156.SH,华升股份,20150126,9.515,9.2451,9.7848,9.0652,9.515,-2.8366,494121.43,461204.185,-0.2698999999999998,湖南,纺织,19980527,
600156.SH,华升股份,20150123,9.515,9.515,9.515,9.445,8.6454,10.0585,247367.46,235404.913,0.8696000000000002,湖南,纺织,19980527,
600156.SH,华升股份,20150122,8.2656,8.6454,8.8853,8.1457,8.3856,3.0982,253432.73,215622.337,0.25980000000000025,湖南,纺织,19980527,
600156.SH,华升股份,20150121,7.9458,8.3856,8.6754,7.8359,7.9258,5.8013,285485.82,237528.384,0.45980000000000043,湖南,纺织,19980527,
600156.SH,华升股份,20150120,7.2662,7.9258,7.9258,7.2662,7.2062,9.9858,223462.06,173851.337,0.7195999999999998,湖南,纺织,19980527,
600156.SH,华升股份,20150119,7.4161,7.2062,7.656,7.0663,7.8559,-8.2702,108574.46,80701.868,-0.6497000000000002,湖南,纺织,19980527,
600156.SH,华升股份,20150116,7.2762,7.8559,7.8758,7.2262,7.2762,7.9671,128185.16,97546.815,0.5796999999999999,湖南,纺织,19980527,
600156.SH,华升股份,20150115,7.2962,7.2762,7.3861,7.2262,7.3161,-0.5454,28347.4,20727.444,-0.03989999999999938,湖南,纺织,19980527,
600156.SH,华升股份,20150114,7.4061,7.3161,7.4361,7.2262,7.3961,-1.0817,28558.42,20980.887,-0.08000000000000007,湖南,纺织,19980527,
600156.SH,华升股份,20150113,7.3661,7.3961,7.4561,7.3161,7.3661,0.4073,27189.54,20075.434,0.02999999999999936,湖南,纺织,19980527,
600156.SH,华升股份,20150112,7.496,7.3661,7.7559,7.2962,7.4661,-1.3394,56004.63,42059.682,-0.09999999999999964,湖南,纺织,19980527,
600156.SH,华升股份,20150109,7.576,7.4661,7.7159,7.4561,7.666,-2.6076,50897.83,38646.546,-0.1999000000000004,湖南,纺织,19980527,
600156.SH,华升股份,20150108,7.4161,7.666,7.7559,7.2462,7.3961,3.6492,78664.68,59115.202,0.2699000000000007,湖南,纺织,19980527,
600156.SH,华升股份,20150107,7.3361,7.3961,7.4661,7.2462,7.3661,0.4073,37246.71,27494.027,0.02999999999999936,湖南,纺织,19980527,
600156.SH,华升股份,20150106,7.3261,7.3661,7.3661,7.1662,7.3961,-0.4056,51471.02,37446.753,-0.02999999999999936,湖南,纺织,19980527,
600156.SH,华升股份,20150105,7.4461,7.3961,7.4661,7.2162,7.4461,-0.6715,53993.22,39669.283,-0.05000000000000071,湖南,纺织,19980527,
600156.SH,华升股份,20141231,7.2962,7.4461,7.4761,7.2662,7.3361,1.4994,37096.59,27372.203,0.11000000000000032,湖南,纺织,19980527,
600156.SH,华升股份,20141230,7.506,7.3361,7.526,7.2762,7.516,-2.3936,60158.69,44351.725,-0.17989999999999995,湖南,纺织,19980527,
600156.SH,华升股份,20141229,7.9358,7.516,8.1057,7.4461,7.9058,-4.9306,106960.42,82920.245,-0.38980000000000015,湖南,纺织,19980527,
600156.SH,华升股份,20141226,7.6959,7.9058,7.9958,7.606,7.7059,2.5941,99235.44,77634.462,0.1999000000000004,湖南,纺织,19980527,
600156.SH,华升股份,20141225,7.6959,7.7059,7.8459,7.596,7.7059,0.0,70150.75,54162.715,0.0,湖南,纺织,19980527,
600156.SH,华升股份,20141224,7.3861,7.7059,7.9858,7.3061,7.2862,5.7602,95469.24,72932.486,0.41969999999999974,湖南,纺织,19980527,
600156.SH,华升股份,20141223,7.2262,7.2862,7.596,7.1362,7.1862,1.3916,53661.2,39378.885,0.09999999999999964,湖南,纺织,19980527,
600156.SH,华升股份,20141222,7.4761,7.1862,7.606,7.0963,7.6859,-6.5015,117316.95,85163.732,-0.4996999999999998,湖南,纺织,19980527,
600156.SH,华升股份,20141219,7.6959,7.6859,7.7959,7.3861,7.8259,-1.7889,127276.02,96281.385,-0.13999999999999968,湖南,纺织,19980527,
600156.SH,华升股份,20141218,8.1557,7.8259,8.3756,7.8159,8.1257,-3.6895,128506.76,103398.297,-0.2998000000000003,湖南,纺织,19980527,
600156.SH,华升股份,20141217,7.9658,8.1257,8.5055,7.9458,7.8858,3.0422,206616.65,170403.629,0.23990000000000045,湖南,纺织,19980527,
600156.SH,华升股份,20141216,7.8858,7.8858,7.9458,7.7859,7.8459,0.5085,90203.02,70822.804,0.03989999999999938,湖南,纺织,19980527,
600156.SH,华升股份,20141215,7.7159,7.8459,7.8858,7.576,7.7159,1.6848,117275.61,90976.489,0.1299999999999999,湖南,纺织,19980527,
600156.SH,华升股份,20141212,7.2362,7.7159,7.9358,7.2362,7.2162,6.9247,165250.22,126320.696,0.4997000000000007,湖南,纺织,19980527,
600156.SH,华升股份,20141211,7.1862,7.2162,7.2562,7.1063,7.2262,-0.1384,54043.27,38736.651,-0.010000000000000675,湖南,纺织,19980527,
600156.SH,华升股份,20141210,6.9963,7.2262,7.2762,6.9563,7.0363,2.6989,61889.58,44059.762,0.18990000000000062,湖南,纺织,19980527,
600156.SH,华升股份,20141209,7.4361,7.0363,7.4361,6.9363,7.4361,-5.3765,116874.33,84292.225,-0.39979999999999993,湖南,纺织,19980527,
600156.SH,华升股份,20141208,7.4061,7.4361,7.496,7.1462,7.516,-1.0631,114472.53,84136.49,-0.0799000000000003,湖南,纺织,19980527,
600156.SH,华升股份,20141205,7.8159,7.516,7.9558,7.3961,7.7759,-3.3424,150915.11,116181.365,-0.2599,湖南,纺织,19980527,
600156.SH,华升股份,20141204,7.596,7.7759,7.7859,7.4561,7.606,2.2338,127110.14,97070.831,0.16990000000000016,湖南,纺织,19980527,
600156.SH,华升股份,20141203,7.626,7.606,7.7659,7.496,7.556,0.6617,101416.07,77178.771,0.04999999999999982,湖南,纺织,19980527,
600156.SH,华升股份,20141202,7.496,7.556,7.646,7.3461,7.546,0.1325,121960.69,91686.729,0.009999999999999787,湖南,纺织,19980527,
600156.SH,华升股份,20141201,8.0757,7.546,8.0757,7.3961,8.0957,-6.79,191457.31,146052.77,-0.5497000000000005,湖南,纺织,19980527,
600156.SH,华升股份,20141128,8.0657,8.0957,8.1757,7.9258,8.2556,-1.9369,133921.78,107903.024,-0.1598999999999986,湖南,纺织,19980527,
600156.SH,华升股份,20141127,7.8459,8.2556,8.3256,7.6859,7.7459,6.5803,186538.1,150110.029,0.5096999999999996,湖南,纺织,19980527,
600156.SH,华升股份,20141126,7.606,7.7459,7.9058,7.556,7.576,2.2426,116951.99,90735.051,0.16990000000000016,湖南,纺织,19980527,
600156.SH,华升股份,20141125,7.4861,7.576,7.616,7.4261,7.4761,1.3363,82277.0,61836.717,0.09989999999999988,湖南,纺织,19980527,
600156.SH,华升股份,20141124,7.496,7.4761,7.586,7.4261,7.4361,0.5379,105606.91,79275.413,0.040000000000000036,湖南,纺织,19980527,
600156.SH,华升股份,20141121,7.2962,7.4361,7.4661,7.2562,7.2962,1.9174,64473.42,47636.686,0.1398999999999999,湖南,纺织,19980527,
600156.SH,华升股份,20141120,7.3861,7.2962,7.4161,7.2562,7.3961,-1.3507,48923.07,35886.506,-0.09989999999999988,湖南,纺织,19980527,
600156.SH,华升股份,20141119,7.3361,7.3961,7.4061,7.2062,7.2962,1.3692,60152.87,44118.481,0.09989999999999988,湖南,纺织,19980527,
600156.SH,华升股份,20141118,7.3361,7.2962,7.496,7.2362,7.3561,-0.8143,53919.73,39719.291,-0.05989999999999984,湖南,纺织,19980527,
600156.SH,华升股份,20141117,7.2462,7.3561,7.3761,7.1262,7.1962,2.222,63851.9,46333.124,0.1598999999999995,湖南,纺织,19980527,
600156.SH,华升股份,20141114,7.0863,7.1962,7.2262,6.9763,7.0963,1.4078,51314.05,36628.359,0.09989999999999988,湖南,纺织,19980527,
600156.SH,华升股份,20141113,7.2262,7.0963,7.2262,7.0463,7.0563,0.5669,54913.09,39161.438,0.040000000000000036,湖南,纺织,19980527,
600156.SH,华升股份,20141112,6.9064,7.0563,7.0663,6.8464,6.9263,1.8769,53326.71,37190.423,0.1299999999999999,湖南,纺织,19980527,
600156.SH,华升股份,20141111,7.1562,6.9263,7.3061,6.8964,7.1962,-3.7506,79138.04,56331.379,-0.2698999999999998,湖南,纺织,19980527,
600156.SH,华升股份,20141110,7.2362,7.1962,7.2362,7.1262,7.1662,0.4186,37667.99,27044.947,0.03000000000000025,湖南,纺织,19980527,
600156.SH,华升股份,20141107,7.2062,7.1662,7.2462,7.1162,7.1862,-0.2783,45955.9,33027.8,-0.020000000000000462,湖南,纺织,19980527,
600156.SH,华升股份,20141106,7.1862,7.1862,7.2062,6.9263,7.1262,0.842,99445.23,70707.8,0.0600000000000005,湖南,纺织,19980527,
600156.SH,华升股份,20141105,7.2762,7.1262,7.2862,7.0963,7.2862,-2.1959,64522.88,46227.108,-0.16000000000000014,湖南,纺织,19980527,
600156.SH,华升股份,20141104,7.4561,7.2862,7.556,7.2762,7.4861,-2.6703,56465.31,41896.414,-0.1999000000000004,湖南,纺织,19980527,
600156.SH,华升股份,20141103,7.4761,7.4861,7.546,7.4161,7.506,-0.2651,54138.56,40473.979,-0.019899999999999807,湖南,纺织,19980527,
600156.SH,华升股份,20141031,7.576,7.506,7.7259,7.4261,7.576,-0.924,77843.22,58681.793,-0.0699999999999994,湖南,纺织,19980527,
600156.SH,华升股份,20141030,7.506,7.576,7.6859,7.3061,7.506,0.9326,96204.06,72199.066,0.0699999999999994,湖南,纺织,19980527,
600156.SH,华升股份,20141029,7.4461,7.506,7.656,7.3861,7.4361,0.94,97518.0,73310.859,0.06990000000000052,湖南,纺织,19980527,
600156.SH,华升股份,20141028,7.1962,7.4361,7.4761,7.1862,7.1662,3.7663,64340.49,47402.966,0.2698999999999998,湖南,纺织,19980527,
600156.SH,华升股份,20141027,7.1262,7.1662,7.3461,7.0863,7.0863,1.1275,58785.46,42262.209,0.0799000000000003,湖南,纺织,19980527,
600156.SH,华升股份,20141024,7.1762,7.0863,7.4261,7.0363,7.1762,-1.2528,92522.96,66640.088,-0.08990000000000009,湖南,纺织,19980527,
600156.SH,华升股份,20141023,7.7659,7.1762,7.7659,7.1762,7.7159,-6.9946,130416.41,96524.514,-0.5397000000000007,湖南,纺织,19980527,
600156.SH,华升股份,20141022,7.8758,7.7159,8.0558,7.676,7.8359,-1.5314,75997.82,59588.981,-0.11999999999999922,湖南,纺织,19980527,
600156.SH,华升股份,20141021,7.7859,7.8359,8.1457,7.6959,7.8159,0.2559,108333.38,86233.302,0.019999999999999574,湖南,纺织,19980527,
600156.SH,华升股份,20141020,8.1057,7.8159,8.2357,7.646,8.0558,-2.978,152752.42,120702.501,-0.23989999999999956,湖南,纺织,19980527,
600156.SH,华升股份,20141017,8.1557,8.0558,8.3356,7.8559,8.1357,-0.9821,132057.72,106648.667,-0.0799000000000003,湖南,纺织,19980527,
600156.SH,华升股份,20141016,7.9858,8.1357,8.3956,7.8758,7.9658,2.1329,181036.12,147739.571,0.16990000000000016,湖南,纺织,19980527,
600156.SH,华升股份,20141015,7.7459,7.9658,7.9758,7.6859,7.7059,3.3727,121484.12,95241.932,0.2599,湖南,纺织,19980527,
600156.SH,华升股份,20141014,7.4261,7.7059,7.9258,7.3961,7.4461,3.4891,125645.06,96388.986,0.25979999999999936,湖南,纺织,19980527,
600156.SH,华升股份,20141013,7.4761,7.4461,7.596,7.2062,7.566,-1.5847,83717.11,61947.518,-0.11989999999999945,湖南,纺织,19980527,
600156.SH,华升股份,20141010,7.496,7.566,7.8858,7.4361,7.4761,1.2025,125248.63,96346.701,0.08990000000000009,湖南,纺织,19980527,
600156.SH,华升股份,20141009,7.2162,7.4761,7.536,7.2162,7.2162,3.6016,136879.65,101393.754,0.2599,湖南,纺织,19980527,
600156.SH,华升股份,20141008,7.2062,7.2162,7.2662,7.1262,7.1662,0.6977,68561.41,49464.79,0.04999999999999982,湖南,纺织,19980527,
600156.SH,华升股份,20140930,7.1362,7.1662,7.2262,7.0263,7.1462,0.2799,82275.1,58919.979,0.019999999999999574,湖南,纺织,19980527,
600156.SH,华升股份,20140929,7.2962,7.1462,7.3961,7.1162,7.2962,-2.0559,146398.96,105943.707,-0.14999999999999947,湖南,纺织,19980527,
600156.SH,华升股份,20140926,7.3761,7.2962,7.4261,7.2262,7.4061,-1.4839,88301.72,64603.137,-0.10990000000000055,湖南,纺织,19980527,
600156.SH,华升股份,20140925,7.3961,7.4061,7.4261,7.1063,7.3561,0.6797,181207.28,131680.543,0.05000000000000071,湖南,纺织,19980527,
600156.SH,华升股份,20140924,7.4561,7.3561,7.7059,7.2362,7.516,-2.1275,171301.35,126741.659,-0.15990000000000038,湖南,纺织,19980527,
600156.SH,华升股份,20140923,7.2162,7.516,7.566,7.1362,7.2562,3.5804,147069.9,109266.176,0.25980000000000025,湖南,纺织,19980527,
600156.SH,华升股份,20140922,7.0963,7.2562,7.3761,7.0063,7.1662,1.2559,121522.58,87597.931,0.08999999999999986,湖南,纺织,19980527,
600156.SH,华升股份,20140919,7.1862,7.1662,7.3861,7.0063,7.1762,-0.1393,117158.56,84351.505,-0.009999999999999787,湖南,纺织,19980527,
600156.SH,华升股份,20140918,6.7664,7.1762,7.3461,6.7065,6.7664,6.0564,157414.14,110918.39,0.4097999999999997,湖南,纺织,19980527,
600156.SH,华升股份,20140917,6.6965,6.7664,6.7964,6.3966,6.5066,3.9929,115733.09,76323.434,0.25980000000000025,湖南,纺织,19980527,
600156.SH,华升股份,20140916,6.4966,6.5066,6.9263,6.4366,6.4666,0.6186,174249.08,116227.898,0.040000000000000036,湖南,纺织,19980527,
600156.SH,华升股份,20140915,6.4466,6.4666,6.5865,6.3067,6.3467,1.8892,105130.8,67960.61,0.11989999999999945,湖南,纺织,19980527,
600156.SH,华升股份,20140912,6.2367,6.3467,6.3966,6.2367,6.2367,1.7638,61805.65,39094.002,0.11000000000000032,湖南,纺织,19980527,
600156.SH,华升股份,20140911,6.2667,6.2367,6.5066,6.1767,6.3267,-1.4225,119064.79,75563.723,-0.08999999999999986,湖南,纺织,19980527,
600156.SH,华升股份,20140910,6.0768,6.3267,6.4766,6.0068,6.0768,4.1124,138169.4,87125.225,0.24989999999999934,湖南,纺织,19980527,
600156.SH,华升股份,20140909,5.9269,6.0768,6.1568,5.9269,5.9669,1.8418,139769.16,85083.913,0.10990000000000055,湖南,纺织,19980527,
600156.SH,华升股份,20140905,6.0568,5.9669,6.0868,5.9469,6.0168,-0.8293,96994.16,58267.382,-0.049900000000000055,湖南,纺织,19980527,
600156.SH,华升股份,20140904,6.0768,6.0168,6.2667,5.9069,6.0668,-0.8242,264817.74,160549.594,-0.04999999999999982,湖南,纺织,19980527,
600156.SH,华升股份,20140903,5.5471,6.0668,6.0668,5.5071,5.5171,9.9636,272964.1,160720.651,0.5496999999999996,湖南,纺织,19980527,
600156.SH,华升股份,20140902,5.4271,5.5171,5.5571,5.4071,5.4071,2.0344,73202.42,40180.385,0.11000000000000032,湖南,纺织,19980527,
600156.SH,华升股份,20140901,5.3472,5.4071,5.4271,5.2972,5.3572,0.9315,41644.65,22454.963,0.049900000000000055,湖南,纺织,19980527,
600156.SH,华升股份,20140829,5.2172,5.3572,5.3672,5.2073,5.2372,2.2913,34314.27,18208.68,0.1200000000000001,湖南,纺织,19980527,
600156.SH,华升股份,20140828,5.3972,5.2372,5.3972,5.2172,5.3972,-2.9645,60711.36,32144.884,-0.16000000000000014,湖南,纺织,19980527,
600156.SH,华升股份,20140827,5.4771,5.3972,5.4771,5.3572,5.4571,-1.0977,62959.19,34004.51,-0.05989999999999984,湖南,纺织,19980527,
600156.SH,华升股份,20140826,5.5671,5.4571,5.677,5.4371,5.597,-2.4996,129609.18,72351.28,-0.1399000000000008,湖南,纺织,19980527,
600156.SH,华升股份,20140825,5.4971,5.597,5.657,5.4771,5.4871,2.0029,129303.16,72152.692,0.10990000000000055,湖南,纺织,19980527,
600156.SH,华升股份,20140822,5.4771,5.4871,5.5171,5.4271,5.4771,0.1826,81796.71,44875.094,0.009999999999999787,湖南,纺织,19980527,
600156.SH,华升股份,20140821,5.4971,5.4771,5.5271,5.3572,5.5371,-1.0836,111653.29,60821.63,-0.05999999999999961,湖南,纺织,19980527,
600156.SH,华升股份,20140820,5.4071,5.5371,5.697,5.3772,5.4271,2.0269,284863.28,157919.923,0.10999999999999943,湖南,纺织,19980527,
600156.SH,华升股份,20140819,5.3672,5.4271,5.4671,5.3472,5.3472,1.4942,117722.43,63618.812,0.0799000000000003,湖南,纺织,19980527,
600156.SH,华升股份,20140818,5.3272,5.3472,5.3972,5.2872,5.3372,0.1874,113521.98,60652.693,0.009999999999999787,湖南,纺织,19980527,
600156.SH,华升股份,20140815,5.2772,5.3372,5.4871,5.2372,5.3072,0.5653,237041.86,127006.489,0.03000000000000025,湖南,纺织,19980527,
600156.SH,华升股份,20140814,5.3972,5.3072,5.5471,5.1973,5.5471,-4.3248,324493.31,173798.47,-0.23990000000000045,湖南,纺织,19980527,
600156.SH,华升股份,20140813,5.8569,5.5471,5.8569,5.4271,5.3272,4.1279,489730.47,278459.051,0.21989999999999998,湖南,纺织,19980527,
600156.SH,华升股份,20140808,5.3172,5.3272,5.3972,5.1973,5.3672,-0.7453,77597.21,41534.516,-0.040000000000000036,湖南,纺织,19980527,
600156.SH,华升股份,20140807,5.2772,5.3672,5.5771,5.2272,5.2872,1.5131,105177.27,56587.009,0.08000000000000007,湖南,纺织,19980527,
600156.SH,华升股份,20140806,5.3072,5.2872,5.3872,5.2472,5.3272,-0.7509,65807.67,35044.047,-0.040000000000000036,湖南,纺织,19980527,
600156.SH,华升股份,20140805,5.2572,5.3272,5.3972,5.2073,5.2572,1.3315,123233.66,65364.735,0.07000000000000028,湖南,纺织,19980527,
600156.SH,华升股份,20140804,5.1973,5.2572,5.3172,5.1073,5.1973,1.1525,166747.28,87298.192,0.05989999999999984,湖南,纺织,19980527,
600156.SH,华升股份,20140801,5.1873,5.1973,5.3372,5.1573,5.1873,0.1928,108896.27,56937.89,0.010000000000000675,湖南,纺织,19980527,
600156.SH,华升股份,20140731,5.2172,5.1873,5.2572,5.1373,5.2672,-1.5169,82549.41,42917.63,-0.0799000000000003,湖南,纺织,19980527,
600156.SH,华升股份,20140730,5.0673,5.2672,5.3772,5.0174,5.0773,3.7402,322911.98,166770.202,0.18989999999999974,湖南,纺织,19980527,
600156.SH,华升股份,20140729,4.9974,5.0773,5.1573,4.9774,5.0573,0.3955,182820.48,93286.64,0.020000000000000462,湖南,纺织,19980527,
600156.SH,华升股份,20140728,4.8674,5.0573,5.0973,4.8075,4.8874,3.4763,186735.15,92925.783,0.16989999999999927,湖南,纺织,19980527,
600156.SH,华升股份,20140725,4.8774,4.8874,4.8974,4.8075,4.8874,0.0,52370.97,25422.357,0.0,湖南,纺织,19980527,
600156.SH,华升股份,20140724,4.8674,4.8874,4.9074,4.7775,4.8874,0.0,92193.42,44708.027,0.0,湖南,纺织,19980527,
600156.SH,华升股份,20140723,4.7575,4.8874,4.9574,4.7575,4.7775,2.3004,87626.74,42651.242,0.10990000000000055,湖南,纺织,19980527,
600156.SH,华升股份,20140722,4.7075,4.7775,4.8075,4.6975,4.6975,1.703,47255.86,22539.698,0.08000000000000007,湖南,纺织,19980527,
600156.SH,华升股份,20140721,4.6975,4.6975,4.7275,4.6675,4.7175,-0.424,18352.73,8612.591,-0.020000000000000462,湖南,纺织,19980527,
600156.SH,华升股份,20140718,4.6675,4.7175,4.7375,4.6475,4.6675,1.0712,27784.88,13060.107,0.04999999999999982,湖南,纺织,19980527,
600156.SH,华升股份,20140717,4.7375,4.6675,4.7775,4.6475,4.7375,-1.4776,27502.18,12930.513,-0.0699999999999994,湖南,纺织,19980527,
600156.SH,华升股份,20140716,4.7275,4.7375,4.7975,4.6975,4.7475,-0.2106,25506.0,12096.344,-0.009999999999999787,湖南,纺织,19980527,
600156.SH,华升股份,20140715,4.7975,4.7475,4.7975,4.7075,4.7875,-0.8355,25682.41,12209.851,-0.040000000000000036,湖南,纺织,19980527,
600156.SH,华升股份,20140714,4.7675,4.7875,4.8674,4.6975,4.7575,0.6306,43702.78,20837.149,0.02999999999999936,湖南,纺织,19980527,
600156.SH,华升股份,20140711,4.6675,4.7575,4.8075,4.6475,4.6376,2.5854,64190.11,30415.946,0.11990000000000034,湖南,纺织,19980527,
600156.SH,华升股份,20140710,4.5776,4.6376,4.7475,4.5776,4.5976,0.87,44848.99,20943.695,0.040000000000000036,湖南,纺织,19980527,
600156.SH,华升股份,20140709,4.6775,4.5976,4.6975,4.5576,4.7075,-2.3346,39924.56,18504.507,-0.10989999999999966,湖南,纺织,19980527,
600156.SH,华升股份,20140708,4.7375,4.7075,4.7375,4.6575,4.7475,-0.8425,31289.81,14695.366,-0.040000000000000036,湖南,纺织,19980527,
600156.SH,华升股份,20140707,4.6475,4.7475,4.7475,4.6276,4.6475,2.1517,42293.21,19873.998,0.09999999999999964,湖南,纺织,19980527,
600156.SH,华升股份,20140704,4.6176,4.6475,4.6675,4.5576,4.6176,0.6475,37580.46,17332.148,0.029899999999999594,湖南,纺织,19980527,
600156.SH,华升股份,20140703,4.5776,4.6176,4.6276,4.5476,4.5876,0.6539,30214.52,13886.663,0.03000000000000025,湖南,纺织,19980527,
600156.SH,华升股份,20140702,4.6076,4.5876,4.6076,4.5276,4.6076,-0.4341,41662.63,19013.306,-0.019999999999999574,湖南,纺织,19980527,
600156.SH,华升股份,20140701,4.6076,4.6076,4.6575,4.5376,4.5776,0.6554,36622.99,16897.154,0.02999999999999936,湖南,纺织,19980527,
600156.SH,华升股份,20140630,4.5776,4.5776,4.5876,4.5076,4.5676,0.2189,24053.01,10957.406,0.010000000000000675,湖南,纺织,19980527,
600156.SH,华升股份,20140627,4.5476,4.5676,4.6176,4.5076,4.5476,0.4398,52017.17,23853.907,0.019999999999999574,湖南,纺织,19980527,
600156.SH,华升股份,20140626,4.4776,4.5476,4.5676,4.4776,4.5276,0.4417,32122.17,14576.55,0.020000000000000462,湖南,纺织,19980527,
600156.SH,华升股份,20140625,4.5076,4.5276,4.5576,4.4676,4.4976,0.667,25677.74,11592.129,0.02999999999999936,湖南,纺织,19980527,
600156.SH,华升股份,20140624,4.4477,4.4976,4.5176,4.3877,4.4277,1.5787,27123.85,12110.103,0.06990000000000052,湖南,纺织,19980527,
600156.SH,华升股份,20140623,4.3377,4.4277,4.4576,4.3277,4.3477,1.8401,29046.55,12821.251,0.08000000000000007,湖南,纺织,19980527,
600156.SH,华升股份,20140620,4.3677,4.3477,4.3777,4.2677,4.3777,-0.6853,28656.4,12437.767,-0.03000000000000025,湖南,纺织,19980527,
600156.SH,华升股份,20140619,4.4976,4.3777,4.5976,4.3677,4.5076,-2.8818,74617.24,33750.155,-0.12990000000000013,湖南,纺织,19980527,
600156.SH,华升股份,20140618,4.4776,4.5076,4.5176,4.4377,4.4976,0.2223,20142.43,9048.257,0.009999999999999787,湖南,纺织,19980527,
600156.SH,华升股份,20140617,4.4976,4.4976,4.5776,4.4676,4.4976,0.0,37657.11,17000.908,0.0,湖南,纺织,19980527,
600156.SH,华升股份,20140616,4.4177,4.4976,4.5176,4.4077,4.4077,2.0396,37888.27,16964.042,0.08990000000000009,湖南,纺织,19980527,
600156.SH,华升股份,20140613,4.3877,4.4077,4.4876,4.3677,4.3877,0.4558,31463.98,13946.063,0.020000000000000462,湖南,纺织,19980527,
600156.SH,华升股份,20140612,4.5176,4.3877,4.5276,4.3477,4.5176,-2.8754,54924.45,24307.176,-0.12990000000000013,湖南,纺织,19980527,
600156.SH,华升股份,20140611,4.4776,4.5176,4.5476,4.4377,4.4776,0.8933,50224.81,22578.879,0.040000000000000036,湖南,纺织,19980527,
600156.SH,华升股份,20140610,4.4177,4.4776,4.5276,4.4077,4.4477,0.6723,48735.58,21833.694,0.029899999999999594,湖南,纺织,19980527,
600156.SH,华升股份,20140609,4.4976,4.4477,4.5776,4.4377,4.4477,0.0,31718.96,14275.888,0.0,湖南,纺织,19980527,
600156.SH,华升股份,20140606,4.4477,4.4477,4.4576,4.3977,4.4477,0.0,15172.03,6716.911,0.0,湖南,纺织,19980527,
600156.SH,华升股份,20140605,4.4576,4.4477,4.4576,4.3977,4.4277,0.4517,12867.47,5701.294,0.020000000000000462,湖南,纺织,19980527,
600156.SH,华升股份,20140604,4.4676,4.4277,4.4776,4.4077,4.4676,-0.8931,18675.99,8288.747,-0.03990000000000027,湖南,纺织,19980527,
600156.SH,华升股份,20140603,4.4776,4.4676,4.5076,4.4277,4.4477,0.4474,18414.52,8249.497,0.019899999999999807,湖南,纺织,19980527,
600156.SH,华升股份,20140530,4.4576,4.4477,4.5076,4.4177,4.4576,-0.2221,11792.98,5250.266,-0.00990000000000002,湖南,纺织,19980527,
600156.SH,华升股份,20140529,4.4377,4.4576,4.4876,4.4177,4.4377,0.4484,25828.89,11506.338,0.019899999999999807,湖南,纺织,19980527,
600156.SH,华升股份,20140528,4.4377,4.4377,4.4576,4.3577,4.4377,0.0,27460.52,12144.177,0.0,湖南,纺织,19980527,
600156.SH,华升股份,20140527,4.3877,4.4377,4.4876,4.3677,4.3877,1.1395,30264.55,13415.607,0.05000000000000071,湖南,纺织,19980527,
600156.SH,华升股份,20140526,4.3377,4.3877,4.3877,4.3077,4.3477,0.92,20284.83,8831.891,0.040000000000000036,湖南,纺织,19980527,
600156.SH,华升股份,20140523,4.3477,4.3477,4.3477,4.2677,4.2677,1.8745,16900.92,7309.187,0.08000000000000007,湖南,纺织,19980527,
600156.SH,华升股份,20140522,4.2977,4.2677,4.3277,4.2578,4.2977,-0.698,19379.56,8346.759,-0.03000000000000025,湖南,纺织,19980527,
600156.SH,华升股份,20140521,4.2677,4.2977,4.3077,4.2378,4.2877,0.2332,17169.14,7336.144,0.009999999999999787,湖南,纺织,19980527,
600156.SH,华升股份,20140520,4.2278,4.2877,4.3377,4.2278,4.2877,0.0,20216.11,8649.227,0.0,湖南,纺织,19980527,
600156.SH,华升股份,20140519,4.2977,4.2877,4.3477,4.2378,4.3377,-1.1527,17713.82,7571.937,-0.04999999999999982,湖南,纺织,19980527,
600156.SH,华升股份,20140516,4.3677,4.3377,4.4177,4.2777,4.3777,-0.9137,18195.01,7900.388,-0.040000000000000036,湖南,纺织,19980527,
600156.SH,华升股份,20140515,4.4576,4.3777,4.4876,4.3577,4.4976,-2.6659,32613.66,14388.457,-0.11990000000000034,湖南,纺织,19980527,
600156.SH,华升股份,20140514,4.5576,4.4976,4.5576,4.4477,4.5576,-1.3165,25052.1,11270.495,-0.05999999999999961,湖南,纺织,19980527,
600156.SH,华升股份,20140513,4.4876,4.5576,4.5676,4.4277,4.4976,1.334,42541.46,19221.089,0.05999999999999961,湖南,纺织,19980527,
600156.SH,华升股份,20140512,4.4776,4.4976,4.5176,4.4177,4.3877,2.5047,36879.14,16514.776,0.10990000000000055,湖南,纺织,19980527,
600156.SH,华升股份,20140509,4.4776,4.3877,4.4976,4.3777,4.4776,-2.0078,24577.2,10862.595,-0.08990000000000009,湖南,纺织,19980527,
600156.SH,华升股份,20140508,4.4976,4.4776,4.5576,4.4576,4.4776,0.0,18630.26,8392.35,0.0,湖南,纺织,19980527,
600156.SH,华升股份,20140507,4.5276,4.4776,4.5576,4.4477,4.5276,-1.1043,19587.0,8830.363,-0.04999999999999982,湖南,纺织,19980527,
600156.SH,华升股份,20140506,4.5376,4.5276,4.5876,4.4976,4.5376,-0.2204,25442.97,11572.554,-0.010000000000000675,湖南,纺织,19980527,
600156.SH,华升股份,20140505,4.4477,4.5376,4.5576,4.4277,4.4477,2.0213,26358.27,11859.981,0.08990000000000009,湖南,纺织,19980527,
600156.SH,华升股份,20140430,4.3977,4.4477,4.4576,4.3777,4.3977,1.137,23478.84,10361.138,0.04999999999999982,湖南,纺织,19980527,
600156.SH,华升股份,20140429,4.3077,4.3977,4.4177,4.3077,4.3477,1.15,26690.23,11712.169,0.05000000000000071,湖南,纺织,19980527,
600156.SH,华升股份,20140428,4.5676,4.3477,4.5676,4.3277,4.5976,-5.4354,41450.08,18406.495,-0.24990000000000023,湖南,纺织,19980527,
600156.SH,华升股份,20140425,4.7775,4.5976,4.8175,4.5476,4.7975,-4.1668,66088.25,30983.135,-0.1999000000000004,湖南,纺织,19980527,
600156.SH,华升股份,20140424,4.8974,4.7975,4.9074,4.7975,4.8774,-1.6382,25492.65,12405.481,-0.07989999999999942,湖南,纺织,19980527,
600156.SH,华升股份,20140423,4.8574,4.8774,4.9174,4.8275,4.8874,-0.2046,30241.37,14757.182,-0.010000000000000675,湖南,纺织,19980527,
600156.SH,华升股份,20140422,4.9174,4.8874,5.0174,4.8275,4.9974,-2.2011,65342.48,31946.82,-0.10999999999999943,湖南,纺织,19980527,
600156.SH,华升股份,20140421,5.0973,4.9974,5.2772,4.9674,5.1873,-3.6609,129481.38,66387.353,-0.18989999999999974,湖南,纺织,19980527,
600156.SH,华升股份,20140418,4.9674,5.1873,5.2372,4.8175,5.0673,2.3681,153489.74,77372.03,0.11999999999999922,湖南,纺织,19980527,
600156.SH,华升股份,20140417,4.9974,5.0673,5.1373,4.9774,4.9974,1.3987,77670.99,39403.989,0.06990000000000052,湖南,纺织,19980527,
600156.SH,华升股份,20140416,4.8774,4.9974,5.0373,4.8674,4.8974,2.0419,60193.38,29901.67,0.09999999999999964,湖南,纺织,19980527,
600156.SH,华升股份,20140415,4.9374,4.8974,4.9374,4.8674,4.9474,-1.0106,37621.99,18455.36,-0.04999999999999982,湖南,纺织,19980527,
600156.SH,华升股份,20140414,4.9174,4.9474,4.9574,4.8574,4.9274,0.4059,38857.97,19114.576,0.020000000000000462,湖南,纺织,19980527,
600156.SH,华升股份,20140411,4.9574,4.9274,4.9974,4.8374,4.9874,-1.203,49003.38,24120.371,-0.0600000000000005,湖南,纺织,19980527,
600156.SH,华升股份,20140410,4.9274,4.9874,5.0573,4.8974,4.9374,1.0127,75271.0,37627.928,0.04999999999999982,湖南,纺织,19980527,
600156.SH,华升股份,20140409,4.8674,4.9374,4.9474,4.8275,4.8774,1.2302,50326.24,24663.201,0.0600000000000005,湖南,纺织,19980527,
600156.SH,华升股份,20140408,4.8474,4.8774,4.9274,4.7975,4.8574,0.4117,60391.77,29406.365,0.019999999999999574,湖南,纺织,19980527,
600156.SH,华升股份,20140404,4.7975,4.8574,4.8674,4.7775,4.7975,1.2486,37399.11,18067.527,0.05989999999999984,湖南,纺织,19980527,
600156.SH,华升股份,20140403,4.8774,4.7975,4.9174,4.7775,4.8774,-1.6382,53258.81,25755.137,-0.07989999999999942,湖南,纺织,19980527,
600156.SH,华升股份,20140402,5.0873,4.8774,5.1173,4.8275,5.0773,-3.9371,83164.58,41210.712,-0.1999000000000004,湖南,纺织,19980527,
600156.SH,华升股份,20140401,5.0273,5.0773,5.1173,4.9874,5.0373,0.7941,49082.79,24903.165,0.040000000000000036,湖南,纺织,19980527,
600156.SH,华升股份,20140331,5.0673,5.0373,5.1373,4.9774,5.0673,-0.592,39928.07,20155.497,-0.03000000000000025,湖南,纺织,19980527,
600156.SH,华升股份,20140328,5.1073,5.0673,5.2372,4.9974,5.1273,-1.1702,82823.48,42390.676,-0.05999999999999961,湖南,纺织,19980527,
600156.SH,华升股份,20140327,5.2672,5.1273,5.3472,5.0973,5.2772,-2.8405,85342.14,44777.684,-0.1498999999999997,湖南,纺织,19980527,
600156.SH,华升股份,20140326,5.3472,5.2772,5.3672,5.1973,5.4271,-2.7621,118401.17,62368.94,-0.1499000000000006,湖南,纺织,19980527,
600156.SH,华升股份,20140325,5.1173,5.4271,5.4771,5.0174,5.1473,5.4359,219684.64,116093.385,0.2797999999999998,湖南,纺织,19980527,
600156.SH,华升股份,20140324,4.8674,5.1473,5.1673,4.8374,4.9074,4.8885,143993.25,72769.122,0.23990000000000045,湖南,纺织,19980527,
600156.SH,华升股份,20140321,4.7975,4.9074,4.9774,4.7275,4.8275,1.6551,51111.43,24892.528,0.0799000000000003,湖南,纺织,19980527,
600156.SH,华升股份,20140320,5.0873,4.8275,5.1273,4.7975,5.0973,-5.293,106100.33,52702.987,-0.26980000000000004,湖南,纺织,19980527,
600156.SH,华升股份,20140319,4.8474,5.0973,5.1173,4.8275,4.8674,4.7233,108611.36,54273.948,0.22989999999999977,湖南,纺织,19980527,
600156.SH,华升股份,20140318,5.0373,4.8674,5.0673,4.8474,5.0174,-2.9896,101772.82,50341.062,-0.15000000000000036,湖南,纺织,19980527,
600156.SH,华升股份,20140317,5.0074,5.0174,5.1473,4.9274,4.9774,0.8036,94331.45,47351.69,0.040000000000000036,湖南,纺织,19980527,
600156.SH,华升股份,20140314,5.0273,4.9774,5.0773,4.8774,5.0773,-1.9676,123325.49,61377.946,-0.09989999999999988,湖南,纺织,19980527,
600156.SH,华升股份,20140313,4.7475,5.0773,5.1373,4.7275,4.8175,5.3928,190928.75,94789.329,0.25980000000000025,湖南,纺织,19980527,
600156.SH,华升股份,20140312,4.8374,4.8175,4.9074,4.6276,4.8674,-1.0252,92796.76,44339.673,-0.049900000000000055,湖南,纺织,19980527,
600156.SH,华升股份,20140311,4.6775,4.8674,4.9074,4.6475,4.7275,2.9593,146014.29,70451.483,0.1398999999999999,湖南,纺织,19980527,
600156.SH,华升股份,20140310,4.6076,4.7275,4.8275,4.5376,4.6376,1.9385,114880.5,53670.213,0.08990000000000009,湖南,纺织,19980527,
600156.SH,华升股份,20140307,4.7075,4.6376,4.7575,4.5976,4.7075,-1.4849,55349.24,25873.367,-0.06989999999999963,湖南,纺织,19980527,
600156.SH,华升股份,20140306,4.7275,4.7075,4.8175,4.6675,4.7475,-0.8425,76911.94,36517.766,-0.040000000000000036,湖南,纺织,19980527,
600156.SH,华升股份,20140305,4.6975,4.7475,4.8574,4.6475,4.6875,1.28,94568.46,44808.59,0.05999999999999961,湖南,纺织,19980527,
600156.SH,华升股份,20140304,4.4676,4.6875,4.7675,4.4477,4.5076,3.991,120189.59,55670.629,0.17989999999999995,湖南,纺织,19980527,
600156.SH,华升股份,20140303,4.4477,4.5076,4.5276,4.4077,4.4477,1.3468,45262.2,20249.075,0.05989999999999984,湖南,纺织,19980527,
600156.SH,华升股份,20140228,4.4077,4.4477,4.4576,4.2777,4.3677,1.8316,39079.15,17115.671,0.08000000000000007,湖南,纺织,19980527,
600156.SH,华升股份,20140227,4.4277,4.3677,4.4776,4.3577,4.4177,-1.1318,47072.95,20828.174,-0.04999999999999982,湖南,纺织,19980527,
600156.SH,华升股份,20140226,4.3277,4.4177,4.4477,4.2977,4.3277,2.0796,43663.67,19140.307,0.08999999999999986,湖南,纺织,19980527,
600156.SH,华升股份,20140225,4.4576,4.3277,4.5376,4.2877,4.4876,-3.5632,80137.14,35511.925,-0.1598999999999995,湖南,纺织,19980527,
600156.SH,华升股份,20140224,4.6276,4.4876,4.6276,4.4576,4.6376,-3.2344,78817.39,35635.709,-0.15000000000000036,湖南,纺织,19980527,
600156.SH,华升股份,20140221,4.6575,4.6376,4.7375,4.6076,4.6975,-1.2751,62121.94,28985.428,-0.05989999999999984,湖南,纺织,19980527,
600156.SH,华升股份,20140220,4.6975,4.6975,4.7775,4.5776,4.6975,0.0,92539.41,43542.534,0.0,湖南,纺织,19980527,
600156.SH,华升股份,20140219,4.7575,4.6975,4.7575,4.6176,4.7275,-0.6346,77414.72,36244.833,-0.03000000000000025,湖南,纺织,19980527,
600156.SH,华升股份,20140218,4.7075,4.7275,4.7775,4.6675,4.7475,-0.4213,103498.79,48873.002,-0.019999999999999574,湖南,纺织,19980527,
600156.SH,华升股份,20140217,4.7775,4.7475,4.8175,4.7075,4.6975,1.0644,162976.46,77591.728,0.04999999999999982,湖南,纺织,19980527,
600156.SH,华升股份,20140214,4.6276,4.6975,4.7175,4.5376,4.6076,1.9511,123860.81,57278.192,0.08990000000000009,湖南,纺织,19980527,
600156.SH,华升股份,20140213,4.5076,4.6076,4.6376,4.4676,4.4876,2.674,110834.02,50735.111,0.1200000000000001,湖南,纺织,19980527,
600156.SH,华升股份,20140212,4.4576,4.4876,4.4976,4.4277,4.4576,0.673,61924.77,27684.402,0.02999999999999936,湖南,纺织,19980527,
600156.SH,华升股份,20140211,4.4876,4.4576,4.5076,4.4277,4.4876,-0.6685,58271.3,26007.159,-0.02999999999999936,湖南,纺织,19980527,
600156.SH,华升股份,20140210,4.4277,4.4876,4.5076,4.4177,4.4277,1.3528,73719.61,32951.842,0.05989999999999984,湖南,纺织,19980527,
600156.SH,华升股份,20140207,4.3277,4.4277,4.4377,4.2777,4.3077,2.7857,45010.66,19749.945,0.1200000000000001,湖南,纺织,19980527,
600156.SH,华升股份,20140130,4.3477,4.3077,4.3677,4.2977,4.3577,-1.1474,34455.94,14874.082,-0.05000000000000071,湖南,纺织,19980527,
600156.SH,华升股份,20140129,4.4077,4.3577,4.4077,4.2777,4.4077,-1.1344,83037.58,35881.087,-0.04999999999999982,湖南,纺织,19980527,
600156.SH,华升股份,20140128,4.4976,4.4077,4.5076,4.3777,4.3977,0.2274,89410.57,39670.055,0.009999999999999787,湖南,纺织,19980527,
600156.SH,华升股份,20140127,4.6575,4.3977,4.6575,4.3577,4.6575,-5.5781,124218.45,55863.979,-0.25979999999999936,湖南,纺织,19980527,
600156.SH,华升股份,20140124,4.6475,4.6575,4.7475,4.5476,4.6975,-0.8515,197949.69,92153.855,-0.040000000000000036,湖南,纺织,19980527,
600156.SH,华升股份,20140123,4.9774,4.6975,4.9774,4.6276,4.7975,-2.0844,156932.84,74354.967,-0.10000000000000053,湖南,纺织,19980527,
600156.SH,华升股份,20140122,4.6775,4.7975,4.9474,4.4976,4.5976,4.3479,201316.59,94585.962,0.1999000000000004,湖南,纺织,19980527,
600156.SH,华升股份,20140121,4.5676,4.5976,4.6475,4.5176,4.5476,1.0995,108370.41,49870.759,0.04999999999999982,湖南,纺织,19980527,
600156.SH,华升股份,20140120,4.5976,4.5476,4.5976,4.4976,4.5976,-1.0875,66855.21,30276.805,-0.04999999999999982,湖南,纺织,19980527,
600156.SH,华升股份,20140117,4.5876,4.5976,4.7775,4.5176,4.5576,0.8777,142812.89,66106.947,0.040000000000000036,湖南,纺织,19980527,
600156.SH,华升股份,20140116,4.6176,4.5576,4.7075,4.5076,4.5976,-0.87,90819.66,41618.966,-0.040000000000000036,湖南,纺织,19980527,
600156.SH,华升股份,20140115,4.6675,4.5976,4.8075,4.4976,4.4976,2.2234,215041.73,100039.91,0.09999999999999964,湖南,纺织,19980527,
600156.SH,华升股份,20140114,4.4776,4.4976,4.5076,4.3877,4.4576,0.8973,68843.73,30701.557,0.040000000000000036,湖南,纺织,19980527,
600156.SH,华升股份,20140113,4.5076,4.4576,4.5176,4.4077,4.4976,-0.8894,60388.28,26921.165,-0.040000000000000036,湖南,纺织,19980527,
600156.SH,华升股份,20140110,4.4676,4.4976,4.5576,4.3577,4.5176,-0.4427,93534.23,41476.901,-0.019999999999999574,湖南,纺织,19980527,
600156.SH,华升股份,20140109,4.5176,4.5176,4.5376,4.3577,4.5476,-0.6597,71838.98,31903.533,-0.03000000000000025,湖南,纺织,19980527,
600156.SH,华升股份,20140108,4.4177,4.5476,4.7375,4.3477,4.3977,3.4086,137070.03,62338.94,0.1498999999999997,湖南,纺织,19980527,
600156.SH,华升股份,20140107,4.4477,4.3977,4.4676,4.2977,4.4477,-1.1242,64505.05,28080.966,-0.04999999999999982,湖南,纺织,19980527,
600156.SH,华升股份,20140106,4.5276,4.4477,4.6176,4.3977,4.5276,-1.7647,113225.35,50884.867,-0.07989999999999942,湖南,纺织,19980527,
600156.SH,华升股份,20140103,4.3477,4.5276,4.6575,4.2877,4.3577,3.8988,141125.35,63035.898,0.16989999999999927,湖南,纺织,19980527,
600156.SH,华升股份,20140102,4.4277,4.3577,4.4676,4.2977,4.4377,-1.8027,78791.49,34430.412,-0.08000000000000007,湖南,纺织,19980527,
600156.SH,华升股份,20131231,4.4077,4.4377,4.5576,4.3277,4.4177,0.4527,107724.89,47897.999,0.020000000000000462,湖南,纺织,19980527,
600156.SH,华升股份,20131230,4.2977,4.4177,4.5376,4.2977,4.2777,3.2728,168977.39,74797.834,0.13999999999999968,湖南,纺织,19980527,
600156.SH,华升股份,20131227,4.3077,4.2777,4.3277,4.1978,4.3077,-0.6964,123837.18,52931.479,-0.02999999999999936,湖南,纺织,19980527,
600156.SH,华升股份,20131226,4.3077,4.3077,4.4477,4.2178,4.3577,-1.1474,105486.3,45286.515,-0.05000000000000071,湖南,纺织,19980527,
600156.SH,华升股份,20131225,4.3477,4.3577,4.4776,4.2178,4.3077,1.1607,159723.37,69097.606,0.05000000000000071,湖南,纺织,19980527,
600156.SH,华升股份,20131224,3.9179,4.3077,4.3077,3.858,3.9179,9.9492,170786.53,72378.183,0.3897999999999997,湖南,纺织,19980527,
600156.SH,华升股份,20131223,3.778,3.9179,3.9479,3.778,3.788,3.4293,45533.39,17699.538,0.12990000000000013,湖南,纺织,19980527,
600156.SH,华升股份,20131220,3.8879,3.788,3.8979,3.768,3.848,-1.5593,59768.69,22871.34,-0.06000000000000005,湖南,纺织,19980527,
600156.SH,华升股份,20131219,4.1478,3.848,4.2178,3.798,4.1278,-6.7784,96666.9,39093.607,-0.2797999999999998,湖南,纺织,19980527,
600156.SH,华升股份,20131218,4.1178,4.1278,4.2278,4.0579,4.1078,0.4869,55913.58,23133.301,0.019999999999999574,湖南,纺织,19980527,
600156.SH,华升股份,20131217,4.1478,4.1078,4.1778,4.0479,4.1878,-1.9103,60840.11,25014.307,-0.08000000000000007,湖南,纺织,19980527,
600156.SH,华升股份,20131216,3.9579,4.1878,4.2478,3.878,3.9579,5.8086,137222.05,56435.182,0.22990000000000022,湖南,纺织,19980527,
600156.SH,华升股份,20131213,3.9179,3.9579,3.9979,3.8979,3.9179,1.021,15231.62,6029.026,0.040000000000000036,湖南,纺织,19980527,
600156.SH,华升股份,20131212,3.8879,3.9179,3.9379,3.868,3.8879,0.7716,12491.12,4878.943,0.029999999999999805,湖南,纺织,19980527,
600156.SH,华升股份,20131211,3.9379,3.8879,3.9679,3.868,3.9479,-1.5198,16857.98,6589.784,-0.06000000000000005,湖南,纺织,19980527,
600156.SH,华升股份,20131210,3.9679,3.9479,3.9779,3.9279,3.9479,0.0,19872.01,7855.002,0.0,湖南,纺织,19980527,
600156.SH,华升股份,20131209,3.9379,3.9479,3.9679,3.9279,3.9379,0.2539,18526.25,7320.752,0.010000000000000231,湖南,纺织,19980527,
600156.SH,华升股份,20131206,3.9079,3.9379,3.9479,3.9079,3.9479,-0.2533,14316.95,5618.862,-0.010000000000000231,湖南,纺织,19980527,
600156.SH,华升股份,20131205,3.9079,3.9479,3.9479,3.8879,3.9079,1.0236,21449.39,8398.09,0.040000000000000036,湖南,纺织,19980527,
600156.SH,华升股份,20131204,3.878,3.9079,3.9479,3.868,3.878,0.771,38616.5,15124.061,0.029900000000000038,湖南,纺织,19980527,
600156.SH,华升股份,20131203,3.848,3.878,3.8979,3.798,3.818,1.5715,24051.55,9268.73,0.06000000000000005,湖南,纺织,19980527,
600156.SH,华升股份,20131202,4.0479,3.818,4.0479,3.798,4.0878,-6.6001,44345.97,17445.914,-0.2697999999999996,湖南,纺织,19980527,
600156.SH,华升股份,20131129,4.0679,4.0878,4.1178,4.0579,4.0878,0.0,19196.9,7855.099,0.0,湖南,纺织,19980527,
600156.SH,华升股份,20131128,4.1078,4.0878,4.1478,4.0778,4.0978,-0.244,23740.94,9791.115,-0.010000000000000675,湖南,纺织,19980527,
600156.SH,华升股份,20131127,4.0579,4.0978,4.1078,4.0479,4.0679,0.735,17628.61,7205.901,0.029900000000000482,湖南,纺织,19980527,
600156.SH,华升股份,20131126,4.0579,4.0679,4.1278,4.0279,4.0679,0.0,25087.57,10245.903,0.0,湖南,纺织,19980527,
600156.SH,华升股份,20131125,4.0778,4.0679,4.0978,4.0479,4.0978,-0.7297,19835.99,8080.991,-0.029900000000000482,湖南,纺织,19980527,
600156.SH,华升股份,20131122,4.0679,4.0978,4.1178,4.0379,4.0778,0.4905,31563.92,12906.263,0.020000000000000462,湖南,纺织,19980527,
600156.SH,华升股份,20131121,4.1578,4.0778,4.1578,4.0279,4.0978,-0.4881,32600.64,13305.846,-0.020000000000000462,湖南,纺织,19980527,
600156.SH,华升股份,20131120,4.0179,4.0978,4.0978,3.9779,4.0179,1.9886,29529.36,11905.243,0.0799000000000003,湖南,纺织,19980527,
600156.SH,华升股份,20131119,3.9679,4.0179,4.0279,3.9579,3.9879,0.7523,27454.44,10975.261,0.03000000000000025,湖南,纺织,19980527,
600156.SH,华升股份,20131118,3.9479,3.9879,4.0079,3.8979,3.9279,1.5275,34685.6,13741.716,0.05999999999999961,湖南,纺织,19980527,
600156.SH,华升股份,20131115,3.858,3.9279,3.9479,3.818,3.858,1.8118,26657.49,10406.72,0.06990000000000007,湖南,纺织,19980527,
600156.SH,华升股份,20131114,3.818,3.858,3.858,3.748,3.828,0.7837,16686.86,6380.416,0.03000000000000025,湖南,纺织,19980527,
600156.SH,华升股份,20131113,3.9579,3.828,3.9579,3.798,3.9579,-3.282,30467.09,11837.169,-0.12990000000000013,湖南,纺织,19980527,
600156.SH,华升股份,20131112,3.9079,3.9579,3.9679,3.8879,3.9079,1.2795,14498.09,5692.012,0.04999999999999982,湖南,纺织,19980527,
600156.SH,华升股份,20131111,3.9179,3.9079,3.9479,3.848,3.9279,-0.5092,15922.09,6187.668,-0.020000000000000018,湖南,纺织,19980527,
600156.SH,华升股份,20131108,3.9279,3.9279,3.9579,3.848,3.9579,-0.758,26228.8,10187.216,-0.029999999999999805,湖南,纺织,19980527,
600156.SH,华升股份,20131107,4.0279,3.9579,4.0479,3.9379,4.0079,-1.2475,25157.1,10045.585,-0.050000000000000266,湖南,纺织,19980527,
600156.SH,华升股份,20131106,4.0179,4.0079,4.0679,3.9779,4.0379,-0.743,16164.69,6523.601,-0.02999999999999936,湖南,纺织,19980527,
600156.SH,华升股份,20131105,4.0179,4.0379,4.0579,3.9479,4.0179,0.4978,19988.3,8013.255,0.019999999999999574,湖南,纺织,19980527,
600156.SH,华升股份,20131104,4.0079,4.0179,4.0679,3.9679,4.0079,0.2495,15692.58,6308.501,0.009999999999999787,湖南,纺织,19980527,
600156.SH,华升股份,20131101,3.9779,4.0079,4.0479,3.9279,3.9779,0.7542,17650.8,7060.025,0.03000000000000025,湖南,纺织,19980527,
600156.SH,华升股份,20131031,3.9879,3.9779,4.0179,3.9479,3.9979,-0.5003,15551.49,6211.65,-0.020000000000000018,湖南,纺织,19980527,
600156.SH,华升股份,20131030,3.9579,3.9979,4.0079,3.9079,3.9479,1.2665,22885.28,9105.116,0.04999999999999982,湖南,纺织,19980527,
600156.SH,华升股份,20131029,4.1278,3.9479,4.1478,3.808,4.1378,-4.5894,67423.79,26669.571,-0.18990000000000018,湖南,纺织,19980527,
600156.SH,华升股份,20131028,4.1278,4.1378,4.1978,4.0579,4.1278,0.2423,40760.13,16794.123,0.010000000000000675,湖南,纺织,19980527,
600156.SH,华升股份,20131025,4.1278,4.1278,4.1878,4.0279,4.1278,0.0,50368.26,20580.289,0.0,湖南,纺织,19980527,
600156.SH,华升股份,20131024,4.4876,4.1278,4.4976,4.0978,4.4277,-6.7733,79623.94,33733.925,-0.29990000000000006,湖南,纺织,19980527,
600156.SH,华升股份,20131023,4.4477,4.4277,4.5476,4.3577,4.4676,-0.8931,40163.21,17857.692,-0.03990000000000027,湖南,纺织,19980527,
600156.SH,华升股份,20131022,4.4576,4.4676,4.4776,4.3577,4.4277,0.9011,58951.46,26113.573,0.03990000000000027,湖南,纺织,19980527,
600156.SH,华升股份,20131021,4.5576,4.4277,4.6376,4.3977,4.5876,-3.4855,111572.7,50263.172,-0.15990000000000038,湖南,纺织,19980527,
600156.SH,华升股份,20131018,4.5276,4.5876,4.8774,4.4776,4.5176,1.5495,74314.29,34697.507,0.07000000000000028,湖南,纺织,19980527,
600156.SH,华升股份,20131017,4.6276,4.5176,4.6475,4.5076,4.6376,-2.5875,35691.21,16249.145,-0.1200000000000001,湖南,纺织,19980527,
600156.SH,华升股份,20131016,4.4177,4.6376,4.6775,4.4177,4.4776,3.5733,68373.92,31089.714,0.16000000000000014,湖南,纺织,19980527,
600156.SH,华升股份,20131015,4.5576,4.4776,4.5576,4.3977,4.5576,-1.7553,39261.24,17490.81,-0.08000000000000007,湖南,纺织,19980527,
600156.SH,华升股份,20131014,4.6376,4.5576,4.6575,4.4976,4.6575,-2.1449,48178.26,21990.093,-0.09989999999999988,湖南,纺织,19980527,
600156.SH,华升股份,20131011,4.4976,4.6575,4.7775,4.4776,4.4277,5.1901,105850.06,49112.443,0.2298,湖南,纺织,19980527,
600156.SH,华升股份,20131010,4.5376,4.4277,4.5476,4.4077,4.5376,-2.422,42435.01,18985.307,-0.10990000000000055,湖南,纺织,19980527,
600156.SH,华升股份,20131009,4.2977,4.5376,4.5876,4.2977,4.2977,5.5821,111141.91,50025.321,0.23990000000000045,湖南,纺织,19980527,
600156.SH,华升股份,20131008,4.0379,4.2977,4.3277,4.0379,4.0479,6.1711,59937.13,25330.306,0.24979999999999958,湖南,纺织,19980527,
600156.SH,华升股份,20130930,4.0778,4.0479,4.0878,4.0279,4.0279,0.4965,18633.1,7556.446,0.020000000000000462,湖南,纺织,19980527,
600156.SH,华升股份,20130927,3.9579,4.0279,4.1078,3.9479,3.9979,0.7504,30665.47,12392.776,0.029999999999999805,湖南,纺织,19980527,
600156.SH,华升股份,20130926,4.1478,3.9979,4.2278,3.9679,4.2078,-4.9884,44071.09,17999.816,-0.20989999999999975,湖南,纺织,19980527,
600156.SH,华升股份,20130925,4.1278,4.2078,4.2877,4.0978,4.1378,1.6917,41100.9,17280.474,0.0699999999999994,湖南,纺织,19980527,
600156.SH,华升股份,20130924,4.2078,4.1378,4.2078,4.0878,4.2278,-2.1288,27666.54,11442.701,-0.08999999999999986,湖南,纺织,19980527,
600156.SH,华升股份,20130923,4.1278,4.2278,4.2378,4.1278,4.1578,1.6836,28497.6,11943.861,0.07000000000000028,湖南,纺织,19980527,
600156.SH,华升股份,20130918,4.0778,4.1578,4.2078,4.0679,4.0778,1.9618,26220.62,10896.052,0.08000000000000007,湖南,纺织,19980527,
600156.SH,华升股份,20130917,4.3077,4.0778,4.3077,4.0579,4.3077,-5.337,44967.21,18763.499,-0.22989999999999977,湖南,纺织,19980527,
600156.SH,华升股份,20130916,4.3477,4.3077,4.3677,4.2977,4.3477,-0.92,21257.11,9210.788,-0.040000000000000036,湖南,纺织,19980527,
600156.SH,华升股份,20130913,4.2977,4.3477,4.3677,4.2478,4.2977,1.1634,26679.39,11487.428,0.04999999999999982,湖南,纺织,19980527,
600156.SH,华升股份,20130912,4.3277,4.2977,4.3577,4.2578,4.3677,-1.6027,43017.21,18463.903,-0.07000000000000028,湖南,纺织,19980527,
600156.SH,华升股份,20130911,4.3877,4.3677,4.4876,4.3077,4.3977,-0.6822,51170.79,22433.892,-0.03000000000000025,湖南,纺织,19980527,
600156.SH,华升股份,20130910,4.3277,4.3977,4.3977,4.2977,4.3377,1.3832,69397.24,30284.727,0.0600000000000005,湖南,纺织,19980527,
600156.SH,华升股份,20130909,4.4277,4.3377,4.4377,4.2977,4.4277,-2.0327,78015.47,34094.779,-0.08999999999999986,湖南,纺织,19980527,
600156.SH,华升股份,20130906,4.4976,4.4277,4.5076,4.3177,4.5176,-1.99,77668.86,34227.459,-0.08990000000000009,湖南,纺织,19980527,
600156.SH,华升股份,20130905,4.5076,4.5176,4.5376,4.3977,4.5276,-0.2209,63390.85,28307.358,-0.009999999999999787,湖南,纺织,19980527,
600156.SH,华升股份,20130904,4.4477,4.5276,4.5976,4.3777,4.4876,0.8913,139750.4,62923.238,0.040000000000000036,湖南,纺织,19980527,
600156.SH,华升股份,20130903,4.1378,4.4876,4.5476,4.1178,4.1878,7.1589,210331.49,92544.101,0.2997999999999994,湖南,纺织,19980527,
600156.SH,华升股份,20130902,3.9279,4.1878,4.2977,3.8879,3.9479,6.0766,98102.92,40761.686,0.2399,湖南,纺织,19980527,
600156.SH,华升股份,20130830,3.8979,3.9479,4.0279,3.878,3.9379,0.2539,30906.4,12308.612,0.010000000000000231,湖南,纺织,19980527,
600156.SH,华升股份,20130829,3.8979,3.9379,3.9479,3.848,3.9079,0.7677,34656.81,13469.456,0.029999999999999805,湖南,纺织,19980527,
600156.SH,华升股份,20130828,4.0379,3.9079,4.0878,3.8979,4.0179,-2.7377,55184.81,21882.533,-0.10999999999999988,湖南,纺织,19980527,
600156.SH,华升股份,20130827,4.0978,4.0179,4.1378,3.9879,4.0978,-1.9498,42175.03,17018.451,-0.0799000000000003,湖南,纺织,19980527,
600156.SH,华升股份,20130826,3.9579,4.0978,4.1778,3.9379,3.9579,3.5347,44038.53,18033.854,0.13990000000000036,湖南,纺织,19980527,
600156.SH,华升股份,20130823,4.0179,3.9579,4.0479,3.9279,4.0079,-1.2475,29230.14,11621.968,-0.050000000000000266,湖南,纺织,19980527,
600156.SH,华升股份,20130822,4.0679,4.0079,4.0778,4.0079,4.0778,-1.7142,24438.81,9870.307,-0.06989999999999963,湖南,纺织,19980527,
600156.SH,华升股份,20130821,4.0579,4.0778,4.1178,3.9979,4.1178,-0.9714,40425.73,16334.439,-0.040000000000000036,湖南,纺织,19980527,
600156.SH,华升股份,20130820,4.0179,4.1178,4.1278,3.9079,4.0579,1.4761,68673.63,27473.209,0.05989999999999984,湖南,纺织,19980527,
600156.SH,华升股份,20130819,3.798,4.0579,4.1178,3.738,3.828,6.0057,86075.64,34365.735,0.22990000000000022,湖南,纺织,19980527,
600156.SH,华升股份,20130816,3.818,3.828,3.9079,3.728,3.838,-0.2606,45027.67,17241.66,-0.010000000000000231,湖南,纺织,19980527,
600156.SH,华升股份,20130815,3.858,3.838,3.8879,3.768,3.818,0.5238,45069.39,17315.621,0.020000000000000018,湖南,纺织,19980527,
600156.SH,华升股份,20130814,3.748,3.818,3.9479,3.748,3.748,1.8677,79425.53,30702.905,0.06999999999999984,湖南,纺织,19980527,
600156.SH,华升股份,20130813,3.708,3.748,3.798,3.6881,3.708,1.0787,46529.35,17424.672,0.040000000000000036,湖南,纺织,19980527,
600156.SH,华升股份,20130812,3.6281,3.708,3.728,3.6281,3.6581,1.3641,38636.49,14251.483,0.049900000000000055,湖南,纺织,19980527,
600156.SH,华升股份,20130809,3.5481,3.6581,3.718,3.5481,3.5581,2.8105,59011.31,21555.396,0.10000000000000009,湖南,纺织,19980527,
600156.SH,华升股份,20130808,3.5681,3.5581,3.6281,3.5281,3.5681,-0.2803,26664.88,9567.486,-0.009999999999999787,湖南,纺织,19980527,
600156.SH,华升股份,20130807,3.6181,3.5681,3.6481,3.5481,3.6581,-2.4603,36854.73,13261.951,-0.0900000000000003,湖南,纺织,19980527,
600156.SH,华升股份,20130806,3.5481,3.6581,3.6581,3.5081,3.5981,1.6675,58807.12,21098.829,0.06000000000000005,湖南,纺织,19980527,
600156.SH,华升股份,20130805,3.6281,3.5981,3.6581,3.4882,3.6281,-0.8269,102908.03,36365.937,-0.029999999999999805,湖南,纺织,19980527,
600156.SH,华升股份,20130802,3.698,3.6281,3.718,3.6081,3.708,-2.1548,18994.78,6928.49,-0.0799000000000003,湖南,纺织,19980527,
600156.SH,华升股份,20130801,3.6881,3.708,3.798,3.6381,3.6581,1.3641,54214.55,20236.236,0.049900000000000055,湖南,纺织,19980527,
600156.SH,华升股份,20130731,3.4382,3.6581,3.6781,3.4282,3.4582,5.7805,48232.91,17308.59,0.19989999999999997,湖南,纺织,19980527,
600156.SH,华升股份,20130730,3.4382,3.4582,3.4582,3.3382,3.4482,0.29,9499.51,3242.191,0.010000000000000231,湖南,纺织,19980527,
600156.SH,华升股份,20130729,3.4282,3.4482,3.4682,3.3782,3.4882,-1.1467,15090.71,5152.183,-0.040000000000000036,湖南,纺织,19980527,
600156.SH,华升股份,20130726,3.5781,3.4882,3.5781,3.4482,3.5681,-2.2393,15305.85,5369.514,-0.07989999999999986,湖南,纺织,19980527,
600156.SH,华升股份,20130725,3.6281,3.5681,3.6481,3.5581,3.6481,-2.1929,12733.16,4586.776,-0.08000000000000007,湖南,纺织,19980527,
600156.SH,华升股份,20130724,3.5381,3.6481,3.6681,3.4382,3.5381,3.109,24753.66,8781.621,0.10999999999999988,湖南,纺织,19980527,
600156.SH,华升股份,20130723,3.4582,3.5381,3.5481,3.4182,3.4582,2.3105,16155.89,5641.625,0.07989999999999986,湖南,纺织,19980527,
600156.SH,华升股份,20130722,3.3782,3.4582,3.4782,3.2983,3.3782,2.3681,18376.91,6271.507,0.08000000000000007,湖南,纺织,19980527,
600156.SH,华升股份,20130719,3.4982,3.3782,3.5481,3.3582,3.4982,-3.4303,16841.02,5816.765,-0.1200000000000001,湖南,纺织,19980527,
600156.SH,华升股份,20130718,3.5881,3.4982,3.5981,3.4782,3.6081,-3.0459,15739.52,5552.161,-0.10989999999999966,湖南,纺织,19980527,
600156.SH,华升股份,20130717,3.6681,3.6081,3.6681,3.5481,3.6881,-2.1691,20471.0,7387.524,-0.08000000000000007,湖南,纺织,19980527,
600156.SH,华升股份,20130716,3.6481,3.6881,3.708,3.6181,3.6681,0.5452,24262.2,8859.04,0.020000000000000018,湖南,纺织,19980527,
600156.SH,华升股份,20130715,3.6681,3.6681,3.728,3.6081,3.6481,0.5482,22129.39,8160.994,0.020000000000000018,湖南,纺织,19980527,
600156.SH,华升股份,20130712,3.6281,3.6481,3.6781,3.5581,3.6381,0.2749,22738.98,8216.765,0.009999999999999787,湖南,纺织,19980527,
600156.SH,华升股份,20130711,3.5381,3.6381,3.738,3.4882,3.5581,2.2484,61244.39,22190.045,0.08000000000000007,湖南,纺织,19980527,
600156.SH,华升股份,20130710,3.2583,3.5581,3.5681,3.2583,3.3182,7.2298,54126.38,18728.493,0.2399,湖南,纺织,19980527,
600156.SH,华升股份,20130709,3.2283,3.3182,3.3482,3.2183,3.2583,1.8384,15785.26,5207.453,0.05989999999999984,湖南,纺织,19980527,
600156.SH,华升股份,20130708,3.3782,3.2583,3.4182,3.1883,3.4382,-5.2324,31455.3,10329.254,-0.17989999999999995,湖南,纺织,19980527,
600156.SH,华升股份,20130705,3.4482,3.4382,3.4882,3.4282,3.4482,-0.29,15222.63,5249.741,-0.009999999999999787,湖南,纺织,19980527,
600156.SH,华升股份,20130704,3.4482,3.4482,3.4882,3.3682,3.4482,0.0,21273.78,7322.873,0.0,湖南,纺织,19980527,
600156.SH,华升股份,20130703,3.4582,3.4482,3.4582,3.3382,3.4682,-0.5767,24728.13,8403.06,-0.020000000000000018,湖南,纺织,19980527,
600156.SH,华升股份,20130702,3.4382,3.4682,3.4782,3.3582,3.4082,1.7605,22355.74,7641.814,0.06000000000000005,湖南,纺织,19980527,
600156.SH,华升股份,20130701,3.3782,3.4082,3.4182,3.3182,3.3882,0.5903,25949.99,8813.555,0.020000000000000018,湖南,纺织,19980527,
600156.SH,华升股份,20130628,3.3682,3.3882,3.4382,3.2983,3.4082,-0.5868,24003.89,8108.288,-0.020000000000000018,湖南,纺织,19980527,
600156.SH,华升股份,20130627,3.3882,3.4082,3.4682,3.3182,3.4182,-0.2926,30909.74,10544.291,-0.010000000000000231,湖南,纺织,19980527,
600156.SH,华升股份,20130626,3.3582,3.4182,3.4282,3.2883,3.3882,0.8854,28923.47,9753.847,0.03000000000000025,湖南,纺织,19980527,
600156.SH,华升股份,20130625,3.4182,3.3882,3.4882,3.0884,3.4282,-1.1668,61625.31,20069.697,-0.040000000000000036,湖南,纺织,19980527,
600156.SH,华升股份,20130624,3.698,3.4282,3.728,3.3582,3.728,-8.0418,34112.82,11861.014,-0.2998000000000003,湖南,纺织,19980527,
600156.SH,华升股份,20130621,3.698,3.728,3.818,3.6181,3.738,-0.2675,27981.95,10312.368,-0.009999999999999787,湖南,纺织,19980527,
600156.SH,华升股份,20130620,3.858,3.738,3.9279,3.728,3.9279,-4.8346,25294.29,9700.522,-0.18990000000000018,湖南,纺织,19980527,
600156.SH,华升股份,20130619,3.9679,3.9279,3.9679,3.708,3.9679,-1.0081,30324.73,11618.446,-0.040000000000000036,湖南,纺织,19980527,
600156.SH,华升股份,20130618,3.9779,3.9679,4.0079,3.878,3.9879,-0.5015,14114.02,5562.696,-0.019999999999999574,湖南,纺织,19980527,
600156.SH,华升股份,20130617,3.9179,3.9879,4.0079,3.8979,3.9179,1.7867,16094.14,6362.187,0.06999999999999984,湖南,纺织,19980527,
600156.SH,华升股份,20130614,3.838,3.9179,3.9579,3.828,3.848,1.8165,17599.27,6873.464,0.06990000000000007,湖南,纺织,19980527,
600156.SH,华升股份,20130613,4.0479,3.848,4.0479,3.828,4.1078,-6.3246,36096.15,14038.103,-0.25980000000000025,湖南,纺织,19980527,
600156.SH,华升股份,20130607,4.2977,4.1078,4.3277,4.0978,4.2977,-4.4186,46660.37,19531.194,-0.18989999999999974,湖南,纺织,19980527,
600156.SH,华升股份,20130606,4.1878,4.2977,4.4177,4.1878,4.1878,2.6243,68519.14,29568.827,0.10989999999999966,湖南,纺织,19980527,
600156.SH,华升股份,20130605,4.2378,4.1878,4.2478,4.1778,4.2278,-0.9461,23977.23,10085.541,-0.040000000000000036,湖南,纺织,19980527,
600156.SH,华升股份,20130604,4.3277,4.2278,4.4377,4.2078,4.3577,-2.9809,46771.59,20103.802,-0.12990000000000013,湖南,纺织,19980527,
600156.SH,华升股份,20130603,4.2578,4.3577,4.3977,4.2378,4.2578,2.3463,78140.96,33825.249,0.09990000000000077,湖南,纺织,19980527,
600156.SH,华升股份,20130531,4.2178,4.2578,4.2777,4.1878,4.2178,0.9484,43971.54,18711.722,0.03999999999999915,湖南,纺织,19980527,
600156.SH,华升股份,20130530,4.2578,4.2178,4.2578,4.2078,4.2578,-0.9395,31984.61,13522.589,-0.03999999999999915,湖南,纺织,19980527,
600156.SH,华升股份,20130529,4.2278,4.2578,4.2578,4.1778,4.2178,0.9484,51931.45,21903.028,0.03999999999999915,湖南,纺织,19980527,
600156.SH,华升股份,20130528,4.1578,4.2178,4.2278,4.1178,4.1678,1.1997,63324.03,26553.396,0.05000000000000071,湖南,纺织,19980527,
600156.SH,华升股份,20130527,4.1178,4.1678,4.1678,4.0878,4.1178,1.2142,38235.53,15807.0,0.04999999999999982,湖南,纺织,19980527,
600156.SH,华升股份,20130524,4.1178,4.1178,4.1378,4.0679,4.0978,0.4881,34426.29,14128.243,0.019999999999999574,湖南,纺织,19980527,
600156.SH,华升股份,20130523,4.1578,4.0978,4.1678,4.0978,4.1678,-1.6795,44166.25,18257.818,-0.0699999999999994,湖南,纺织,19980527,
600156.SH,华升股份,20130522,4.2078,4.1678,4.2278,4.1478,4.2178,-1.1855,41342.98,17306.36,-0.05000000000000071,湖南,纺织,19980527,
600156.SH,华升股份,20130521,4.1578,4.2178,4.2378,4.1178,4.1478,1.6876,58912.48,24679.366,0.07000000000000028,湖南,纺织,19980527,
600156.SH,华升股份,20130520,4.0679,4.1478,4.1478,4.0679,4.0978,1.2202,38365.58,15827.895,0.04999999999999982,湖南,纺织,19980527,
600156.SH,华升股份,20130517,4.0679,4.0978,4.1178,4.0479,4.0579,0.9833,47306.41,19365.414,0.03990000000000027,湖南,纺织,19980527,
600156.SH,华升股份,20130516,4.0679,4.0579,4.0778,4.0079,4.0579,0.0,39661.33,16077.238,0.0,湖南,纺织,19980527,
600156.SH,华升股份,20130515,4.0379,4.0579,4.0778,4.0379,4.0379,0.4953,28259.4,11458.184,0.020000000000000462,湖南,纺织,19980527,
600156.SH,华升股份,20130514,4.0679,4.0379,4.0679,3.9979,4.0679,-0.7375,22707.52,9143.255,-0.03000000000000025,湖南,纺织,19980527,
600156.SH,华升股份,20130513,4.0179,4.0679,4.0778,3.9979,4.0379,0.743,37083.44,15012.833,0.03000000000000025,湖南,纺织,19980527,
600156.SH,华升股份,20130510,3.9679,4.0379,4.0479,3.9479,3.9979,1.0005,39722.12,15874.683,0.03999999999999959,湖南,纺织,19980527,
600156.SH,华升股份,20130509,4.0379,3.9979,4.0379,3.9679,4.0379,-0.9906,34847.57,13921.944,-0.03999999999999959,湖南,纺织,19980527,
600156.SH,华升股份,20130508,4.0279,4.0379,4.0579,3.9979,4.0279,0.2483,30441.68,12257.553,0.009999999999999787,湖南,纺织,19980527,
600156.SH,华升股份,20130507,4.0379,4.0279,4.0479,3.9579,4.0579,-0.7393,37300.55,14928.251,-0.03000000000000025,湖南,纺织,19980527,
600156.SH,华升股份,20130506,3.9979,4.0579,4.0679,3.9979,4.0079,1.2475,35873.12,14511.681,0.04999999999999982,湖南,纺织,19980527,
600156.SH,华升股份,20130503,3.9679,4.0079,4.0479,3.9679,3.9679,1.0081,29076.3,11694.799,0.040000000000000036,湖南,纺织,19980527,
600156.SH,华升股份,20130502,3.9679,3.9679,4.0079,3.9479,3.9679,0.0,22433.7,8927.083,0.0,湖南,纺织,19980527,
600156.SH,华升股份,20130426,4.1878,3.9679,4.2278,3.9279,4.2378,-6.3689,96955.83,39249.74,-0.2698999999999998,湖南,纺织,19980527,
600156.SH,华升股份,20130425,4.4277,4.2378,4.4477,4.2178,4.4477,-4.7193,62959.36,27403.803,-0.2099000000000002,湖南,纺织,19980527,
600156.SH,华升股份,20130424,4.3877,4.4477,4.4776,4.3577,4.3777,1.599,39110.6,17330.956,0.07000000000000028,湖南,纺织,19980527,
600156.SH,华升股份,20130423,4.5776,4.3777,4.5976,4.3677,4.5776,-4.3669,50827.0,22673.943,-0.1999000000000004,湖南,纺织,19980527,
600156.SH,华升股份,20130422,4.4876,4.5776,4.5876,4.4776,4.5276,1.1043,51815.53,23513.789,0.05000000000000071,湖南,纺织,19980527,
600156.SH,华升股份,20130419,4.3977,4.5276,4.6575,4.3777,4.4177,2.4877,75877.43,34409.351,0.10989999999999966,湖南,纺织,19980527,
600156.SH,华升股份,20130418,4.4776,4.4177,4.4876,4.4077,4.4876,-1.5576,33340.8,14810.35,-0.06989999999999963,湖南,纺织,19980527,
600156.SH,华升股份,20130417,4.4676,4.4876,4.5076,4.4177,4.4576,0.673,32771.58,14630.321,0.02999999999999936,湖南,纺织,19980527,
600156.SH,华升股份,20130416,4.3877,4.4576,4.4676,4.3077,4.4077,1.1321,30829.37,13607.597,0.049900000000000055,湖南,纺织,19980527,
600156.SH,华升股份,20130415,4.3277,4.4077,4.4676,4.2877,4.3477,1.38,56874.91,25077.321,0.0600000000000005,湖南,纺织,19980527,
600156.SH,华升股份,20130412,4.5176,4.3477,4.5476,4.3177,4.5076,-3.5473,70054.41,30893.509,-0.15990000000000038,湖南,纺织,19980527,
600156.SH,华升股份,20130411,4.6575,4.5076,4.7175,4.4876,4.6775,-3.6323,75145.88,34330.958,-0.16990000000000016,湖南,纺织,19980527,
600156.SH,华升股份,20130410,4.5876,4.6775,4.6775,4.5176,4.6176,1.2972,61057.4,28135.697,0.05989999999999984,湖南,纺织,19980527,
600156.SH,华升股份,20130409,4.6875,4.6176,4.7375,4.5776,4.7075,-1.9097,80772.47,37556.856,-0.0898999999999992,湖南,纺织,19980527,
600156.SH,华升股份,20130408,4.4976,4.7075,4.7375,4.4477,4.6875,0.4267,101003.9,46513.091,0.019999999999999574,湖南,纺织,19980527,
600156.SH,华升股份,20130403,4.7375,4.6875,4.8175,4.6076,4.8374,-3.0988,120204.72,56559.712,-0.1498999999999997,湖南,纺织,19980527,
600156.SH,华升股份,20130402,4.5776,4.8374,4.8774,4.5076,4.5776,5.6755,224425.13,106606.412,0.25979999999999936,湖南,纺织,19980527,
600156.SH,华升股份,20130401,4.7575,4.5776,4.8874,4.5476,4.6575,-1.7155,187754.22,88395.319,-0.07989999999999942,湖南,纺织,19980527,
600156.SH,华升股份,20130329,4.3277,4.6575,4.7575,4.2877,4.3277,7.6207,188820.45,87151.746,0.32979999999999965,湖南,纺织,19980527,
600156.SH,华升股份,20130328,4.4676,4.3277,4.4776,4.2977,4.5176,-4.2036,65556.7,28825.66,-0.18989999999999974,湖南,纺织,19980527,
600156.SH,华升股份,20130327,4.4876,4.5176,4.5876,4.4377,4.5676,-1.0947,94753.04,42656.718,-0.04999999999999982,湖南,纺织,19980527,
600156.SH,华升股份,20130326,4.3977,4.5676,4.6675,4.3777,4.4676,2.2383,146592.64,66286.958,0.09999999999999964,湖南,纺织,19980527,
600156.SH,华升股份,20130325,4.3177,4.4676,4.5976,4.3177,4.3277,3.2327,113725.71,50847.127,0.1398999999999999,湖南,纺织,19980527,
600156.SH,华升股份,20130322,4.2977,4.3277,4.3477,4.2478,4.3177,0.2316,38143.75,16418.575,0.009999999999999787,湖南,纺织,19980527,
600156.SH,华升股份,20130321,4.2677,4.3177,4.3577,4.2478,4.2877,0.6997,33979.4,14633.896,0.03000000000000025,湖南,纺织,19980527,
600156.SH,华升股份,20130320,4.2178,4.2877,4.2877,4.1678,4.1978,2.1416,32930.13,13975.844,0.08990000000000009,湖南,纺织,19980527,
600156.SH,华升股份,20130319,4.1078,4.1978,4.2078,4.1078,4.1478,1.2055,23555.3,9821.428,0.04999999999999982,湖南,纺织,19980527,
600156.SH,华升股份,20130318,4.2478,4.1478,4.2877,4.1078,4.2677,-2.8095,46628.45,19534.34,-0.11989999999999945,湖南,纺织,19980527,
600156.SH,华升股份,20130315,4.3377,4.2677,4.3677,4.1978,4.3477,-1.8401,48630.54,20885.557,-0.08000000000000007,湖南,纺织,19980527,
600156.SH,华升股份,20130314,4.2977,4.3477,4.4576,4.2877,4.3677,-0.4579,52942.39,23197.625,-0.020000000000000462,湖南,纺织,19980527,
600156.SH,华升股份,20130313,4.5076,4.3677,4.5476,4.3277,4.5276,-3.5317,94249.57,41820.437,-0.1598999999999995,湖南,纺织,19980527,
600156.SH,华升股份,20130312,4.3777,4.5276,4.5776,4.3577,4.3777,3.4242,146838.22,65597.505,0.1498999999999997,湖南,纺织,19980527,
600156.SH,华升股份,20130311,4.3477,4.3777,4.3977,4.3277,4.3577,0.459,33942.93,14855.027,0.019999999999999574,湖南,纺织,19980527,
600156.SH,华升股份,20130308,4.3477,4.3577,4.4177,4.2977,4.3377,0.4611,45651.2,19898.504,0.020000000000000462,湖南,纺织,19980527,
600156.SH,华升股份,20130307,4.4576,4.3377,4.5176,4.2977,4.4776,-3.1244,76685.7,33744.813,-0.1398999999999999,湖南,纺织,19980527,
600156.SH,华升股份,20130306,4.4477,4.4776,4.5476,4.3977,4.4776,0.0,96952.93,43234.299,0.0,湖南,纺织,19980527,
600156.SH,华升股份,20130305,4.3977,4.4776,4.4876,4.2278,4.4576,0.4487,138619.03,60786.222,0.019999999999999574,湖南,纺织,19980527,
600156.SH,华升股份,20130304,4.2478,4.4576,4.6975,4.2278,4.2677,4.4497,258827.54,116780.878,0.18990000000000062,湖南,纺织,19980527,
600156.SH,华升股份,20130301,4.1378,4.2677,4.2677,4.1178,4.1278,3.3892,81560.89,34316.757,0.1398999999999999,湖南,纺织,19980527,
600156.SH,华升股份,20130228,4.0579,4.1278,4.1478,4.0579,4.0579,1.7226,40172.58,16526.746,0.06989999999999963,湖南,纺织,19980527,
600156.SH,华升股份,20130227,4.0579,4.0579,4.0978,4.0179,4.0579,0.0,31971.22,12973.554,0.0,湖南,纺织,19980527,
600156.SH,华升股份,20130226,4.1478,4.0579,4.1978,4.0379,4.1578,-2.4027,38177.92,15772.894,-0.09989999999999988,湖南,纺织,19980527,
600156.SH,华升股份,20130225,4.1378,4.1578,4.1978,4.1378,4.1378,0.4833,24710.31,10302.61,0.019999999999999574,湖南,纺织,19980527,
600156.SH,华升股份,20130222,4.1478,4.1378,4.2178,4.1278,4.1878,-1.1939,40524.34,16916.818,-0.04999999999999982,湖南,纺织,19980527,
600156.SH,华升股份,20130221,4.3377,4.1878,4.3677,4.1478,4.3577,-3.8988,92467.08,39247.7,-0.16990000000000016,湖南,纺织,19980527,
600156.SH,华升股份,20130220,4.3077,4.3577,4.4177,4.2777,4.3077,1.1607,77869.1,33997.701,0.05000000000000071,湖南,纺织,19980527,
600156.SH,华升股份,20130219,4.2578,4.3077,4.3777,4.2278,4.2578,1.172,113456.0,48965.339,0.049900000000000055,湖南,纺织,19980527,
600156.SH,华升股份,20130218,4.1878,4.2578,4.2877,4.1878,4.1978,1.4293,63758.68,27125.607,0.05999999999999961,湖南,纺织,19980527,
600156.SH,华升股份,20130208,4.1978,4.1978,4.2478,4.1678,4.1878,0.2388,47870.35,20173.383,0.009999999999999787,湖南,纺织,19980527,
600156.SH,华升股份,20130207,4.1678,4.1878,4.2178,4.1278,4.1678,0.4799,37503.54,15636.136,0.020000000000000462,湖南,纺织,19980527,
600156.SH,华升股份,20130206,4.1678,4.1678,4.2478,4.1478,4.1678,0.0,45562.64,19135.041,0.0,湖南,纺织,19980527,
600156.SH,华升股份,20130205,4.1378,4.1678,4.1778,4.0978,4.1578,0.2405,35286.14,14624.289,0.009999999999999787,湖南,纺织,19980527,
600156.SH,华升股份,20130204,4.1778,4.1578,4.2578,4.1078,4.1778,-0.4787,71133.47,29756.411,-0.020000000000000462,湖南,纺织,19980527,
600156.SH,华升股份,20130201,4.1078,4.1778,4.1878,4.0379,4.1078,1.7041,76512.19,31657.266,0.07000000000000028,湖南,纺织,19980527,
600156.SH,华升股份,20130131,4.1578,4.1078,4.1678,4.0778,4.1578,-1.2026,34035.82,13979.802,-0.04999999999999982,湖南,纺织,19980527,
600156.SH,华升股份,20130130,4.1178,4.1578,4.1778,4.0778,4.1078,1.2172,54274.55,22400.877,0.04999999999999982,湖南,纺织,19980527,
600156.SH,华升股份,20130129,4.0878,4.1078,4.1278,4.0579,4.0878,0.4893,39826.81,16335.828,0.020000000000000462,湖南,纺织,19980527,
600156.SH,华升股份,20130128,3.9979,4.0878,4.0978,3.9979,3.9979,2.2487,38892.92,15825.066,0.08989999999999965,湖南,纺织,19980527,
600156.SH,华升股份,20130125,3.9879,3.9979,4.0079,3.9579,3.9779,0.5028,17233.54,6871.005,0.020000000000000018,湖南,纺织,19980527,
600156.SH,华升股份,20130124,4.0679,3.9779,4.1278,3.9579,4.1178,-3.3974,47117.96,19085.345,-0.1398999999999999,湖南,纺织,19980527,
600156.SH,华升股份,20130123,4.0778,4.1178,4.1378,3.9879,4.0878,0.7339,51629.61,21013.456,0.03000000000000025,湖南,纺织,19980527,
600156.SH,华升股份,20130122,4.1378,4.0878,4.2078,4.0679,4.1478,-1.4465,81152.96,33687.579,-0.0600000000000005,湖南,纺织,19980527,
600156.SH,华升股份,20130121,4.1478,4.1478,4.1478,4.0878,4.1578,-0.2405,43440.07,17905.608,-0.009999999999999787,湖南,纺织,19980527,
600156.SH,华升股份,20130118,4.1078,4.1578,4.1778,4.0579,4.0878,1.7124,86276.26,35626.287,0.07000000000000028,湖南,纺织,19980527,
600156.SH,华升股份,20130117,4.0579,4.0878,4.0978,4.0179,4.0579,0.7368,43272.31,17583.721,0.029899999999999594,湖南,纺织,19980527,
600156.SH,华升股份,20130116,4.0778,4.0579,4.1078,4.0079,4.0978,-0.9737,44114.89,17896.312,-0.03990000000000027,湖南,纺织,19980527,
600156.SH,华升股份,20130115,4.0079,4.0978,4.1078,3.9779,4.0079,2.2431,70429.93,28559.261,0.08990000000000009,湖南,纺织,19980527,
600156.SH,华升股份,20130114,3.9179,4.0079,4.0279,3.8979,3.9079,2.5589,41007.6,16273.812,0.10000000000000009,湖南,纺织,19980527,
600156.SH,华升股份,20130111,4.0679,3.9079,4.0679,3.8979,4.0579,-3.6965,50092.74,19955.108,-0.1499999999999999,湖南,纺织,19980527,
600156.SH,华升股份,20130110,4.0479,4.0579,4.1078,4.0179,4.0479,0.247,51388.38,20897.322,0.009999999999999787,湖南,纺织,19980527,
600156.SH,华升股份,20130109,4.0179,4.0479,4.0679,3.9979,4.0379,0.2477,44682.31,18025.598,0.010000000000000675,湖南,纺织,19980527,
600156.SH,华升股份,20130108,3.9779,4.0379,4.0579,3.9679,4.0079,0.7485,40355.01,16219.918,0.02999999999999936,湖南,纺织,19980527,
600156.SH,华升股份,20130107,3.9879,4.0079,4.0179,3.9479,3.9879,0.5015,28587.17,11389.857,0.020000000000000462,湖南,纺织,19980527,
600156.SH,华升股份,20130104,4.0679,3.9879,4.1178,3.9779,4.0679,-1.9666,43458.09,17539.997,-0.08000000000000007,湖南,纺织,19980527,
600156.SH,华升股份,20121231,4.0479,4.0679,4.1078,3.9979,4.0579,0.2464,43634.42,17696.655,0.009999999999999787,湖南,纺织,19980527,
600156.SH,华升股份,20121228,3.8979,4.0579,4.0778,3.8879,3.8979,4.1048,71408.07,28540.938,0.16000000000000014,湖南,纺织,19980527,
600156.SH,华升股份,20121227,4.0179,3.8979,4.0579,3.8879,4.0179,-2.9866,55384.02,21970.195,-0.1200000000000001,湖南,纺织,19980527,
600156.SH,华升股份,20121226,3.9879,4.0179,4.0379,3.9679,3.9879,0.7523,44683.76,17897.765,0.03000000000000025,湖南,纺织,19980527,
600156.SH,华升股份,20121225,3.8879,3.9879,4.0079,3.878,3.9079,2.0471,44061.11,17516.787,0.07999999999999963,湖南,纺织,19980527,
600156.SH,华升股份,20121224,3.878,3.9079,3.9379,3.828,3.878,0.771,23562.53,9174.549,0.029900000000000038,湖南,纺织,19980527,
600156.SH,华升股份,20121221,3.868,3.878,3.9479,3.868,3.8979,-0.5105,34621.16,13503.127,-0.019899999999999807,湖南,纺织,19980527,
600156.SH,华升股份,20121220,3.858,3.8979,3.9279,3.828,3.8879,0.2572,28800.38,11163.419,0.009999999999999787,湖南,纺织,19980527,
600156.SH,华升股份,20121219,3.9079,3.8879,3.9579,3.858,3.9179,-0.7657,34422.92,13461.903,-0.029999999999999805,湖南,纺织,19980527,
600156.SH,华升股份,20121218,3.9579,3.9179,3.9979,3.8879,3.9679,-1.2601,52249.21,20593.378,-0.050000000000000266,湖南,纺织,19980527,
600156.SH,华升股份,20121217,4.0079,3.9679,4.0579,3.9479,4.0479,-1.9763,60057.48,24077.517,-0.08000000000000007,湖南,纺织,19980527,
600156.SH,华升股份,20121214,3.878,4.0479,4.0978,3.878,3.9879,1.5046,103354.41,41568.169,0.0600000000000005,湖南,纺织,19980527,
600156.SH,华升股份,20121213,4.0179,3.9879,4.1678,3.8879,4.1278,-3.3892,79442.02,31787.953,-0.1398999999999999,湖南,纺织,19980527,
600156.SH,华升股份,20121212,4.2977,4.1278,4.2977,3.9679,3.9479,4.5569,95401.57,39166.178,0.1798999999999995,湖南,纺织,19980527,
600156.SH,华升股份,20121207,3.718,3.9479,4.0579,3.698,3.758,5.0532,61390.52,23989.724,0.18990000000000018,湖南,纺织,19980527,
600156.SH,华升股份,20121206,3.748,3.758,3.788,3.6781,3.768,-0.2654,17690.12,6601.611,-0.009999999999999787,湖南,纺织,19980527,
600156.SH,华升股份,20121205,3.5881,3.768,3.798,3.5881,3.6481,3.2866,44640.2,16626.382,0.1198999999999999,湖南,纺织,19980527,
600156.SH,华升股份,20121204,3.5181,3.6481,3.6681,3.5181,3.5081,3.9908,31712.38,11435.405,0.13999999999999968,湖南,纺织,19980527,
600156.SH,华升股份,20121203,3.4982,3.5081,3.6781,3.4582,3.4982,0.283,25725.06,9184.531,0.00990000000000002,湖南,纺织,19980527,
600156.SH,华升股份,20121130,3.4482,3.4982,3.5381,3.4382,3.4482,1.45,18237.77,6371.11,0.050000000000000266,湖南,纺织,19980527,
600156.SH,华升股份,20121129,3.5781,3.4482,3.6081,3.4382,3.5781,-3.6304,23826.97,8411.704,-0.12990000000000013,湖南,纺织,19980527,
600156.SH,华升股份,20121128,3.5181,3.5781,3.5981,3.5181,3.5481,0.8455,23179.14,8238.68,0.03000000000000025,湖南,纺织,19980527,
600156.SH,华升股份,20121127,3.698,3.5481,3.768,3.5381,3.808,-6.8251,53152.37,19345.423,-0.2599,湖南,纺织,19980527,
600156.SH,华升股份,20121126,3.8979,3.808,3.9879,3.798,3.9079,-2.5564,47338.88,18427.085,-0.09990000000000032,湖南,纺织,19980527,
600156.SH,华升股份,20121123,3.828,3.9079,3.9479,3.778,3.828,2.0873,57149.67,22256.796,0.0799000000000003,湖南,纺织,19980527,
600156.SH,华升股份,20121122,3.818,3.828,3.848,3.748,3.858,-0.7776,35884.83,13610.652,-0.03000000000000025,湖南,纺织,19980527,
600156.SH,华升股份,20121121,3.798,3.858,3.868,3.6881,3.828,0.7837,69019.09,26226.06,0.03000000000000025,湖南,纺织,19980527,
600156.SH,华升股份,20121120,3.798,3.828,3.858,3.768,3.838,-0.2606,50946.07,19429.34,-0.010000000000000231,湖南,纺织,19980527,
600156.SH,华升股份,20121119,3.798,3.838,3.858,3.6481,3.848,-0.2599,94507.59,35389.651,-0.009999999999999787,湖南,纺织,19980527,
600156.SH,华升股份,20121116,4.1978,3.848,4.2578,3.798,4.2178,-8.7676,120160.65,47819.342,-0.3698000000000006,湖南,纺织,19980527,
600156.SH,华升股份,20121115,4.2478,4.2178,4.3077,4.1278,4.2677,-1.1692,74989.66,31554.388,-0.04989999999999917,湖南,纺织,19980527,
600156.SH,华升股份,20121114,4.3477,4.2677,4.4976,4.1778,4.4177,-3.3954,146488.64,63016.837,-0.15000000000000036,湖南,纺织,19980527,
600156.SH,华升股份,20121113,4.2178,4.4177,4.4776,4.1578,4.2977,2.7922,213239.79,92219.951,0.1200000000000001,湖南,纺织,19980527,
600156.SH,华升股份,20121112,4.1678,4.2977,4.3477,4.1078,4.2378,1.4135,206495.48,87459.927,0.05989999999999984,湖南,纺织,19980527,
600156.SH,华升股份,20121109,3.828,4.2378,4.2378,3.788,3.848,10.1299,241880.09,101367.822,0.38980000000000015,湖南,纺织,19980527,
600156.SH,华升股份,20121108,3.808,3.848,4.1478,3.808,3.808,1.0504,92473.94,36515.428,0.040000000000000036,湖南,纺织,19980527,
600156.SH,华升股份,20121107,3.748,3.808,3.828,3.748,3.788,0.528,10878.49,4134.897,0.020000000000000018,湖南,纺织,19980527,
600156.SH,华升股份,20121106,3.848,3.788,3.848,3.738,3.848,-1.5593,13072.15,4932.763,-0.06000000000000005,湖南,纺织,19980527,
600156.SH,华升股份,20121105,3.818,3.848,3.858,3.768,3.828,0.5225,12818.18,4894.503,0.020000000000000018,湖南,纺织,19980527,
600156.SH,华升股份,20121102,3.778,3.828,3.838,3.748,3.778,1.3235,9871.97,3750.106,0.04999999999999982,湖南,纺织,19980527,
600156.SH,华升股份,20121101,3.6581,3.778,3.818,3.6281,3.6581,3.2777,19316.89,7291.065,0.1198999999999999,湖南,纺织,19980527,
600156.SH,华升股份,20121031,3.6381,3.6581,3.6881,3.6181,3.6281,0.8269,11189.13,4082.17,0.03000000000000025,湖南,纺织,19980527,
600156.SH,华升股份,20121030,3.6481,3.6281,3.748,3.6081,3.6681,-1.0905,22142.27,8092.615,-0.040000000000000036,湖南,纺织,19980527,
600156.SH,华升股份,20121029,3.6781,3.6681,3.698,3.5981,3.6781,-0.2719,8065.0,2954.468,-0.010000000000000231,湖南,纺织,19980527,
600156.SH,华升股份,20121026,3.748,3.6781,3.798,3.6681,3.788,-2.9013,23060.34,8563.952,-0.10989999999999966,湖南,纺织,19980527,
600156.SH,华升股份,20121025,3.848,3.788,3.9879,3.778,3.848,-1.5593,37090.3,14453.873,-0.06000000000000005,湖南,纺织,19980527,
600156.SH,华升股份,20121024,3.758,3.848,3.858,3.758,3.798,1.3165,15569.48,5956.96,0.04999999999999982,湖南,纺织,19980527,
600156.SH,华升股份,20121023,3.848,3.798,3.858,3.798,3.848,-1.2994,11672.48,4467.489,-0.04999999999999982,湖南,纺织,19980527,
600156.SH,华升股份,20121022,3.808,3.848,3.848,3.758,3.808,1.0504,12607.9,4803.937,0.040000000000000036,湖南,纺织,19980527,
600156.SH,华升股份,20121019,3.808,3.808,3.868,3.788,3.848,-1.0395,12415.0,4745.441,-0.040000000000000036,湖南,纺织,19980527,
600156.SH,华升股份,20121018,3.758,3.848,3.848,3.738,3.738,2.9428,26050.96,9942.919,0.10999999999999988,湖南,纺织,19980527,
600156.SH,华升股份,20121017,3.6881,3.738,3.768,3.6481,3.6781,1.6286,18762.61,6982.556,0.05989999999999984,湖南,纺织,19980527,
600156.SH,华升股份,20121016,3.6181,3.6781,3.718,3.6181,3.6781,0.0,8046.0,2963.532,0.0,湖南,纺织,19980527,
600156.SH,华升股份,20121015,3.738,3.6781,3.758,3.6081,3.738,-1.6025,9930.0,3645.097,-0.05989999999999984,湖南,纺织,19980527,
600156.SH,华升股份,20121012,3.728,3.738,3.778,3.698,3.718,0.5379,9285.02,3473.458,0.020000000000000018,湖南,纺织,19980527,
600156.SH,华升股份,20121011,3.798,3.718,3.798,3.698,3.788,-1.8479,14032.5,5270.577,-0.06999999999999984,湖南,纺织,19980527,
600156.SH,华升股份,20121010,3.698,3.788,3.818,3.6881,3.728,1.6094,25391.31,9562.554,0.05999999999999961,湖南,纺织,19980527,
600156.SH,华升股份,20121009,3.6081,3.728,3.738,3.6081,3.6081,3.3231,18383.85,6793.417,0.11990000000000034,湖南,纺织,19980527,
600156.SH,华升股份,20121008,3.6281,3.6081,3.6681,3.5781,3.6281,-0.5513,10552.8,3816.303,-0.020000000000000018,湖南,纺织,19980527,
600156.SH,华升股份,20120928,3.5681,3.6281,3.6381,3.5281,3.5781,1.3974,10681.87,3844.041,0.04999999999999982,湖南,纺织,19980527,
600156.SH,华升股份,20120927,3.4982,3.5781,3.6081,3.4882,3.4882,2.5773,12245.68,4343.749,0.08990000000000009,湖南,纺织,19980527,
600156.SH,华升股份,20120926,3.5881,3.4882,3.5881,3.4782,3.5781,-2.5125,11493.68,4049.796,-0.08990000000000009,湖南,纺织,19980527,
600156.SH,华升股份,20120925,3.5981,3.5781,3.6181,3.5481,3.6081,-0.8315,10155.74,3640.077,-0.029999999999999805,湖南,纺织,19980527,
600156.SH,华升股份,20120924,3.5481,3.6081,3.6181,3.5381,3.5781,0.8384,13227.65,4735.018,0.029999999999999805,湖南,纺织,19980527,
600156.SH,华升股份,20120921,3.6281,3.5781,3.6781,3.5781,3.6281,-1.3781,16061.88,5823.329,-0.04999999999999982,湖南,纺织,19980527,
600156.SH,华升股份,20120920,3.798,3.6281,3.798,3.5981,3.818,-4.9738,21183.29,7858.415,-0.18990000000000018,湖南,纺织,19980527,
600156.SH,华升股份,20120919,3.838,3.818,3.838,3.758,3.818,0.0,13112.12,4980.616,0.0,湖南,纺织,19980527,
600156.SH,华升股份,20120918,3.9479,3.818,3.9479,3.748,3.858,-1.0368,19451.33,7453.255,-0.040000000000000036,湖南,纺织,19980527,
600156.SH,华升股份,20120917,4.0279,3.858,4.0279,3.838,3.9979,-3.4993,16714.32,6575.326,-0.1398999999999999,湖南,纺织,19980527,
600156.SH,华升股份,20120914,3.9479,3.9979,4.0479,3.9479,3.9579,1.0106,24301.09,9753.279,0.040000000000000036,湖南,纺织,19980527,
600156.SH,华升股份,20120913,4.0878,3.9579,4.0978,3.9579,4.0679,-2.7041,16406.4,6608.453,-0.10999999999999988,湖南,纺织,19980527,
600156.SH,华升股份,20120912,3.9979,4.0679,4.0778,3.9779,3.9779,2.2625,26285.39,10608.292,0.08999999999999986,湖南,纺织,19980527,
600156.SH,华升股份,20120911,3.9979,3.9779,3.9979,3.9379,3.9979,-0.5003,12699.58,5033.074,-0.020000000000000018,湖南,纺织,19980527,
600156.SH,华升股份,20120910,4.0379,3.9979,4.0379,3.9779,4.0079,-0.2495,19515.46,7808.556,-0.010000000000000231,湖南,纺织,19980527,
600156.SH,华升股份,20120907,3.9379,4.0079,4.0679,3.8879,3.8979,2.822,24979.75,9979.682,0.11000000000000032,湖南,纺织,19980527,
600156.SH,华升股份,20120906,3.848,3.8979,3.9279,3.798,3.828,1.826,14963.62,5758.93,0.06990000000000007,湖南,纺织,19980527,
600156.SH,华升股份,20120905,3.798,3.828,3.828,3.738,3.788,1.056,7972.56,3020.151,0.040000000000000036,湖南,纺织,19980527,
600156.SH,华升股份,20120904,3.848,3.788,3.848,3.778,3.838,-1.3028,9689.72,3700.496,-0.050000000000000266,湖南,纺织,19980527,
600156.SH,华升股份,20120903,3.798,3.838,3.868,3.758,3.818,0.5238,13216.36,5073.761,0.020000000000000018,湖南,纺织,19980527,
600156.SH,华升股份,20120831,3.848,3.818,3.858,3.748,3.848,-0.7796,14082.01,5353.351,-0.029999999999999805,湖南,纺织,19980527,
600156.SH,华升股份,20120830,3.9279,3.848,3.9479,3.768,3.9279,-2.0342,17471.0,6735.679,-0.0799000000000003,湖南,纺织,19980527,
600156.SH,华升股份,20120829,3.9479,3.9279,3.9679,3.9079,3.9479,-0.5066,7489.45,2953.332,-0.020000000000000018,湖南,纺织,19980527,
600156.SH,华升股份,20120828,3.9079,3.9479,3.9679,3.878,3.9079,1.0236,5553.17,2182.543,0.040000000000000036,湖南,纺织,19980527,
600156.SH,华升股份,20120827,3.9879,3.9079,3.9879,3.8979,3.9979,-2.2512,12018.82,4714.052,-0.08999999999999986,湖南,纺织,19980527,
600156.SH,华升股份,20120824,4.1078,3.9979,4.1578,3.9879,4.1078,-2.6754,22228.85,9023.43,-0.10990000000000011,湖南,纺织,19980527,
600156.SH,华升股份,20120823,4.0579,4.1078,4.1378,4.0579,4.0878,0.4893,12228.0,5011.066,0.020000000000000462,湖南,纺织,19980527,
600156.SH,华升股份,20120822,4.1378,4.0878,4.1478,4.0679,4.1378,-1.2084,10529.0,4310.458,-0.05000000000000071,湖南,纺织,19980527,
600156.SH,华升股份,20120821,4.0878,4.1378,4.1578,4.0579,4.0878,1.2232,14769.61,6094.577,0.05000000000000071,湖南,纺织,19980527,
600156.SH,华升股份,20120820,4.0679,4.0878,4.0878,4.0079,4.0878,0.0,8472.31,3423.727,0.0,湖南,纺织,19980527,
600156.SH,华升股份,20120817,4.1878,4.0878,4.1878,4.0179,4.1278,-0.969,13645.63,5570.324,-0.040000000000000036,湖南,纺织,19980527,
600156.SH,华升股份,20120816,4.1278,4.1278,4.1878,4.0679,4.1378,-0.2417,16214.91,6709.977,-0.010000000000000675,湖南,纺织,19980527,
600156.SH,华升股份,20120815,4.0878,4.1378,4.1678,4.0579,4.0679,1.7183,22241.84,9156.474,0.06990000000000052,湖南,纺织,19980527,
600156.SH,华升股份,20120814,4.0878,4.0679,4.0878,3.9779,4.0379,0.743,15094.71,6096.401,0.03000000000000025,湖南,纺织,19980527,
600156.SH,华升股份,20120813,4.1878,4.0379,4.1878,4.0279,4.1878,-3.5794,13077.41,5360.021,-0.1499000000000006,湖南,纺织,19980527,
600156.SH,华升股份,20120810,4.1778,4.1878,4.2378,4.1478,4.1778,0.2394,19797.94,8304.313,0.009999999999999787,湖南,纺织,19980527,
600156.SH,华升股份,20120809,4.1978,4.1778,4.1978,4.1078,4.1678,0.2399,15239.81,6351.415,0.010000000000000675,湖南,纺织,19980527,
600156.SH,华升股份,20120808,4.1778,4.1678,4.1978,4.1078,4.1878,-0.4776,13452.57,5591.24,-0.020000000000000462,湖南,纺织,19980527,
600156.SH,华升股份,20120807,4.0978,4.1878,4.1878,4.0479,4.0878,2.4463,22715.24,9382.038,0.10000000000000053,湖南,纺织,19980527,
600156.SH,华升股份,20120806,3.9579,4.0878,4.1178,3.798,3.9779,2.7628,13370.53,5433.305,0.10989999999999966,湖南,纺织,19980527,
600156.SH,华升股份,20120803,3.9579,3.9779,3.9779,3.9179,3.8979,2.0524,6138.44,2430.145,0.08000000000000007,湖南,纺织,19980527,
600156.SH,华升股份,20120802,3.9179,3.8979,3.9479,3.878,3.9279,-0.7638,6725.7,2633.758,-0.03000000000000025,湖南,纺织,19980527,
600156.SH,华升股份,20120801,3.878,3.9279,3.9579,3.828,3.858,1.8118,8046.12,3164.494,0.06990000000000007,湖南,纺织,19980527,
600156.SH,华升股份,20120731,3.868,3.858,3.9079,3.848,3.8879,-0.7691,9284.69,3593.77,-0.029900000000000038,湖南,纺织,19980527,
600156.SH,华升股份,20120730,4.0679,3.8879,4.0679,3.868,4.0579,-4.1894,18086.0,7129.529,-0.16999999999999993,湖南,纺织,19980527,
600156.SH,华升股份,20120727,4.0579,4.0579,4.0978,4.0279,4.0579,0.0,7758.09,3148.637,0.0,湖南,纺织,19980527,
600156.SH,华升股份,20120726,4.0379,4.0579,4.1078,4.0079,4.0579,0.0,13395.17,5437.91,0.0,湖南,纺织,19980527,
600156.SH,华升股份,20120725,4.1278,4.0579,4.1778,4.0379,4.1578,-2.4027,12883.03,5301.644,-0.09989999999999988,湖南,纺织,19980527,
600156.SH,华升股份,20120724,4.0079,4.1578,4.1678,4.0079,4.0579,2.4619,17891.07,7348.589,0.09989999999999988,湖南,纺织,19980527,
600156.SH,华升股份,20120723,4.1378,4.0579,4.1378,4.0279,4.1478,-2.1674,14648.69,5957.777,-0.08990000000000009,湖南,纺织,19980527,
600156.SH,华升股份,20120720,4.0679,4.1478,4.2078,4.0579,4.1078,0.9738,20088.01,8350.479,0.040000000000000036,湖南,纺织,19980527,
600156.SH,华升股份,20120719,3.9679,4.1078,4.1478,3.9679,3.9679,3.5258,24111.3,9872.679,0.1398999999999999,湖南,纺织,19980527,
600156.SH,华升股份,20120718,3.858,3.9679,3.9779,3.798,3.9279,1.0184,10344.34,4078.079,0.040000000000000036,湖南,纺织,19980527,
600156.SH,华升股份,20120717,3.878,3.9279,3.9679,3.878,3.878,1.2867,11856.12,4648.815,0.049900000000000055,湖南,纺织,19980527,
600156.SH,华升股份,20120716,4.1178,3.878,4.1178,3.858,4.1178,-5.8235,23151.33,9208.714,-0.2397999999999998,湖南,纺织,19980527,
600156.SH,华升股份,20120713,4.1978,4.1178,4.1978,4.0978,4.1978,-1.9058,13778.44,5707.169,-0.08000000000000007,湖南,纺织,19980527,
600156.SH,华升股份,20120712,4.1478,4.1978,4.2178,4.0479,4.1478,1.2055,23353.52,9666.174,0.04999999999999982,湖南,纺织,19980527,
600156.SH,华升股份,20120711,4.1878,4.1478,4.2178,4.1078,4.1778,-0.7181,14391.59,5969.442,-0.03000000000000025,湖南,纺织,19980527,
600156.SH,华升股份,20120710,4.1878,4.1778,4.2578,4.1578,4.1878,-0.2388,10490.09,4395.97,-0.009999999999999787,湖南,纺织,19980527,
600156.SH,华升股份,20120709,4.2178,4.1878,4.3177,4.1178,4.2278,-0.9461,24393.06,10371.379,-0.040000000000000036,湖南,纺织,19980527,
600156.SH,华升股份,20120706,4.1678,4.2278,4.2578,4.0379,4.1178,2.6713,24786.48,10272.543,0.11000000000000032,湖南,纺织,19980527,
600156.SH,华升股份,20120705,4.3077,4.1178,4.3477,4.1078,4.3077,-4.4084,20056.77,8439.415,-0.18989999999999974,湖南,纺织,19980527,
600156.SH,华升股份,20120704,4.4277,4.3077,4.4576,4.2877,4.4077,-2.2688,15169.3,6595.48,-0.10000000000000053,湖南,纺织,19980527,
600156.SH,华升股份,20120703,4.4377,4.4077,4.4676,4.3877,4.4377,-0.676,11614.02,5152.481,-0.03000000000000025,湖南,纺织,19980527,
600156.SH,华升股份,20120702,4.3177,4.4377,4.4676,4.3177,4.3377,2.3054,20270.27,8968.792,0.10000000000000053,湖南,纺织,19980527,
600156.SH,华升股份,20120629,4.2777,4.3377,4.3577,4.2078,4.2877,1.1661,9817.14,4221.828,0.04999999999999982,湖南,纺织,19980527,
600156.SH,华升股份,20120628,4.4177,4.2877,4.4177,4.2777,4.3577,-1.6064,20483.43,8849.713,-0.07000000000000028,湖南,纺织,19980527,
600156.SH,华升股份,20120627,4.4377,4.3577,4.4676,4.3277,4.4377,-1.8027,13820.09,6109.093,-0.08000000000000007,湖南,纺织,19980527,
600156.SH,华升股份,20120626,4.3277,4.4377,4.4676,4.3277,4.3777,1.3706,11965.33,5279.907,0.0600000000000005,湖南,纺织,19980527,
600156.SH,华升股份,20120625,4.4477,4.3777,4.5176,4.3477,4.4576,-1.7924,18837.97,8369.071,-0.0799000000000003,湖南,纺织,19980527,
600156.SH,华升股份,20120621,4.6276,4.4576,4.6276,4.4077,4.6076,-3.2555,32003.75,14341.906,-0.14999999999999947,湖南,纺织,19980527,
600156.SH,华升股份,20120620,4.7475,4.6076,4.7875,4.5976,4.7375,-2.742,36340.98,16996.859,-0.12990000000000013,湖南,纺织,19980527,
600156.SH,华升股份,20120619,4.7975,4.7375,4.7975,4.7175,4.7975,-1.2507,21047.29,9995.493,-0.0600000000000005,湖南,纺织,19980527,
600156.SH,华升股份,20120618,4.7675,4.7975,4.8275,4.7475,4.7475,1.0532,23735.34,11371.821,0.05000000000000071,湖南,纺织,19980527,
600156.SH,华升股份,20120615,4.7475,4.7475,4.7975,4.6975,4.7775,-0.6279,22456.78,10670.423,-0.03000000000000025,湖南,纺织,19980527,
600156.SH,华升股份,20120614,4.7875,4.7775,4.8175,4.6975,4.8075,-0.624,37055.32,17647.334,-0.03000000000000025,湖南,纺织,19980527,
600156.SH,华升股份,20120613,4.7675,4.8075,4.8275,4.7175,4.7375,1.4776,32690.75,15665.183,0.07000000000000028,湖南,纺织,19980527,
600156.SH,华升股份,20120612,4.7675,4.7375,4.7975,4.6875,4.7975,-1.2507,36930.78,17518.34,-0.0600000000000005,湖南,纺织,19980527,
600156.SH,华升股份,20120611,4.8574,4.7975,4.8974,4.6975,4.8974,-2.0399,67677.91,32330.482,-0.09989999999999988,湖南,纺织,19980527,
600156.SH,华升股份,20120608,5.1673,4.8974,5.2372,4.8674,5.1573,-5.0395,123768.11,62566.303,-0.2599,湖南,纺织,19980527,
600156.SH,华升股份,20120607,5.1473,5.1573,5.2872,5.0673,5.2073,-0.9602,139263.74,71666.001,-0.04999999999999982,湖南,纺织,19980527,
600156.SH,华升股份,20120606,5.2272,5.2073,5.4171,5.0973,5.2772,-1.3246,219590.38,114503.199,-0.06989999999999963,湖南,纺织,19980527,
600156.SH,华升股份,20120605,4.9574,5.2772,5.2972,4.9374,4.9774,6.0232,281145.06,145540.45,0.2997999999999994,湖南,纺织,19980527,
600156.SH,华升股份,20120604,4.9574,4.9774,5.0673,4.8374,5.0573,-1.5799,86690.54,43035.152,-0.07989999999999942,湖南,纺织,19980527,
600156.SH,华升股份,20120601,5.1373,5.0573,5.1473,5.0174,5.1173,-1.1725,66664.14,33798.362,-0.0600000000000005,湖南,纺织,19980527,
600156.SH,华升股份,20120531,4.9874,5.1173,5.3272,4.9274,4.9674,3.0177,147884.82,75605.125,0.1499000000000006,湖南,纺织,19980527,
600156.SH,华升股份,20120530,4.9763,4.9663,5.036,4.8967,4.9962,-0.5985,43864.38,21896.215,-0.029899999999999594,湖南,纺织,19980527,
600156.SH,华升股份,20120529,4.8867,4.9962,5.0559,4.8369,4.9166,1.619,109162.99,54340.409,0.07960000000000012,湖南,纺织,19980527,
600156.SH,华升股份,20120528,4.7076,4.9166,4.9564,4.608,4.7275,4.0,62916.81,30160.086,0.18909999999999982,湖南,纺织,19980527,
600156.SH,华升股份,20120525,4.6777,4.7275,4.7772,4.5583,4.6777,1.0646,48238.56,22612.229,0.04980000000000029,湖南,纺织,19980527,
600156.SH,华升股份,20120524,4.6877,4.6777,4.7374,4.6379,4.6976,-0.4236,22432.62,10529.815,-0.019900000000000695,湖南,纺织,19980527,
600156.SH,华升股份,20120523,4.7971,4.6976,4.7971,4.6677,4.7971,-2.0742,43538.47,20671.471,-0.09949999999999992,湖南,纺织,19980527,
600156.SH,华升股份,20120522,4.7474,4.7971,4.817,4.6777,4.7374,1.2602,39776.43,19003.968,0.05970000000000031,湖南,纺织,19980527,
600156.SH,华升股份,20120521,4.8071,4.7374,4.827,4.7175,4.7971,-1.2445,22318.62,10689.86,-0.05970000000000031,湖南,纺织,19980527,
600156.SH,华升股份,20120518,4.8568,4.7971,4.9066,4.7374,4.9066,-2.2317,45469.2,22010.586,-0.10949999999999971,湖南,纺织,19980527,
600156.SH,华升股份,20120517,4.8469,4.9066,4.9464,4.7971,4.8469,1.2317,32018.18,15675.796,0.05970000000000031,湖南,纺织,19980527,
600156.SH,华升股份,20120516,4.9763,4.8469,5.0459,4.8369,5.026,-3.5635,53898.38,26758.726,-0.17910000000000004,湖南,纺织,19980527,
600156.SH,华升股份,20120515,4.9763,5.026,5.1057,4.9464,5.026,0.0,75594.57,38329.772,0.0,湖南,纺织,19980527,
600156.SH,华升股份,20120514,4.9763,5.026,5.0659,4.8768,4.9265,2.0197,68221.01,34245.149,0.09949999999999992,湖南,纺织,19980527,
600156.SH,华升股份,20120511,4.9564,4.9265,5.0061,4.9066,4.9564,-0.6033,33006.51,16388.615,-0.029900000000000482,湖南,纺织,19980527,
600156.SH,华升股份,20120510,4.9564,4.9564,5.0161,4.8568,4.9862,-0.5976,42886.48,21287.72,-0.029799999999999827,湖南,纺织,19980527,
600156.SH,华升股份,20120509,5.0659,4.9862,5.1654,4.9763,5.0459,-1.1831,78671.7,39957.726,-0.05969999999999942,湖南,纺织,19980527,
600156.SH,华升股份,20120508,5.0858,5.0459,5.0858,4.9862,5.0858,-0.7845,50221.66,25404.754,-0.03990000000000027,湖南,纺织,19980527,
600156.SH,华升股份,20120507,4.9763,5.0858,5.0957,4.8967,5.0161,1.3895,65436.89,32950.08,0.0697000000000001,湖南,纺织,19980527,
600156.SH,华升股份,20120504,4.9763,5.0161,5.0459,4.9166,5.026,-0.197,51733.45,25907.39,-0.00990000000000002,湖南,纺织,19980527,
600156.SH,华升股份,20120503,4.8568,5.026,5.0459,4.817,4.8768,3.0594,67408.5,33672.96,0.14919999999999956,湖南,纺织,19980527,
600156.SH,华升股份,20120502,4.8071,4.8768,4.9464,4.6976,4.817,1.2414,60252.97,29159.966,0.059800000000000075,湖南,纺织,19980527,
600156.SH,华升股份,20120427,4.9962,4.817,4.9962,4.7772,4.9663,-3.0063,40725.24,19850.901,-0.1493000000000002,湖南,纺织,19980527,
600156.SH,华升股份,20120426,4.9763,4.9663,5.0758,4.8967,5.0061,-0.795,62747.72,31269.903,-0.03979999999999961,湖南,纺织,19980527,
600156.SH,华升股份,20120425,4.7573,5.0061,5.235,4.6578,4.7772,4.7915,108301.75,54760.141,0.22890000000000033,湖南,纺织,19980527,
600156.SH,华升股份,20120424,4.8369,4.7772,4.9265,4.5881,4.9265,-3.0305,63408.0,30265.814,-0.1493000000000002,湖南,纺织,19980527,
600156.SH,华升股份,20120423,4.9564,4.9265,5.0659,4.8568,4.9265,0.0,66773.34,33379.208,0.0,湖南,纺织,19980527,
600156.SH,华升股份,20120420,4.7772,4.9265,5.0459,4.7076,4.7772,3.1253,72411.81,35632.937,0.1493000000000002,湖南,纺织,19980527,
600156.SH,华升股份,20120419,4.817,4.7772,4.8867,4.7474,4.7076,1.4785,43835.75,21210.276,0.06959999999999944,湖南,纺织,19980527,
600156.SH,华升股份,20120417,4.8668,4.7076,4.9066,4.6777,4.8568,-3.072,35733.79,17163.741,-0.14919999999999956,湖南,纺织,19980527,
600156.SH,华升股份,20120416,4.7573,4.8568,4.8867,4.7175,4.7971,1.2445,39223.42,18998.974,0.05969999999999942,湖南,纺织,19980527,
600156.SH,华升股份,20120413,4.7474,4.7971,4.8668,4.6777,4.7275,1.4722,45128.63,21767.093,0.06960000000000033,湖南,纺织,19980527,
600156.SH,华升股份,20120412,4.6279,4.7275,4.7474,4.5782,4.6379,1.9319,45005.69,21180.079,0.0895999999999999,湖南,纺织,19980527,
600156.SH,华升股份,20120411,4.4787,4.6379,4.6578,4.4388,4.5384,2.1924,34402.31,15823.701,0.09949999999999992,湖南,纺织,19980527,
600156.SH,华升股份,20120410,4.4787,4.5384,4.5384,4.3393,4.4986,0.8847,22178.1,9903.472,0.0398000000000005,湖南,纺织,19980527,
600156.SH,华升股份,20120409,4.5483,4.4986,4.5782,4.4787,4.5782,-1.7387,16976.45,7704.773,-0.07960000000000012,湖南,纺织,19980527,
600156.SH,华升股份,20120406,4.4787,4.5782,4.6379,4.4787,4.4787,2.2216,26758.35,12271.788,0.09949999999999992,湖南,纺织,19980527,
600156.SH,华升股份,20120405,4.3294,4.4787,4.4986,4.3294,4.3294,3.4485,18856.4,8392.505,0.1493000000000002,湖南,纺织,19980527,
600156.SH,华升股份,20120330,4.3891,4.3294,4.4587,4.2597,4.3592,-0.6836,25342.79,11111.439,-0.029800000000000715,湖南,纺织,19980527,
600156.SH,华升股份,20120329,4.4189,4.3592,4.4388,4.2896,4.4388,-1.7933,36428.89,15987.419,-0.07959999999999923,湖南,纺织,19980527,
600156.SH,华升股份,20120328,4.827,4.4388,4.827,4.4189,4.8469,-8.4198,84820.62,39006.77,-0.40810000000000013,湖南,纺织,19980527,
600156.SH,华升股份,20120327,4.9663,4.8469,5.1952,4.7971,4.9962,-2.9883,91223.89,45843.457,-0.1493000000000002,湖南,纺织,19980527,
600156.SH,华升股份,20120326,4.9962,4.9962,5.0459,4.8469,5.0061,-0.1978,40505.99,20135.887,-0.00990000000000002,湖南,纺织,19980527,
600156.SH,华升股份,20120323,5.036,5.0061,5.0758,4.8967,5.0758,-1.3732,72159.52,36117.312,-0.0697000000000001,湖南,纺织,19980527,
600156.SH,华升股份,20120322,4.7673,5.0758,5.245,4.7374,4.7673,6.4712,189250.7,96731.365,0.30850000000000044,湖南,纺织,19980527,
600156.SH,华升股份,20120321,4.7374,4.7673,4.8071,4.6777,4.7374,0.6311,34277.51,16323.886,0.029899999999999594,湖南,纺织,19980527,
600156.SH,华升股份,20120320,4.6777,4.7374,4.7971,4.5682,4.6777,1.2763,60565.92,28557.676,0.05970000000000031,湖南,纺织,19980527,
600156.SH,华升股份,20120319,4.618,4.6777,4.6976,4.5682,4.618,1.2928,38508.92,17918.633,0.05969999999999942,湖南,纺织,19980527,
600156.SH,华升股份,20120316,4.5284,4.618,4.6379,4.4787,4.4986,2.6542,46725.2,21363.81,0.11940000000000062,湖南,纺织,19980527,
600156.SH,华升股份,20120315,4.6677,4.4986,4.7175,4.3791,4.6677,-3.6228,57820.53,26343.14,-0.16910000000000025,湖南,纺织,19980527,
600156.SH,华升股份,20120314,5.1156,4.6677,5.1853,4.618,5.1256,-8.9336,95400.98,47360.05,-0.4579000000000004,湖南,纺织,19980527,
600156.SH,华升股份,20120313,5.1156,5.1256,5.1952,5.1057,5.1057,0.3898,77896.82,40289.487,0.019900000000000695,湖南,纺织,19980527,
600156.SH,华升股份,20120312,5.0061,5.1057,5.1057,4.9464,5.0161,1.7862,73969.52,37511.338,0.0895999999999999,湖南,纺织,19980527,
600156.SH,华升股份,20120309,4.9962,5.0161,5.036,4.9365,5.0061,0.1998,40636.07,20329.838,0.009999999999999787,湖南,纺织,19980527,
600156.SH,华升股份,20120308,4.9066,5.0061,5.026,4.8668,4.8768,2.6513,69268.36,34701.726,0.12929999999999975,湖南,纺织,19980527,
600156.SH,华升股份,20120307,4.8668,4.8768,4.9464,4.7872,4.8668,0.2055,37434.24,18351.366,0.010000000000000675,湖南,纺织,19980527,
600156.SH,华升股份,20120306,4.9365,4.8668,4.9663,4.8668,4.9265,-1.2118,31285.56,15403.812,-0.05970000000000031,湖南,纺织,19980527,
600156.SH,华升股份,20120305,4.9564,4.9265,5.0061,4.8768,4.9265,0.0,40879.26,20356.513,0.0,湖南,纺织,19980527,
600156.SH,华升股份,20120302,4.8568,4.9265,4.9265,4.8568,4.8469,1.6423,40652.35,19998.36,0.07960000000000012,湖南,纺织,19980527,
600156.SH,华升股份,20120301,4.8369,4.8469,4.9066,4.827,4.8369,0.2067,43741.3,21383.968,0.009999999999999787,湖南,纺织,19980527,
600156.SH,华升股份,20120229,4.9464,4.8369,4.9464,4.827,4.9464,-2.2137,36758.04,17997.421,-0.10949999999999971,湖南,纺织,19980527,
600156.SH,华升股份,20120228,4.9862,4.9464,5.0161,4.8369,5.026,-1.5838,55560.24,27480.961,-0.07960000000000012,湖南,纺织,19980527,
600156.SH,华升股份,20120227,5.036,5.026,5.1156,4.9763,5.0161,0.1974,85007.41,43105.924,0.00990000000000002,湖南,纺织,19980527,
600156.SH,华升股份,20120224,5.026,5.0161,5.026,4.9464,5.026,-0.197,61024.17,30606.232,-0.00990000000000002,湖南,纺织,19980527,
600156.SH,华升股份,20120223,5.0758,5.026,5.0858,4.9464,5.1256,-1.9432,99245.18,49939.28,-0.09960000000000058,湖南,纺织,19980527,
600156.SH,华升股份,20120222,5.1554,5.1256,5.1654,5.026,5.1753,-0.9603,141879.59,72607.041,-0.04969999999999963,湖南,纺织,19980527,
600156.SH,华升股份,20120221,4.9663,5.1753,5.245,4.9464,4.9265,5.0502,116045.3,59799.044,0.24880000000000013,湖南,纺织,19980527,
600156.SH,华升股份,20120220,5.1654,4.9265,5.1654,4.9066,5.0659,-2.7517,102366.02,51738.001,-0.1394000000000002,湖南,纺织,19980527,
600156.SH,华升股份,20120217,4.7772,5.0659,5.2549,4.7374,4.7772,6.0433,178018.5,90422.462,0.2887000000000004,湖南,纺织,19980527,
600156.SH,华升股份,20120216,4.6677,4.7772,4.7872,4.6279,4.7175,1.2655,70920.1,33516.399,0.05969999999999942,湖南,纺织,19980527,
600156.SH,华升股份,20120215,4.4488,4.7175,4.827,4.4289,4.4488,6.0398,93721.38,43554.857,0.26869999999999994,湖南,纺织,19980527,
600156.SH,华升股份,20120214,4.399,4.4488,4.5682,4.3891,4.399,1.1321,53328.23,24026.083,0.04980000000000029,湖南,纺织,19980527,
600156.SH,华升股份,20120213,4.3592,4.399,4.4488,4.2696,4.3592,0.913,41294.76,18127.113,0.03979999999999961,湖南,纺织,19980527,
600156.SH,华升股份,20120210,4.3592,4.3592,4.4189,4.2995,4.3692,-0.2289,43936.37,19273.153,-0.009999999999999787,湖南,纺织,19980527,
600156.SH,华升股份,20120209,4.2995,4.3692,4.4488,4.2696,4.2995,1.6211,60100.65,26323.948,0.0697000000000001,湖南,纺织,19980527,
600156.SH,华升股份,20120208,4.1403,4.2995,4.3294,4.1104,4.1602,3.3484,48851.23,20769.599,0.13930000000000042,湖南,纺织,19980527,
600156.SH,华升股份,20120207,4.2696,4.1602,4.2696,4.1005,4.2995,-3.2399,28091.94,11783.88,-0.13930000000000042,湖南,纺织,19980527,
600156.SH,华升股份,20120206,4.2298,4.2995,4.3095,4.2099,4.2398,1.4081,35260.21,15079.244,0.05970000000000031,湖南,纺织,19980527,
600156.SH,华升股份,20120203,4.1602,4.2398,4.3095,4.1303,4.1701,1.6714,32788.53,13968.129,0.0697000000000001,湖南,纺织,19980527,
600156.SH,华升股份,20120202,4.0805,4.1701,4.1801,4.0507,4.0706,2.4444,19146.98,7958.076,0.09949999999999992,湖南,纺织,19980527,
600156.SH,华升股份,20120201,4.0805,4.0706,4.1502,4.0606,4.1005,-0.7292,13135.99,5413.237,-0.029900000000000482,湖南,纺织,19980527,
600156.SH,华升股份,20120131,4.0507,4.1005,4.1204,4.0308,4.0905,0.2445,12366.61,5063.164,0.010000000000000675,湖南,纺织,19980527,
600156.SH,华升股份,20120130,4.1602,4.0905,4.1602,4.0706,4.1303,-0.9636,14835.53,6136.021,-0.0398000000000005,湖南,纺织,19980527,
600156.SH,华升股份,20120120,4.1602,4.1303,4.1602,4.0507,4.1104,0.4841,17367.63,7175.704,0.019899999999999807,湖南,纺织,19980527,
600156.SH,华升股份,20120119,4.0905,4.1104,4.1602,4.0407,4.0905,0.4865,21556.15,8884.373,0.019900000000000695,湖南,纺织,19980527,
600156.SH,华升股份,20120118,4.19,4.0905,4.2796,4.0606,4.19,-2.3747,23124.52,9665.252,-0.09950000000000081,湖南,纺织,19980527,
600156.SH,华升股份,20120117,4.0208,4.19,4.2,3.9711,3.9512,6.0437,27976.23,11542.912,0.23880000000000035,湖南,纺织,19980527,
600156.SH,华升股份,20120116,3.9711,3.9512,4.0706,3.8914,4.0009,-1.2422,14494.6,5813.44,-0.04969999999999963,湖南,纺织,19980527,
600156.SH,华升股份,20120113,4.2497,4.0009,4.2497,3.991,4.1801,-4.287,30279.0,12320.806,-0.1792000000000007,湖南,纺织,19980527,
600156.SH,华升股份,20120112,4.1801,4.1801,4.2696,4.1303,4.2497,-1.6378,33002.8,13917.332,-0.06959999999999944,湖南,纺织,19980527,
600156.SH,华升股份,20120111,4.0805,4.2497,4.409,4.0407,4.1204,3.138,60078.17,25527.959,0.12929999999999975,湖南,纺织,19980527,
600156.SH,华升股份,20120110,3.8914,4.1204,4.1701,3.8914,3.9313,4.8101,43830.67,17864.827,0.18910000000000027,湖南,纺织,19980527,
600156.SH,华升股份,20120109,3.7322,3.9313,3.9412,3.6924,3.772,4.2232,21955.4,8531.906,0.1593,湖南,纺织,19980527,
600156.SH,华升股份,20120106,3.6725,3.772,3.782,3.5929,3.7223,1.3352,17422.48,6471.863,0.04969999999999963,湖南,纺织,19980527,
600156.SH,华升股份,20120105,3.8118,3.7223,3.9213,3.7024,3.7919,-1.8355,21184.05,8069.573,-0.06959999999999988,湖南,纺织,19980527,
600156.SH,华升股份,20120104,4.0308,3.7919,4.0308,3.782,3.9213,-3.2999,14546.79,5689.896,-0.12939999999999996,湖南,纺织,19980527,
600156.SH,华升股份,20111230,3.9014,3.9213,3.9412,3.8616,3.8516,1.8096,13402.9,5274.424,0.0697000000000001,湖南,纺织,19980527,
600156.SH,华升股份,20111229,3.8317,3.8516,3.9313,3.8218,3.8616,-0.259,21228.54,8252.849,-0.010000000000000231,湖南,纺织,19980527,
600156.SH,华升股份,20111228,3.8815,3.8616,3.8815,3.7422,3.9014,-1.0201,14402.04,5506.716,-0.03980000000000006,湖南,纺织,19980527,
600156.SH,华升股份,20111227,3.991,3.9014,3.991,3.8218,3.9611,-1.5072,14689.83,5769.518,-0.059699999999999864,湖南,纺织,19980527,
600156.SH,华升股份,20111226,4.0407,3.9611,4.0706,3.9512,4.0507,-2.212,14357.09,5767.987,-0.0895999999999999,湖南,纺织,19980527,
600156.SH,华升股份,20111223,3.9711,4.0507,4.0805,3.8516,3.9711,2.0045,18448.77,7425.96,0.07960000000000012,湖南,纺织,19980527,
600156.SH,华升股份,20111222,4.0308,3.9711,4.0407,3.8019,4.0805,-2.681,34521.36,13534.544,-0.10939999999999994,湖南,纺织,19980527,
600156.SH,华升股份,20111221,4.3095,4.0805,4.3493,4.0606,4.2696,-4.429,21453.42,9065.957,-0.18909999999999982,湖南,纺织,19980527,
600156.SH,华升股份,20111220,4.2298,4.2696,4.3592,4.1801,4.2597,0.2324,34646.53,14948.925,0.00990000000000002,湖南,纺织,19980527,
600156.SH,华升股份,20111219,4.2298,4.2597,4.2796,4.0507,4.2398,0.4694,31452.05,13103.671,0.019899999999999807,湖南,纺织,19980527,
600156.SH,华升股份,20111216,4.1303,4.2398,4.2398,4.0407,4.1204,2.8978,31101.27,12923.842,0.11939999999999973,湖南,纺织,19980527,
600156.SH,华升股份,20111215,4.2099,4.1204,4.2696,4.0507,4.2497,-3.0426,29668.73,12342.629,-0.12929999999999975,湖南,纺织,19980527,
600156.SH,华升股份,20111214,4.3393,4.2497,4.409,4.2298,4.3791,-2.9549,27181.94,11813.145,-0.1294000000000004,湖南,纺织,19980527,
600156.SH,华升股份,20111213,4.827,4.3791,4.827,4.3493,4.827,-9.2791,51807.63,23374.85,-0.44789999999999974,湖南,纺织,19980527,
600156.SH,华升股份,20111212,4.8668,4.827,4.9066,4.817,4.8568,-0.6136,12002.65,5872.614,-0.029799999999999827,湖南,纺织,19980527,
600156.SH,华升股份,20111209,4.9365,4.8568,4.9564,4.8469,4.9763,-2.4014,14003.12,6871.787,-0.11950000000000038,湖南,纺织,19980527,
600156.SH,华升股份,20111208,5.0061,4.9763,5.036,4.8568,5.0061,-0.5953,21854.65,10856.362,-0.029799999999999827,湖南,纺织,19980527,
600156.SH,华升股份,20111207,5.0459,5.0061,5.0559,4.9564,5.026,-0.3959,14841.91,7457.643,-0.019899999999999807,湖南,纺织,19980527,
600156.SH,华升股份,20111206,5.1753,5.026,5.2549,4.9365,5.2052,-3.4427,41095.55,20773.884,-0.1791999999999998,湖南,纺织,19980527,
600156.SH,华升股份,20111205,5.6033,5.2052,5.6033,5.1853,5.5635,-6.4402,27204.82,14527.461,-0.35830000000000073,湖南,纺织,19980527,
600156.SH,华升股份,20111202,5.673,5.5635,5.7725,5.4938,5.7028,-2.4427,25870.54,14616.339,-0.13929999999999954,湖南,纺织,19980527,
600156.SH,华升股份,20111201,5.7725,5.7028,5.9715,5.673,5.5734,2.3217,32940.3,19103.327,0.12939999999999952,湖南,纺织,19980527,
600156.SH,华升股份,20111130,5.8919,5.5734,6.0213,5.4739,5.872,-5.0851,49408.27,28486.671,-0.29859999999999953,湖南,纺织,19980527,
600156.SH,华升股份,20111129,5.7327,5.872,5.9317,5.673,5.663,3.6906,44361.07,25812.119,0.20899999999999963,湖南,纺织,19980527,
600156.SH,华升股份,20111128,5.7227,5.663,5.7426,5.5933,5.6829,-0.3502,10090.52,5739.119,-0.019899999999999807,湖南,纺织,19980527,
600156.SH,华升股份,20111125,5.6829,5.6829,5.7526,5.5933,5.6929,-0.1757,15320.48,8719.897,-0.009999999999999787,湖南,纺织,19980527,
600156.SH,华升股份,20111124,5.5734,5.6929,5.7526,5.5635,5.6929,0.0,15901.67,9045.104,0.0,湖南,纺织,19980527,
600156.SH,华升股份,20111123,5.7625,5.6929,5.8322,5.6829,5.7625,-1.2078,18998.1,10984.625,-0.06960000000000033,湖南,纺织,19980527,
600156.SH,华升股份,20111122,5.7824,5.7625,5.7924,5.673,5.8123,-0.8568,16395.66,9445.398,-0.0497999999999994,湖南,纺织,19980527,
600156.SH,华升股份,20111121,5.7426,5.8123,5.8521,5.7327,5.7625,0.8642,21486.54,12473.116,0.0497999999999994,湖南,纺织,19980527,
600156.SH,华升股份,20111118,6.0312,5.7625,6.0512,5.7227,6.0611,-4.9265,38464.41,22617.078,-0.29859999999999953,湖南,纺织,19980527,
600156.SH,华升股份,20111117,5.9815,6.0611,6.081,5.9815,6.0213,0.661,35852.01,21781.498,0.03979999999999961,湖南,纺织,19980527,
600156.SH,华升股份,20111116,6.2004,6.0213,6.2004,5.9815,6.1805,-2.5758,45013.36,27434.973,-0.15920000000000023,湖南,纺织,19980527,
600156.SH,华升股份,20111115,6.1208,6.1805,6.2502,6.0711,6.1109,1.1389,57571.51,35646.485,0.06960000000000033,湖南,纺织,19980527,
600156.SH,华升股份,20111114,6.0512,6.1109,6.1706,6.0213,6.0014,1.8246,41136.17,25248.188,0.10949999999999971,湖南,纺织,19980527,
600156.SH,华升股份,20111111,6.0213,6.0014,6.1109,5.9417,6.0312,-0.4941,36073.86,21844.512,-0.029799999999999827,湖南,纺织,19980527,
600156.SH,华升股份,20111110,6.1905,6.0312,6.1905,6.0113,6.2403,-3.3508,45869.69,27988.543,-0.20910000000000029,湖南,纺织,19980527,
600156.SH,华升股份,20111109,6.2701,6.2403,6.3199,6.0412,6.2602,-0.3179,60801.57,37597.049,-0.019899999999999807,湖南,纺织,19980527,
600156.SH,华升股份,20111108,6.1706,6.2602,6.3398,6.1507,6.1905,1.1259,68200.3,42960.747,0.0697000000000001,湖南,纺织,19980527,
600156.SH,华升股份,20111107,6.1606,6.1905,6.2602,6.1507,6.2203,-0.4791,43640.19,27131.27,-0.029799999999999827,湖南,纺织,19980527,
600156.SH,华升股份,20111104,6.1706,6.2203,6.3,6.081,6.1606,0.9691,79808.2,49936.497,0.05970000000000031,湖南,纺织,19980527,
600156.SH,华升股份,20111103,6.1109,6.1606,6.2203,5.9914,6.091,1.1427,81199.19,50107.527,0.06959999999999944,湖南,纺织,19980527,
600156.SH,华升股份,20111102,5.9516,6.091,6.1009,5.8521,6.0711,0.3278,68602.08,41043.655,0.019899999999999807,湖南,纺织,19980527,
600156.SH,华升股份,20111101,6.0312,6.0711,6.1407,5.9516,6.1009,-0.4885,40951.79,24943.206,-0.029799999999999827,湖南,纺织,19980527,
600156.SH,华升股份,20111031,6.1507,6.1009,6.1507,6.0014,6.1606,-0.9691,49982.57,30481.882,-0.05969999999999942,湖南,纺织,19980527,
600156.SH,华升股份,20111028,6.091,6.1606,6.1905,6.0512,6.0711,1.4742,70510.28,43368.163,0.08949999999999925,湖南,纺织,19980527,
600156.SH,华升股份,20111027,6.091,6.0711,6.1507,5.9715,6.1805,-1.7701,73607.57,44689.035,-0.10939999999999994,湖南,纺织,19980527,
600156.SH,华升股份,20111026,6.081,6.1805,6.4393,6.0213,6.0014,2.9843,180441.43,112584.154,0.17910000000000004,湖南,纺织,19980527,
600156.SH,华升股份,20111025,5.6033,6.0014,6.0014,5.6033,5.454,10.0367,80991.23,48520.431,0.5474000000000006,湖南,纺织,19980527,
600156.SH,华升股份,20111024,5.4241,5.454,5.5237,5.2948,5.4042,0.9215,25150.17,13716.699,0.0497999999999994,湖南,纺织,19980527,
600156.SH,华升股份,20111021,5.5933,5.4042,5.6232,5.3644,5.5834,-3.2095,23081.87,12639.53,-0.1791999999999998,湖南,纺织,19980527,
600156.SH,华升股份,20111020,5.5038,5.5834,5.6232,5.4938,5.5635,0.3577,26019.03,14485.942,0.019899999999999807,湖南,纺织,19980527,
600156.SH,华升股份,20111019,5.5038,5.5635,5.673,5.5038,5.5237,0.7205,26676.72,14982.88,0.0398000000000005,湖南,纺织,19980527,
600156.SH,华升股份,20111018,5.872,5.5237,5.8919,5.5038,5.9417,-7.035,38712.99,22182.046,-0.41800000000000015,湖南,纺织,19980527,
600156.SH,华升股份,20111017,5.8621,5.9417,5.9815,5.7824,5.8621,1.3579,30162.07,17872.706,0.07960000000000012,湖南,纺织,19980527,
600156.SH,华升股份,20111014,5.9516,5.8621,5.9516,5.7725,5.9616,-1.669,26755.25,15747.424,-0.09949999999999992,湖南,纺织,19980527,
600156.SH,华升股份,20111013,5.9019,5.9616,6.0711,5.8422,5.9118,0.8424,50329.82,30190.731,0.0497999999999994,湖南,纺织,19980527,
600156.SH,华升股份,20111012,5.673,5.9118,5.9417,5.5834,5.7227,3.3044,54603.41,31956.25,0.1891000000000007,湖南,纺织,19980527,
600156.SH,华升股份,20111011,5.9715,5.7227,6.0213,5.5237,5.8222,-1.709,44349.97,25954.357,-0.09949999999999992,湖南,纺织,19980527,
600156.SH,华升股份,20111010,6.081,5.8222,6.2602,5.7725,6.0512,-3.7844,44706.11,26325.344,-0.2290000000000001,湖南,纺织,19980527,
600156.SH,华升股份,20110930,6.1109,6.0512,6.2104,5.9715,6.1109,-0.9769,36186.21,22043.62,-0.05970000000000031,湖南,纺织,19980527,
600156.SH,华升股份,20110929,6.7379,6.1109,6.7677,6.0611,6.7379,-9.3056,69642.94,44278.701,-0.6269999999999998,湖南,纺织,19980527,
600156.SH,华升股份,20110928,6.8275,6.7379,6.9668,6.6782,6.8275,-1.3123,39706.29,27334.625,-0.0895999999999999,湖南,纺织,19980527,
600156.SH,华升股份,20110927,6.7976,6.8275,6.9369,6.6384,6.7976,0.4399,39924.58,27295.043,0.029899999999999594,湖南,纺织,19980527,
600156.SH,华升股份,20110926,6.7279,6.7976,6.9469,6.6682,6.8175,-0.2919,46991.4,32260.687,-0.019899999999999807,湖南,纺织,19980527,
600156.SH,华升股份,20110923,6.499,6.8175,6.8474,6.4592,6.5786,3.6315,54071.24,36035.144,0.2389000000000001,湖南,纺织,19980527,
600156.SH,华升股份,20110922,6.9071,6.5786,6.917,6.5289,6.927,-5.0296,47308.54,32154.104,-0.3483999999999998,湖南,纺织,19980527,
600156.SH,华升股份,20110921,6.7677,6.927,6.9668,6.6583,6.7379,2.8065,53502.37,36735.825,0.18909999999999982,湖南,纺织,19980527,
600156.SH,华升股份,20110920,6.6284,6.7379,6.7777,6.5886,6.6284,1.652,33007.39,22199.708,0.10949999999999971,湖南,纺织,19980527,
600156.SH,华升股份,20110919,6.6782,6.6284,6.7478,6.5786,6.7578,-1.9148,28459.08,19015.743,-0.12939999999999952,湖南,纺织,19980527,
600156.SH,华升股份,20110916,6.917,6.7578,6.9867,6.7279,6.8772,-1.7362,28563.06,19698.901,-0.11940000000000062,湖南,纺织,19980527,
600156.SH,华升股份,20110915,6.917,6.8772,7.0564,6.8474,6.8772,0.0,43178.83,30191.117,0.0,湖南,纺织,19980527,
600156.SH,华升股份,20110914,6.7279,6.8772,6.9071,6.6682,6.7279,2.2191,39809.95,27226.568,0.1493000000000002,湖南,纺织,19980527,
600156.SH,华升股份,20110913,6.8175,6.7279,6.8175,6.5886,6.917,-2.7338,37881.08,25500.762,-0.18909999999999982,湖南,纺织,19980527,
600156.SH,华升股份,20110909,7.126,6.917,7.2455,6.8971,7.126,-2.9329,54085.23,38328.923,-0.20900000000000052,湖南,纺织,19980527,
600156.SH,华升股份,20110908,7.2853,7.126,7.345,7.1161,7.3251,-2.7181,57173.43,41619.262,-0.1990999999999996,湖南,纺织,19980527,
600156.SH,华升股份,20110907,7.126,7.3251,7.3549,6.9668,7.136,2.6499,84720.87,61114.643,0.18909999999999982,湖南,纺织,19980527,
600156.SH,华升股份,20110906,7.0464,7.136,7.1957,6.9767,7.0663,0.9864,67248.77,47855.377,0.0697000000000001,湖南,纺织,19980527,
600156.SH,华升股份,20110905,7.2554,7.0663,7.3649,6.9966,7.3151,-3.4012,82817.85,59261.895,-0.24880000000000013,湖南,纺织,19980527,
600156.SH,华升股份,20110902,7.6336,7.3151,7.7132,7.2554,7.6635,-4.5462,87337.53,65282.628,-0.3483999999999998,湖南,纺织,19980527,
600156.SH,华升股份,20110901,7.1758,7.6635,7.7033,7.1758,7.3947,3.635,147016.03,111958.47,0.2687999999999997,湖南,纺织,19980527,
600156.SH,华升股份,20110831,7.6038,7.3947,7.6436,7.0962,7.5838,-2.4935,153682.54,113288.989,-0.18909999999999982,湖南,纺织,19980527,
600156.SH,华升股份,20110830,7.7829,7.5838,7.8924,7.4943,7.763,-2.3084,146084.85,112515.139,-0.1791999999999998,湖南,纺织,19980527,
600156.SH,华升股份,20110829,8.0317,7.763,8.0914,7.7132,8.0914,-4.0586,136976.54,108038.527,-0.32840000000000025,湖南,纺织,19980527,
600156.SH,华升股份,20110826,8.0715,8.0914,8.2606,7.962,8.1412,-0.6117,143150.68,116508.475,-0.0497999999999994,湖南,纺织,19980527,
600156.SH,华升股份,20110825,7.753,8.1412,8.3104,7.7331,7.7431,5.1414,251925.17,204246.637,0.39809999999999945,湖南,纺织,19980527,
600156.SH,华升股份,20110824,7.962,7.7431,8.0417,7.6834,7.9023,-2.0146,151381.27,119529.994,-0.15920000000000023,湖南,纺织,19980527,
600156.SH,华升股份,20110823,7.6635,7.9023,7.9322,7.554,7.7431,2.056,211211.31,164541.056,0.15920000000000023,湖南,纺织,19980527,
600156.SH,华升股份,20110822,7.3549,7.7431,8.0616,7.1658,7.335,5.5637,264438.73,206006.718,0.40810000000000013,湖南,纺织,19980527,
600156.SH,华升股份,20110819,7.1459,7.335,7.5241,7.126,7.335,0.0,124743.19,91949.539,0.0,湖南,纺织,19980527,
600156.SH,华升股份,20110818,7.6336,7.335,7.6336,7.3151,7.6436,-4.0374,138266.87,103074.181,-0.3086000000000002,湖南,纺织,19980527,
600156.SH,华升股份,20110817,7.5739,7.6436,7.8824,7.4943,7.6933,-0.646,123484.7,95361.298,-0.04969999999999963,湖南,纺织,19980527,
600156.SH,华升股份,20110816,7.554,7.6933,7.9123,7.4644,7.544,1.9791,193429.1,149597.845,0.1493000000000002,湖南,纺织,19980527,
600156.SH,华升股份,20110815,7.544,7.544,7.7033,7.4644,7.5838,-0.5248,193868.12,147701.469,-0.0398000000000005,湖南,纺织,19980527,
600156.SH,华升股份,20110812,6.8971,7.5838,7.5838,6.8474,6.8971,9.9564,297928.5,223465.694,0.6867000000000001,湖南,纺织,19980527,
600156.SH,华升股份,20110811,6.3597,6.8971,7.0166,6.3199,6.5985,4.5253,88052.56,59609.756,0.2986000000000004,湖南,纺织,19980527,
600156.SH,华升股份,20110810,6.6384,6.5985,6.8374,6.4791,6.5388,0.913,82450.2,55135.3,0.05969999999999942,湖南,纺织,19980527,
600156.SH,华升股份,20110809,6.509,6.5388,6.5985,6.0512,6.6185,-1.2042,71400.17,45365.854,-0.07969999999999988,湖南,纺织,19980527,
600156.SH,华升股份,20110808,7.0663,6.6185,7.2455,6.5289,7.2554,-8.7783,119134.59,81187.097,-0.6368999999999998,湖南,纺织,19980527,
600156.SH,华升股份,20110805,7.2654,7.2554,7.7929,7.2156,7.6237,-4.831,107674.02,79928.731,-0.3683000000000005,湖南,纺织,19980527,
600156.SH,华升股份,20110804,7.4744,7.6237,7.8227,7.4047,7.4744,1.9975,125923.99,97355.707,0.1493000000000002,湖南,纺织,19980527,
600156.SH,华升股份,20110803,7.5739,7.4744,7.753,7.4246,7.7033,-2.9715,115500.06,87890.802,-0.22889999999999944,湖南,纺织,19980527,
600156.SH,华升股份,20110802,7.4644,7.7033,7.8128,7.2853,7.544,2.1116,174987.45,133917.267,0.1593,湖南,纺织,19980527,
600156.SH,华升股份,20110801,7.3649,7.544,7.5639,7.0663,7.345,2.7093,92691.85,68230.506,0.19899999999999984,湖南,纺织,19980527,
600156.SH,华升股份,20110729,7.5938,7.345,7.6137,7.2156,7.5938,-3.2764,114374.68,84665.77,-0.24880000000000013,湖南,纺织,19980527,
600156.SH,华升股份,20110728,7.4744,7.5938,7.7331,7.4047,7.6535,-0.78,131223.2,99778.9,-0.05970000000000031,湖南,纺织,19980527,
600156.SH,华升股份,20110727,7.0763,7.6535,7.7829,7.0763,7.2057,6.2145,209913.94,158811.586,0.4478,湖南,纺织,19980527,
600156.SH,华升股份,20110726,7.1459,7.2057,7.3649,6.8673,7.1559,0.6959,152218.46,110142.382,0.04980000000000029,湖南,纺织,19980527,
600156.SH,华升股份,20110725,7.3251,7.1559,7.554,7.0265,7.3251,-2.3099,170651.69,125287.934,-0.16920000000000002,湖南,纺织,19980527,
600156.SH,华升股份,20110722,7.1161,7.3251,7.6237,7.0663,7.1658,2.2231,229250.76,169725.817,0.1593,湖南,纺织,19980527,
600156.SH,华升股份,20110721,7.0265,7.1658,7.2057,6.8075,7.0166,2.1264,134681.5,94527.895,0.14919999999999956,湖南,纺织,19980527,
600156.SH,华升股份,20110720,7.0564,7.0166,7.2654,6.927,7.1061,-1.2595,212961.69,151836.672,-0.08949999999999925,湖南,纺织,19980527,
600156.SH,华升股份,20110719,6.4791,7.1061,7.1061,6.4592,6.4592,10.0152,300453.77,208848.532,0.6468999999999996,湖南,纺织,19980527,
600156.SH,华升股份,20110718,6.5587,6.4592,6.5587,6.4294,6.5488,-1.3682,54896.84,35699.918,-0.0895999999999999,湖南,纺织,19980527,
600156.SH,华升股份,20110715,6.4692,6.5488,6.5886,6.3796,6.4692,1.2304,60262.54,39383.542,0.07960000000000012,湖南,纺织,19980527,
600156.SH,华升股份,20110714,6.4094,6.4692,6.499,6.3895,6.3995,1.0891,34957.55,22647.855,0.0697000000000001,湖南,纺织,19980527,
600156.SH,华升股份,20110713,6.3199,6.3995,6.4194,6.2801,6.3199,1.2595,44833.83,28695.755,0.07960000000000012,湖南,纺织,19980527,
600156.SH,华升股份,20110712,6.5687,6.3199,6.5687,6.2701,6.5886,-4.0783,68527.0,43820.094,-0.26869999999999994,湖南,纺织,19980527,
600156.SH,华升股份,20110711,6.5985,6.5886,6.6384,6.5189,6.5687,0.303,33588.38,22226.773,0.019899999999999807,湖南,纺织,19980527,
600156.SH,华升股份,20110708,6.6583,6.5687,6.708,6.499,6.718,-2.2224,60507.16,40111.218,-0.1493000000000002,湖南,纺织,19980527,
600156.SH,华升股份,20110707,6.6881,6.718,6.8175,6.6682,6.7478,-0.4416,72197.46,48951.408,-0.029799999999999827,湖南,纺织,19980527,
600156.SH,华升股份,20110706,6.7777,6.7478,6.8175,6.6284,6.8075,-0.877,66518.52,44837.321,-0.05970000000000031,湖南,纺织,19980527,
600156.SH,华升股份,20110705,6.8075,6.8075,6.8474,6.708,6.8573,-0.7262,78887.37,53635.214,-0.04980000000000029,湖南,纺织,19980527,
600156.SH,华升股份,20110704,6.718,6.8573,6.8872,6.6583,6.6881,2.5299,104092.43,70405.817,0.16920000000000002,湖南,纺织,19980527,
600156.SH,华升股份,20110701,6.7578,6.6881,6.8075,6.6682,6.7578,-1.0314,38486.14,25997.056,-0.06969999999999921,湖南,纺织,19980527,
600156.SH,华升股份,20110630,6.7578,6.7578,6.8971,6.718,6.7777,-0.2936,32391.85,22173.338,-0.019900000000000695,湖南,纺织,19980527,
600156.SH,华升股份,20110629,6.8374,6.7777,6.9071,6.7578,6.8474,-1.0179,35722.02,24523.355,-0.0697000000000001,湖南,纺织,19980527,
600156.SH,华升股份,20110628,6.7578,6.8474,6.8772,6.6682,6.7677,1.1777,38305.33,26073.797,0.07970000000000077,湖南,纺织,19980527,
600156.SH,华升股份,20110627,6.708,6.7677,6.9668,6.6483,6.7777,-0.1475,56105.69,38281.284,-0.010000000000000675,湖南,纺织,19980527,
600156.SH,华升股份,20110624,6.6583,6.7777,6.8275,6.6085,6.6682,1.6421,73690.87,49873.969,0.1095000000000006,湖南,纺织,19980527,
600156.SH,华升股份,20110623,6.6384,6.6682,6.6981,6.4891,6.6483,0.2993,48058.32,31897.969,0.019899999999999807,湖南,纺织,19980527,
600156.SH,华升股份,20110622,6.6483,6.6483,6.708,6.5289,6.6782,-0.4477,38456.53,25527.427,-0.029900000000000482,湖南,纺织,19980527,
600156.SH,华升股份,20110621,6.4692,6.6782,6.7279,6.3696,6.4493,3.5492,68890.63,45934.554,0.22890000000000033,湖南,纺织,19980527,
600156.SH,华升股份,20110620,6.5587,6.4493,6.5886,6.3497,6.5687,-1.8177,22253.1,14436.665,-0.11939999999999973,湖南,纺织,19980527,
600156.SH,华升股份,20110617,6.4493,6.5687,6.6682,6.3497,6.5388,0.4573,46765.27,30797.621,0.029899999999999594,湖南,纺织,19980527,
600156.SH,华升股份,20110616,6.4393,6.5388,6.6483,6.29,6.4891,0.7659,43056.79,27948.061,0.04970000000000052,湖南,纺织,19980527,
600156.SH,华升股份,20110615,6.5687,6.4891,6.6782,6.4294,6.5786,-1.3605,34572.31,22754.754,-0.08950000000000014,湖南,纺织,19980527,
600156.SH,华升股份,20110614,6.3895,6.5786,6.6583,6.3298,6.4094,2.6399,56807.08,37272.748,0.16920000000000002,湖南,纺织,19980527,
600156.SH,华升股份,20110613,6.0213,6.4094,6.509,5.9218,6.1109,4.8847,60603.0,38313.575,0.29849999999999977,湖南,纺织,19980527,
600156.SH,华升股份,20110610,6.1009,6.1109,6.1706,5.9815,6.091,0.3267,23640.51,14455.608,0.019899999999999807,湖南,纺织,19980527,
600156.SH,华升股份,20110609,6.3398,6.091,6.3398,6.081,6.3398,-3.9244,33362.13,20812.543,-0.24880000000000013,湖南,纺织,19980527,
600156.SH,华升股份,20110608,6.29,6.3398,6.3497,6.1706,6.2801,0.9506,23163.53,14597.397,0.05970000000000031,湖南,纺织,19980527,
600156.SH,华升股份,20110607,6.2403,6.2801,6.3895,6.1805,6.2602,0.3179,25885.18,16369.691,0.019899999999999807,湖南,纺织,19980527,
600156.SH,华升股份,20110603,6.1009,6.2602,6.3,6.091,6.1606,1.6167,24275.81,15227.156,0.09960000000000058,湖南,纺织,19980527,
600156.SH,华升股份,20110602,6.2104,6.1606,6.2203,6.0014,6.29,-2.0572,29950.78,18455.73,-0.1294000000000004,湖南,纺织,19980527,
600156.SH,华升股份,20110601,6.1706,6.29,6.4194,6.1208,6.1606,2.1004,41569.73,26237.604,0.1294000000000004,湖南,纺织,19980527,
600156.SH,华升股份,20110531,5.9218,6.1606,6.2203,5.9019,5.9317,3.8589,39251.25,23850.266,0.22889999999999944,湖南,纺织,19980527,
600156.SH,华升股份,20110530,6.0512,5.9317,6.1308,5.872,6.0512,-1.9748,39231.83,23524.977,-0.1194999999999995,湖南,纺织,19980527,
600156.SH,华升股份,20110527,6.5388,6.0512,6.5388,5.9317,6.509,-7.0333,68334.43,42488.168,-0.45780000000000065,湖南,纺织,19980527,
600156.SH,华升股份,20110526,6.7279,6.509,6.7777,6.3796,6.708,-2.9666,74590.97,49269.304,-0.19899999999999984,湖南,纺织,19980527,
600156.SH,华升股份,20110525,6.8673,6.708,6.917,6.5786,6.8573,-2.1772,39632.92,26817.269,-0.1493000000000002,湖南,纺织,19980527,
600156.SH,华升股份,20110524,6.7478,6.8573,6.8872,6.6682,6.8175,0.5838,37112.85,25177.881,0.0398000000000005,湖南,纺织,19980527,
600156.SH,华升股份,20110523,7.1857,6.8175,7.1857,6.6682,7.136,-4.4633,70170.01,48280.445,-0.3185000000000002,湖南,纺织,19980527,
600156.SH,华升股份,20110520,7.1559,7.136,7.1857,6.9867,7.1658,-0.4159,54626.64,38895.134,-0.029799999999999827,湖南,纺织,19980527,
600156.SH,华升股份,20110519,6.9668,7.1658,7.2057,6.927,6.9966,2.4183,96281.98,68594.35,0.16920000000000002,湖南,纺织,19980527,
600156.SH,华升股份,20110518,6.9568,6.9966,7.1161,6.8275,7.1459,-2.0893,125395.89,87613.23,-0.1493000000000002,湖南,纺织,19980527,
600156.SH,华升股份,20110517,7.7929,7.1459,7.8028,7.1459,7.9421,-10.0251,301196.19,221147.272,-0.7961999999999998,湖南,纺织,19980527,
600156.SH,华升股份,20110516,7.8128,7.9421,8.1412,7.6834,7.8028,1.7853,180352.93,143920.105,0.13929999999999954,湖南,纺织,19980527,
600156.SH,华升股份,20110513,7.544,7.8028,7.8526,7.5142,7.5938,2.7522,141785.41,109444.948,0.20900000000000052,湖南,纺织,19980527,
600156.SH,华升股份,20110512,7.3549,7.5938,7.9322,7.3151,7.4147,2.4155,187902.81,145236.33,0.17910000000000004,湖南,纺织,19980527,
600156.SH,华升股份,20110511,7.3748,7.4147,7.6635,7.2654,7.4246,-0.1333,94091.53,70809.898,-0.00990000000000002,湖南,纺织,19980527,
600156.SH,华升股份,20110510,7.2455,7.4246,7.4744,7.1857,7.2654,2.1912,110765.43,81852.011,0.15920000000000023,湖南,纺织,19980527,
600156.SH,华升股份,20110509,6.9867,7.2654,7.3052,6.9568,6.9867,3.989,93668.69,67304.236,0.2786999999999997,湖南,纺织,19980527,
600156.SH,华升股份,20110506,6.9668,6.9867,7.0166,6.8175,7.0265,-0.5664,49174.11,34135.08,-0.0398000000000005,湖南,纺织,19980527,
600156.SH,华升股份,20110505,7.0763,7.0265,7.136,6.8772,7.136,-1.5345,57110.22,40174.751,-0.10949999999999971,湖南,纺织,19980527,
600156.SH,华升股份,20110504,7.0464,7.136,7.2156,6.9469,7.1459,-0.1385,104878.25,74664.682,-0.00990000000000002,湖南,纺织,19980527,
600156.SH,华升股份,20110503,7.0166,7.1459,7.1857,6.8474,6.9668,2.5708,83078.46,58714.319,0.17910000000000004,湖南,纺织,19980527,
600156.SH,华升股份,20110429,6.6782,6.9668,6.9767,6.6583,6.6881,4.1671,60025.97,41209.319,0.2786999999999997,湖南,纺织,19980527,
600156.SH,华升股份,20110428,6.6981,6.6881,7.0166,6.6583,6.7379,-0.7391,92893.17,63884.244,-0.0497999999999994,湖南,纺织,19980527,
600156.SH,华升股份,20110427,6.8673,6.7379,7.0862,6.5687,6.8872,-2.1678,120058.23,82117.036,-0.1493000000000002,湖南,纺织,19980527,
600156.SH,华升股份,20110426,7.2156,6.8872,7.3848,6.7976,7.335,-6.105,125197.99,88122.411,-0.4478,湖南,纺织,19980527,
600156.SH,华升股份,20110425,7.4943,7.335,7.7033,7.3052,7.5042,-2.2547,146960.24,111160.315,-0.16920000000000002,湖南,纺织,19980527,
600156.SH,华升股份,20110422,7.1061,7.5042,7.753,7.0962,7.1061,5.6022,175765.29,131713.819,0.39810000000000034,湖南,纺织,19980527,
600156.SH,华升股份,20110421,7.3649,7.1061,7.3848,6.917,7.3649,-3.514,139208.19,99812.831,-0.2587999999999999,湖南,纺织,19980527,
600156.SH,华升股份,20110419,7.2355,7.3649,7.6933,7.1957,7.335,0.4076,189223.4,141988.616,0.029899999999999594,湖南,纺织,19980527,
600156.SH,华升股份,20110418,7.0763,7.335,7.4445,7.0365,7.1559,2.5028,168700.02,122742.927,0.17910000000000004,湖南,纺织,19980527,
600156.SH,华升股份,20110415,7.0663,7.1559,7.2156,6.8673,7.0862,0.9836,143602.09,102050.238,0.0697000000000001,湖南,纺织,19980527,
600156.SH,华升股份,20110414,6.9369,7.0862,7.4047,6.8474,6.9966,1.2806,303239.2,217405.003,0.0895999999999999,湖南,纺织,19980527,
600156.SH,华升股份,20110413,6.499,6.9966,7.1559,6.4692,6.5388,7.0013,348664.84,240930.533,0.45779999999999976,湖南,纺织,19980527,
600156.SH,华升股份,20110412,6.2602,6.5388,6.6483,6.2203,6.2602,4.4503,143344.63,92706.934,0.27859999999999996,湖南,纺织,19980527,
600156.SH,华升股份,20110411,6.3696,6.2602,6.4592,6.2502,6.3497,-1.4095,83088.68,53224.202,-0.08950000000000014,湖南,纺织,19980527,
600156.SH,华升股份,20110408,6.3597,6.3497,6.4194,6.3199,6.3597,-0.1572,65519.82,41861.925,-0.009999999999999787,湖南,纺织,19980527,
600156.SH,华升股份,20110407,6.2701,6.3597,6.3696,6.2303,6.2801,1.2675,72964.71,46479.811,0.07960000000000012,湖南,纺织,19980527,
600156.SH,华升股份,20110406,6.2104,6.2801,6.3099,6.1606,6.2004,1.2854,62299.13,39159.343,0.07969999999999988,湖南,纺织,19980527,
600156.SH,华升股份,20110401,6.0611,6.2004,6.2602,6.0312,6.1109,1.4646,47125.51,29088.027,0.08950000000000014,湖南,纺织,19980527,
600156.SH,华升股份,20110331,6.1109,6.1109,6.2403,6.0512,6.091,0.3267,70764.54,43685.199,0.019899999999999807,湖南,纺织,19980527,
600156.SH,华升股份,20110330,6.3298,6.091,6.3597,6.081,6.3,-3.3175,83588.12,51737.202,-0.20899999999999963,湖南,纺织,19980527,
600156.SH,华升股份,20110329,6.3895,6.3,6.4493,6.2801,6.4493,-2.315,109346.74,69928.803,-0.1493000000000002,湖南,纺织,19980527,
600156.SH,华升股份,20110328,6.29,6.4493,6.4692,6.2203,6.2602,3.0207,122632.59,78209.632,0.18909999999999982,湖南,纺织,19980527,
600156.SH,华升股份,20110325,6.2203,6.2602,6.2801,6.1905,6.2203,0.6414,68961.96,43295.538,0.03990000000000027,湖南,纺织,19980527,
600156.SH,华升股份,20110324,6.1407,6.2203,6.2502,6.1109,6.1407,1.2963,57724.01,35910.05,0.07960000000000012,湖南,纺织,19980527,
600156.SH,华升股份,20110323,6.0512,6.1407,6.1507,6.0213,6.0412,1.647,36412.08,22331.353,0.09949999999999992,湖南,纺织,19980527,
600156.SH,华升股份,20110322,6.0711,6.0412,6.1109,5.9715,6.0512,-0.1653,28456.08,17236.958,-0.009999999999999787,湖南,纺织,19980527,
600156.SH,华升股份,20110321,6.1507,6.0512,6.1706,6.0312,6.1706,-1.935,41370.59,25249.678,-0.11940000000000062,湖南,纺织,19980527,
600156.SH,华升股份,20110318,6.2502,6.1706,6.3497,6.1507,6.2303,-0.9582,61936.88,38868.149,-0.05969999999999942,湖南,纺织,19980527,
600156.SH,华升股份,20110317,6.1805,6.2303,6.3199,6.1308,6.2403,-0.1602,84781.54,53124.196,-0.010000000000000675,湖南,纺织,19980527,
600156.SH,华升股份,20110316,6.0711,6.2403,6.2602,6.0312,6.0711,2.787,69270.55,42896.179,0.16920000000000002,湖南,纺织,19980527,
600156.SH,华升股份,20110315,6.1706,6.0711,6.1905,5.9218,6.1905,-1.9288,56346.87,34235.22,-0.11939999999999973,湖南,纺织,19980527,
600156.SH,华升股份,20110314,6.0611,6.1905,6.2004,6.0611,6.0611,2.1349,45447.6,28050.679,0.1294000000000004,湖南,纺织,19980527,
600156.SH,华升股份,20110311,6.0711,6.0611,6.1606,6.0014,6.081,-0.3272,44963.33,27512.111,-0.019900000000000695,湖南,纺织,19980527,
600156.SH,华升股份,20110310,6.2502,6.081,6.2502,6.0711,6.2303,-2.3964,50799.98,31288.319,-0.14929999999999932,湖南,纺织,19980527,
600156.SH,华升股份,20110309,6.3,6.2303,6.3199,6.1905,6.3,-1.1063,46639.81,29218.64,-0.0697000000000001,湖南,纺织,19980527,
600156.SH,华升股份,20110308,6.2203,6.3,6.3497,6.1606,6.2104,1.4427,76939.35,48370.004,0.0895999999999999,湖南,纺织,19980527,
600156.SH,华升股份,20110307,6.2004,6.2104,6.29,6.2004,6.2004,0.1613,62024.65,38810.014,0.009999999999999787,湖南,纺织,19980527,
600156.SH,华升股份,20110304,6.1208,6.2004,6.2104,6.091,6.1606,0.646,54247.48,33682.939,0.0398000000000005,湖南,纺织,19980527,
600156.SH,华升股份,20110303,6.0312,6.1606,6.2004,6.0312,6.0711,1.4742,65326.75,40334.166,0.08949999999999925,湖南,纺织,19980527,
600156.SH,华升股份,20110302,6.1407,6.0711,6.1507,5.9914,6.1706,-1.6125,67941.31,41446.288,-0.09949999999999992,湖南,纺织,19980527,
600156.SH,华升股份,20110301,6.2303,6.1706,6.2403,6.1208,6.2303,-0.9582,60150.38,37320.619,-0.05969999999999942,湖南,纺织,19980527,
600156.SH,华升股份,20110228,6.1208,6.2303,6.29,6.091,6.1407,1.4591,72001.25,44796.931,0.0895999999999999,湖南,纺织,19980527,
600156.SH,华升股份,20110225,6.2104,6.1407,6.2104,6.0312,6.2502,-1.7519,91646.81,56235.845,-0.1095000000000006,湖南,纺织,19980527,
600156.SH,华升股份,20110224,6.3696,6.2502,6.5587,6.1706,6.4891,-3.6816,144522.11,91571.415,-0.23889999999999922,湖南,纺织,19980527,
600156.SH,华升股份,20110223,6.5189,6.4891,6.8075,6.2801,6.5189,-0.4571,225737.93,146170.243,-0.029800000000000715,湖南,纺织,19980527,
600156.SH,华升股份,20110222,6.2104,6.5189,6.8573,6.0312,6.2303,4.6322,297501.46,191665.164,0.28860000000000063,湖南,纺织,19980527,
600156.SH,华升股份,20110221,6.0512,6.2303,6.2502,5.9218,5.9815,4.1595,109788.73,67232.174,0.24880000000000013,湖南,纺织,19980527,
600156.SH,华升股份,20110218,5.7725,5.9815,6.0113,5.7128,5.8023,3.0884,114464.11,67775.777,0.1791999999999998,湖南,纺织,19980527,
600156.SH,华升股份,20110217,5.6929,5.8023,5.8222,5.6331,5.6829,2.101,59486.3,34341.522,0.11939999999999973,湖南,纺织,19980527,
600156.SH,华升股份,20110216,5.6431,5.6829,5.6929,5.5535,5.6331,0.8841,42708.75,24126.1,0.04980000000000029,湖南,纺织,19980527,
600156.SH,华升股份,20110215,5.6829,5.6331,5.7625,5.6132,5.663,-0.528,46001.17,26284.541,-0.029900000000000482,湖南,纺织,19980527,
600156.SH,华升股份,20110214,5.5933,5.663,5.7227,5.5734,5.6431,0.3526,46473.97,26393.378,0.019900000000000695,湖南,纺织,19980527,
600156.SH,华升股份,20110211,5.6331,5.6431,5.7625,5.5933,5.5734,1.2506,47461.16,27097.047,0.06969999999999921,湖南,纺织,19980527,
600156.SH,华升股份,20110210,5.4739,5.5734,5.6132,5.4042,5.464,2.0022,28927.09,16054.529,0.10939999999999994,湖南,纺织,19980527,
600156.SH,华升股份,20110209,5.3644,5.464,5.5038,5.3147,5.3943,1.2921,26996.58,14759.788,0.0697000000000001,湖南,纺织,19980527,
600156.SH,华升股份,20110201,5.3943,5.3943,5.4341,5.3147,5.3147,1.4977,21963.69,11869.301,0.07960000000000012,湖南,纺织,19980527,
600156.SH,华升股份,20110128,5.2749,5.3147,5.4042,5.2749,5.3047,0.1885,25398.39,13658.953,0.009999999999999787,湖南,纺织,19980527,
600156.SH,华升股份,20110127,5.2649,5.3047,5.3843,5.2251,5.3147,-0.1882,31541.29,16883.776,-0.009999999999999787,湖南,纺织,19980527,
600156.SH,华升股份,20110126,5.1753,5.3147,5.3644,5.1753,5.1753,2.6936,18308.41,9709.271,0.1394000000000002,湖南,纺织,19980527,
600156.SH,华升股份,20110125,5.1455,5.1753,5.2948,5.1355,5.1952,-0.383,20053.74,10495.544,-0.019899999999999807,湖南,纺织,19980527,
600156.SH,华升股份,20110124,5.3943,5.1952,5.4142,5.1753,5.3943,-3.6909,26898.61,14307.179,-0.1991000000000005,湖南,纺织,19980527,
600156.SH,华升股份,20110121,5.3644,5.3943,5.4938,5.3246,5.3744,0.3703,27411.95,14906.162,0.019900000000000695,湖南,纺织,19980527,
600156.SH,华升股份,20110120,5.7426,5.3744,5.7426,5.3545,5.7227,-6.0863,38049.16,21081.262,-0.34830000000000005,湖南,纺织,19980527,
600156.SH,华升股份,20110119,5.6331,5.7227,5.7426,5.5834,5.6232,1.7695,26429.59,15071.193,0.09949999999999992,湖南,纺织,19980527,
600156.SH,华升股份,20110118,5.5635,5.6232,5.6431,5.4938,5.5635,1.0731,17825.67,9975.024,0.05969999999999942,湖南,纺织,19980527,
600156.SH,华升股份,20110117,5.663,5.5635,5.8023,5.5436,5.7725,-3.6206,32403.11,18368.315,-0.20899999999999963,湖南,纺织,19980527,
600156.SH,华升股份,20110114,6.0711,5.7725,6.0711,5.7327,5.9914,-3.6536,61139.62,35966.038,-0.21889999999999965,湖南,纺织,19980527,
600156.SH,华升股份,20110113,6.2203,5.9914,6.2502,5.9815,6.2104,-3.5263,44710.82,27408.645,-0.2190000000000003,湖南,纺织,19980527,
600156.SH,华升股份,20110112,6.1706,6.2104,6.2502,6.091,6.1407,1.135,35067.09,21769.099,0.0697000000000001,湖南,纺织,19980527,
600156.SH,华升股份,20110111,6.3398,6.1407,6.3398,6.0711,6.3597,-3.4436,57520.45,35551.537,-0.2190000000000003,湖南,纺织,19980527,
600156.SH,华升股份,20110110,6.4891,6.3597,6.5388,6.2801,6.5587,-3.0341,73965.08,47732.892,-0.19899999999999984,湖南,纺织,19980527,
600156.SH,华升股份,20110107,6.3199,6.5587,6.6682,6.2801,6.3497,3.2915,155797.74,101698.452,0.20899999999999963,湖南,纺织,19980527,
600156.SH,华升股份,20110106,6.1805,6.3497,6.3696,6.1805,6.1606,3.0695,70062.96,44308.444,0.1891000000000007,湖南,纺织,19980527,
600156.SH,华升股份,20110105,6.2403,6.1606,6.3398,6.1507,6.2701,-1.7464,52154.18,32685.567,-0.1095000000000006,湖南,纺织,19980527,
600156.SH,华升股份,20110104,6.0512,6.2701,6.3497,6.0113,6.0312,3.9611,77589.14,48313.903,0.2389000000000001,湖南,纺织,19980527,
600156.SH,华升股份,20101231,5.9516,6.0312,6.0312,5.9218,5.9516,1.3375,38579.19,23175.432,0.07960000000000012,湖南,纺织,19980527,
600156.SH,华升股份,20101230,6.0213,5.9516,6.0412,5.9019,6.0213,-1.1576,34013.37,20394.2,-0.0697000000000001,湖南,纺织,19980527,
600156.SH,华升股份,20101229,5.9616,6.0213,6.0711,5.9118,5.9516,1.1711,25919.19,15615.892,0.0697000000000001,湖南,纺织,19980527,
600156.SH,华升股份,20101228,6.1706,5.9516,6.1706,5.8919,6.1308,-2.9229,55689.44,33696.448,-0.1791999999999998,湖南,纺织,19980527,
600156.SH,华升股份,20101227,6.2701,6.1308,6.4791,5.9914,6.2801,-2.3774,139900.54,88602.383,-0.1493000000000002,湖南,纺织,19980527,
600156.SH,华升股份,20101224,6.1009,6.2801,6.3398,5.9715,6.1208,2.6026,90712.6,56566.396,0.1593,湖南,纺织,19980527,
600156.SH,华升股份,20101223,6.2602,6.1208,6.3398,6.1109,6.3,-2.8444,46517.47,28948.454,-0.1791999999999998,湖南,纺织,19980527,
600156.SH,华升股份,20101222,6.3199,6.3,6.4791,6.2403,6.3696,-1.0927,108379.63,69407.78,-0.06960000000000033,湖南,纺织,19980527,
600156.SH,华升股份,20101221,6.0312,6.3696,6.3995,5.9715,6.0014,6.1352,109302.89,67657.836,0.36819999999999986,湖南,纺织,19980527,
600156.SH,华升股份,20101220,6.29,6.0014,6.3199,5.8521,6.2701,-4.2854,105223.61,64147.566,-0.26869999999999994,湖南,纺织,19980527,
600156.SH,华升股份,20101217,6.3298,6.2701,6.3995,6.2004,6.3995,-2.022,75510.63,47544.019,-0.12939999999999952,湖南,纺织,19980527,
600156.SH,华升股份,20101216,6.509,6.3995,6.5587,6.3696,6.5488,-2.2798,80809.86,52282.952,-0.1493000000000002,湖南,纺织,19980527,
600156.SH,华升股份,20101215,6.3796,6.5488,6.7478,6.3497,6.3796,2.6522,184788.66,122190.407,0.16920000000000002,湖南,纺织,19980527,
600156.SH,华升股份,20101214,6.3597,6.3796,6.4094,6.2303,6.3298,0.7868,103281.81,65524.483,0.04980000000000029,湖南,纺织,19980527,
600156.SH,华升股份,20101213,6.2502,6.3298,6.3597,6.2502,6.2502,1.2736,90188.48,57196.084,0.07959999999999923,湖南,纺织,19980527,
600156.SH,华升股份,20101210,6.1706,6.2502,6.2602,6.0711,6.1805,1.1277,67059.92,41607.542,0.0697000000000001,湖南,纺织,19980527,
600156.SH,华升股份,20101209,6.1507,6.1805,6.2701,6.1208,6.1805,0.0,78221.53,48645.83,0.0,湖南,纺织,19980527,
600156.SH,华升股份,20101208,6.3,6.1805,6.4393,6.1706,6.3796,-3.1209,95571.45,60346.431,-0.1990999999999996,湖南,纺织,19980527,
600156.SH,华升股份,20101207,6.2303,6.3796,6.3995,6.1805,6.2303,2.3964,97906.81,62226.544,0.1493000000000002,湖南,纺织,19980527,
600156.SH,华升股份,20101206,6.4592,6.2303,6.509,6.2104,6.4891,-3.9882,107647.28,68307.023,-0.2587999999999999,湖南,纺织,19980527,
600156.SH,华升股份,20101203,6.8075,6.4891,6.8075,6.3497,6.8573,-5.3695,165253.84,108073.846,-0.36820000000000075,湖南,纺织,19980527,
600156.SH,华升股份,20101202,6.7677,6.8573,6.8673,6.6682,6.708,2.2257,183753.57,124867.15,0.1493000000000002,湖南,纺织,19980527,
600156.SH,华升股份,20101201,6.9966,6.708,7.0564,6.6483,6.9668,-3.7148,209016.77,141823.592,-0.2587999999999999,湖南,纺织,19980527,
600156.SH,华升股份,20101130,7.1758,6.9668,7.335,6.6682,7.2156,-3.4481,298782.45,211227.343,-0.24880000000000013,湖南,纺织,19980527,
600156.SH,华升股份,20101129,7.3151,7.2156,7.4147,7.0663,7.4644,-3.3332,331879.09,240596.966,-0.24880000000000013,湖南,纺织,19980527,
600156.SH,华升股份,20101126,6.7677,7.4644,7.4644,6.5786,6.7876,9.9711,428911.62,306708.077,0.6768000000000001,湖南,纺织,19980527,
600156.SH,华升股份,20101125,6.5488,6.7876,6.9469,6.3895,6.4493,5.2455,347679.54,232955.683,0.33830000000000027,湖南,纺织,19980527,
600156.SH,华升股份,20101124,6.0711,6.4493,6.6284,5.9815,6.0711,6.2295,298376.38,190946.229,0.37819999999999965,湖南,纺织,19980527,
600156.SH,华升股份,20101123,6.2104,6.0711,6.2602,5.9516,6.3099,-3.7845,157621.98,96606.419,-0.23879999999999946,湖南,纺织,19980527,
600156.SH,华升股份,20101122,5.872,6.3099,6.3298,5.8521,5.9815,5.4903,265431.51,163626.52,0.32840000000000025,湖南,纺织,19980527,
600156.SH,华升股份,20101119,5.9317,5.9815,6.0711,5.6531,5.9317,0.8396,138702.71,82289.448,0.0497999999999994,湖南,纺织,19980527,
600156.SH,华升股份,20101118,5.8521,5.9317,6.091,5.6829,5.8621,1.1873,156038.01,93277.222,0.06960000000000033,湖南,纺织,19980527,
600156.SH,华升股份,20101117,5.5834,5.8621,6.3796,5.5834,5.9815,-1.9962,247050.39,151012.25,-0.11939999999999973,湖南,纺织,19980527,
600156.SH,华升股份,20101116,5.9317,5.9815,6.1805,5.7924,5.9417,0.6698,303852.53,183000.148,0.03979999999999961,湖南,纺织,19980527,
600156.SH,华升股份,20101115,5.4042,5.9417,5.9417,5.4042,5.4042,9.946,192795.02,111135.033,0.5374999999999996,湖南,纺织,19980527,
600156.SH,华升股份,20101112,5.4938,5.4042,5.6531,5.3246,5.6531,-4.4029,99910.44,55095.714,-0.2488999999999999,湖南,纺织,19980527,
600156.SH,华升股份,20101111,5.7028,5.6531,5.8222,5.4839,5.7426,-1.5585,77003.24,44584.707,-0.08950000000000014,湖南,纺织,19980527,
600156.SH,华升股份,20101110,5.7327,5.7426,5.7625,5.5834,5.7924,-0.8597,70561.18,40365.818,-0.0497999999999994,湖南,纺织,19980527,
600156.SH,华升股份,20101109,5.8322,5.7924,5.9218,5.7128,5.7824,0.1729,113358.56,66296.761,0.009999999999999787,湖南,纺织,19980527,
600156.SH,华升股份,20101108,5.6929,5.7824,5.8621,5.6331,5.6531,2.2872,117003.93,67471.343,0.12929999999999975,湖南,纺织,19980527,
600156.SH,华升股份,20101105,5.7327,5.6531,5.7725,5.5933,5.7227,-1.2162,145962.45,82922.437,-0.06959999999999944,湖南,纺织,19980527,
600156.SH,华升股份,20101104,5.6132,5.7227,5.8322,5.5535,5.7526,-0.5198,233671.23,133623.862,-0.029900000000000482,湖南,纺织,19980527,
600156.SH,华升股份,20101103,5.3445,5.7526,5.7725,5.2948,5.3147,8.2394,247529.09,137690.899,0.43789999999999996,湖南,纺织,19980527,
600156.SH,华升股份,20101102,5.3644,5.3147,5.444,5.2948,5.3744,-1.1108,72885.35,39309.61,-0.05969999999999942,湖南,纺织,19980527,
600156.SH,华升股份,20101101,5.4042,5.3744,5.4042,5.3147,5.3744,0.0,85302.55,45930.564,0.0,湖南,纺织,19980527,
600156.SH,华升股份,20101029,5.2948,5.3744,5.3744,5.2749,5.2848,1.6954,70498.14,37841.042,0.0895999999999999,湖南,纺织,19980527,
600156.SH,华升股份,20101028,5.3346,5.2848,5.3744,5.2151,5.3147,-0.5626,49669.01,26328.625,-0.029900000000000482,湖南,纺织,19980527,
600156.SH,华升股份,20101027,5.2649,5.3147,5.3843,5.235,5.2649,0.9459,76327.14,40905.702,0.04980000000000029,湖南,纺织,19980527,
600156.SH,华升股份,20101026,5.2948,5.2649,5.3545,5.2052,5.2749,-0.1896,66124.75,35068.27,-0.009999999999999787,湖南,纺织,19980527,
600156.SH,华升股份,20101025,5.1753,5.2749,5.3047,5.1753,5.1853,1.728,61446.21,32442.28,0.0895999999999999,湖南,纺织,19980527,
600156.SH,华升股份,20101022,5.1057,5.1853,5.1952,5.0858,5.1156,1.3625,51248.86,26559.476,0.0697000000000001,湖南,纺织,19980527,
600156.SH,华升股份,20101021,5.0758,5.1156,5.1654,5.0559,5.0659,0.9811,40283.65,20695.593,0.04969999999999963,湖南,纺织,19980527,
600156.SH,华升股份,20101020,5.0758,5.0659,5.1654,5.036,5.1753,-2.1139,47575.19,24329.597,-0.10939999999999994,湖南,纺织,19980527,
600156.SH,华升股份,20101019,5.0459,5.1753,5.1952,5.026,5.0858,1.7598,52249.42,27006.954,0.08950000000000014,湖南,纺织,19980527,
600156.SH,华升股份,20101018,5.1355,5.0858,5.1355,4.9265,5.1355,-0.9678,80157.37,40327.057,-0.04970000000000052,湖南,纺织,19980527,
600156.SH,华升股份,20101015,5.2052,5.1355,5.2151,5.036,5.2052,-1.339,79640.88,40954.121,-0.06969999999999921,湖南,纺织,19980527,
600156.SH,华升股份,20101014,5.3744,5.2052,5.4142,5.1753,5.3744,-3.1483,65900.77,35132.07,-0.16920000000000002,湖南,纺织,19980527,
600156.SH,华升股份,20101013,5.4042,5.3744,5.4241,5.3047,5.4042,-0.5514,54818.33,29438.802,-0.029800000000000715,湖南,纺织,19980527,
600156.SH,华升股份,20101012,5.3843,5.4042,5.4241,5.3047,5.4241,-0.3669,45279.96,24453.237,-0.019899999999999807,湖南,纺织,19980527,
600156.SH,华升股份,20101011,5.235,5.4241,5.454,5.2251,5.245,3.4147,93844.3,50595.061,0.17910000000000004,湖南,纺织,19980527,
600156.SH,华升股份,20101008,5.1455,5.245,5.2649,5.1455,5.1554,1.738,45148.05,23725.712,0.0895999999999999,湖南,纺织,19980527,
600156.SH,华升股份,20100930,5.0758,5.1554,5.1554,5.036,5.0758,1.5682,17363.55,8929.377,0.07960000000000012,湖南,纺织,19980527,
600156.SH,华升股份,20100929,5.2251,5.0758,5.2251,5.026,5.1952,-2.2983,25841.99,13299.838,-0.11939999999999973,湖南,纺织,19980527,
600156.SH,华升股份,20100928,5.235,5.1952,5.2948,5.1753,5.2549,-1.1361,23145.71,12176.507,-0.05970000000000031,湖南,纺织,19980527,
600156.SH,华升股份,20100927,5.1554,5.2549,5.2749,5.1554,5.1455,2.1261,24609.5,12949.393,0.10939999999999994,湖南,纺织,19980527,
600156.SH,华升股份,20100921,5.1654,5.1455,5.2052,5.1156,5.1554,-0.192,15100.47,7833.618,-0.00990000000000002,湖南,纺织,19980527,
600156.SH,华升股份,20100920,5.1853,5.1554,5.2549,5.1355,5.1853,-0.5766,20370.37,10625.572,-0.029899999999999594,湖南,纺织,19980527,
600156.SH,华升股份,20100917,5.1952,5.1853,5.2749,5.1554,5.1753,0.1932,30924.08,16164.411,0.009999999999999787,湖南,纺织,19980527,
600156.SH,华升股份,20100916,5.3644,5.1753,5.4042,5.1057,5.3843,-3.8817,38862.0,20416.299,-0.20899999999999963,湖南,纺织,19980527,
600156.SH,华升股份,20100915,5.4739,5.3843,5.4739,5.3346,5.4739,-1.6369,45727.91,24845.979,-0.08960000000000079,湖南,纺织,19980527,
600156.SH,华升股份,20100914,5.4739,5.4739,5.5436,5.4241,5.4839,-0.1824,52191.94,28664.912,-0.009999999999999787,湖南,纺织,19980527,
600156.SH,华升股份,20100913,5.4241,5.4839,5.6232,5.3843,5.4142,1.2874,99847.7,55343.594,0.0697000000000001,湖南,纺织,19980527,
600156.SH,华升股份,20100910,5.3147,5.4142,5.444,5.2251,5.3047,2.0642,54619.92,29343.125,0.10949999999999971,湖南,纺织,19980527,
600156.SH,华升股份,20100909,5.454,5.3047,5.464,5.2848,5.444,-2.5588,71105.87,38371.693,-0.13929999999999954,湖南,纺织,19980527,
600156.SH,华升股份,20100908,5.3644,5.444,5.4938,5.3246,5.3943,0.9213,84190.29,45957.148,0.04969999999999963,湖南,纺织,19980527,
600156.SH,华升股份,20100907,5.3246,5.3943,5.4241,5.235,5.3246,1.309,72380.68,38699.527,0.0697000000000001,湖南,纺织,19980527,
600156.SH,华升股份,20100906,5.2749,5.3246,5.3246,5.2151,5.2649,1.1339,72876.44,38692.584,0.05970000000000031,湖南,纺织,19980527,
600156.SH,华升股份,20100903,5.2151,5.2649,5.2649,5.1753,5.2151,0.9549,59645.28,31271.512,0.04980000000000029,湖南,纺织,19980527,
600156.SH,华升股份,20100902,5.1554,5.2151,5.245,5.0957,5.1156,1.945,63311.44,32959.004,0.09949999999999992,湖南,纺织,19980527,
600156.SH,华升股份,20100901,5.2251,5.1156,5.235,5.0559,5.2052,-1.7214,55949.06,28937.306,-0.0895999999999999,湖南,纺织,19980527,
600156.SH,华升股份,20100831,5.1654,5.2052,5.245,5.1355,5.2052,0.0,38281.93,19977.101,0.0,湖南,纺织,19980527,
600156.SH,华升股份,20100830,5.1654,5.2052,5.2151,5.1057,5.1355,1.3572,45390.11,23560.194,0.06969999999999921,湖南,纺织,19980527,
600156.SH,华升股份,20100827,5.0758,5.1355,5.1455,5.036,5.0957,0.7811,33560.72,17135.095,0.0398000000000005,湖南,纺织,19980527,
600156.SH,华升股份,20100826,5.1554,5.0957,5.1952,5.036,5.1554,-1.158,62748.18,32053.051,-0.05970000000000031,湖南,纺织,19980527,
600156.SH,华升股份,20100825,5.1654,5.1554,5.2848,5.1256,5.2052,-0.9567,84230.85,44034.652,-0.0497999999999994,湖南,纺织,19980527,
600156.SH,华升股份,20100824,5.1654,5.2052,5.2251,5.1057,5.1952,0.1925,69938.0,36339.15,0.009999999999999787,湖南,纺织,19980527,
600156.SH,华升股份,20100823,5.1853,5.1952,5.2649,5.1455,5.3047,-2.0642,111562.52,58288.057,-0.1095000000000006,湖南,纺织,19980527,
600156.SH,华升股份,20100820,5.454,5.3047,5.6132,5.2948,5.1753,2.5003,332645.41,182177.207,0.1294000000000004,湖南,纺织,19980527,
600156.SH,华升股份,20100819,5.2151,5.1753,5.2151,5.0957,5.1654,0.1917,47746.0,24748.936,0.00990000000000002,湖南,纺织,19980527,
600156.SH,华升股份,20100818,5.1455,5.1654,5.2052,5.0858,5.1554,0.194,32546.3,16750.427,0.009999999999999787,湖南,纺织,19980527,
600156.SH,华升股份,20100817,5.0559,5.1554,5.1753,5.0559,5.0957,1.1716,42172.73,21737.342,0.05970000000000031,湖南,纺织,19980527,
600156.SH,华升股份,20100816,5.0559,5.0957,5.1256,5.0061,5.0061,1.7898,49254.45,25110.236,0.0895999999999999,湖南,纺织,19980527,
600156.SH,华升股份,20100813,4.8768,5.0061,5.0161,4.8768,4.9166,1.8204,29709.55,14785.197,0.08950000000000014,湖南,纺织,19980527,
600156.SH,华升股份,20100812,4.9564,4.9166,5.036,4.8967,4.9962,-1.5932,34955.85,17471.484,-0.07960000000000012,湖南,纺织,19980527,
600156.SH,华升股份,20100811,4.9663,4.9962,5.0957,4.9365,4.9763,0.3999,40126.86,20129.09,0.019899999999999807,湖南,纺织,19980527,
600156.SH,华升股份,20100810,5.1256,4.9763,5.1853,4.9763,5.1554,-3.474,59857.01,30591.121,-0.17910000000000004,湖南,纺织,19980527,
600156.SH,华升股份,20100809,5.0659,5.1554,5.2052,5.0659,5.1057,0.9734,46313.81,23907.925,0.04970000000000052,湖南,纺织,19980527,
600156.SH,华升股份,20100806,5.036,5.1057,5.1156,4.9862,5.036,1.384,39944.73,20297.05,0.0697000000000001,湖南,纺织,19980527,
600156.SH,华升股份,20100805,5.0559,5.036,5.1256,4.9862,5.0659,-0.5902,44584.97,22671.356,-0.029900000000000482,湖南,纺织,19980527,
600156.SH,华升股份,20100804,4.9265,5.0659,5.0659,4.9166,5.0161,0.9928,46713.06,23460.476,0.04980000000000029,湖南,纺织,19980527,
600156.SH,华升股份,20100803,5.036,5.0161,5.2052,4.9564,5.0659,-0.983,69874.91,35620.306,-0.04980000000000029,湖南,纺织,19980527,
600156.SH,华升股份,20100802,5.0758,5.0659,5.1654,5.0161,4.9763,1.8005,58837.75,29992.197,0.0895999999999999,湖南,纺织,19980527,
600156.SH,华升股份,20100730,4.9763,4.9763,5.0061,4.8867,5.0459,-1.3793,49745.61,24791.161,-0.06959999999999944,湖南,纺织,19980527,
600156.SH,华升股份,20100729,4.9564,5.0459,5.0559,4.7275,4.9365,2.2161,86613.01,43189.067,0.10939999999999994,湖南,纺织,19980527,
600156.SH,华升股份,20100728,4.8568,4.9365,4.9663,4.827,4.8469,1.8486,57212.14,28223.054,0.0895999999999999,湖南,纺织,19980527,
600156.SH,华升股份,20100727,4.9962,4.8469,4.9962,4.8369,4.9464,-2.0116,48438.76,23828.272,-0.09949999999999992,湖南,纺织,19980527,
600156.SH,华升股份,20100726,4.8469,4.9464,4.9564,4.817,4.8469,2.0529,54268.31,26705.189,0.09949999999999992,湖南,纺织,19980527,
600156.SH,华升股份,20100723,4.8867,4.8469,4.8867,4.7971,4.8568,-0.2038,34920.89,16955.057,-0.00990000000000002,湖南,纺织,19980527,
600156.SH,华升股份,20100722,4.7772,4.8568,4.8967,4.7673,4.8369,0.4114,40011.78,19417.99,0.019899999999999807,湖南,纺织,19980527,
600156.SH,华升股份,20100721,4.8369,4.8369,4.9663,4.7673,4.827,0.2051,48621.77,23624.514,0.00990000000000002,湖南,纺织,19980527,
600156.SH,华升股份,20100720,4.7474,4.827,4.8568,4.6976,4.7374,1.8913,55802.09,26876.89,0.0895999999999999,湖南,纺织,19980527,
600156.SH,华升股份,20100719,4.608,4.7374,4.7772,4.5682,4.6877,1.0602,35218.44,16660.674,0.04969999999999963,湖南,纺织,19980527,
600156.SH,华升股份,20100716,4.4587,4.6877,4.7175,4.4189,4.4986,4.2035,36859.34,16978.751,0.1891000000000007,湖南,纺织,19980527,
600156.SH,华升股份,20100715,4.6877,4.4986,4.6877,4.4787,4.7175,-4.6402,54359.17,25175.628,-0.21890000000000054,湖南,纺织,19980527,
600156.SH,华升股份,20100714,4.6777,4.7175,4.8071,4.6677,4.7175,0.0,61051.46,29073.73,0.0,湖南,纺织,19980527,
600156.SH,华升股份,20100713,4.817,4.7175,4.8568,4.6379,4.8867,-3.4625,110458.56,52645.987,-0.16920000000000002,湖南,纺织,19980527,
600156.SH,华升股份,20100712,4.8867,4.8867,4.8867,4.7474,4.4388,10.0906,130577.87,64076.625,0.44790000000000063,湖南,纺织,19980527,
600156.SH,华升股份,20100709,4.2896,4.4388,4.4886,4.2896,4.3095,3.0003,41093.24,18153.916,0.12929999999999975,湖南,纺织,19980527,
600156.SH,华升股份,20100708,4.3493,4.3095,4.409,4.2597,4.3592,-1.1401,22184.07,9627.938,-0.04970000000000052,湖南,纺织,19980527,
600156.SH,华升股份,20100707,4.3095,4.3592,4.3791,4.2398,4.2896,1.6225,24326.12,10543.317,0.06960000000000033,湖南,纺织,19980527,
600156.SH,华升股份,20100706,4.1303,4.2896,4.3493,4.1303,4.1801,2.6196,21221.47,9094.318,0.10949999999999971,湖南,纺织,19980527,
600156.SH,华升股份,20100705,4.1801,4.1801,4.2199,4.0706,4.2,-0.4738,16344.96,6818.749,-0.019899999999999807,湖南,纺织,19980527,
600156.SH,华升股份,20100702,4.2099,4.2,4.2298,3.991,4.2099,-0.2352,23525.47,9760.924,-0.00990000000000002,湖南,纺织,19980527,
600156.SH,华升股份,20100701,4.1801,4.2099,4.2896,4.1303,4.1801,0.7129,20714.09,8757.609,0.029799999999999827,湖南,纺织,19980527,
600156.SH,华升股份,20100630,4.3791,4.1801,4.3791,4.0706,4.3592,-4.1086,27079.03,11436.03,-0.17910000000000004,湖南,纺织,19980527,
600156.SH,华升股份,20100629,4.827,4.3592,4.827,4.3393,4.7872,-8.9405,39174.01,17798.07,-0.42799999999999994,湖南,纺织,19980527,
600156.SH,华升股份,20100628,4.7772,4.7872,4.827,4.7175,4.7772,0.2093,16056.81,7672.132,0.010000000000000675,湖南,纺织,19980527,
600156.SH,华升股份,20100625,4.827,4.7772,4.8668,4.7175,4.8867,-2.2408,23370.85,11217.465,-0.1095000000000006,湖南,纺织,19980527,
600156.SH,华升股份,20100624,4.8369,4.8867,4.8967,4.817,4.827,1.2368,22247.11,10850.233,0.05970000000000031,湖南,纺织,19980527,
600156.SH,华升股份,20100623,4.8568,4.827,4.8967,4.7573,4.8867,-1.2217,25626.77,12426.589,-0.05970000000000031,湖南,纺织,19980527,
600156.SH,华升股份,20100622,4.7673,4.8867,4.9265,4.7275,4.7772,2.2921,43107.87,20901.386,0.1095000000000006,湖南,纺织,19980527,
600156.SH,华升股份,20100621,4.5782,4.7772,4.8071,4.5782,4.6279,3.2261,25851.11,12231.883,0.14929999999999932,湖南,纺织,19980527,
600156.SH,华升股份,20100618,4.7573,4.6279,4.8568,4.5981,4.8071,-3.7278,23965.0,11390.969,-0.1791999999999998,湖南,纺织,19980527,
600156.SH,华升股份,20100617,4.8369,4.8071,4.8967,4.7971,4.817,-0.2055,17274.03,8398.091,-0.00990000000000002,湖南,纺织,19980527,
600156.SH,华升股份,20100611,4.8768,4.817,4.9464,4.7872,4.8768,-1.2262,31616.31,15387.265,-0.059800000000000075,湖南,纺织,19980527,
600156.SH,华升股份,20100610,4.7673,4.8768,5.2848,4.7374,4.8071,1.4499,97465.81,48528.733,0.0697000000000001,湖南,纺织,19980527,
600156.SH,华升股份,20100609,4.6478,4.8071,4.8568,4.618,4.6379,3.6482,48829.62,23211.781,0.16920000000000002,湖南,纺织,19980527,
600156.SH,华升股份,20100608,4.5782,4.6379,4.6578,4.5583,4.5981,0.8656,21375.14,9909.497,0.0398000000000005,湖南,纺织,19980527,
600156.SH,华升股份,20100607,4.6279,4.5981,4.7374,4.4787,4.7275,-2.7372,30131.67,13950.723,-0.1294000000000004,湖南,纺织,19980527,
600156.SH,华升股份,20100604,4.5782,4.7275,4.7772,4.5384,4.6279,2.1522,39764.07,18733.261,0.09959999999999969,湖南,纺织,19980527,
600156.SH,华升股份,20100603,4.6379,4.6279,4.7275,4.608,4.6379,-0.2156,27100.67,12701.137,-0.009999999999999787,湖南,纺织,19980527,
600156.SH,华升股份,20100602,4.5682,4.6379,4.6478,4.4886,4.5682,1.5258,32238.05,14766.849,0.0697000000000001,湖南,纺织,19980527,
600156.SH,华升股份,20100601,4.6578,4.5682,4.6877,4.4787,4.6877,-2.5492,28610.85,13178.025,-0.11950000000000038,湖南,纺织,19980527,
600156.SH,华升股份,20100531,4.8668,4.6877,4.8867,4.6677,4.8867,-4.0723,28142.99,13565.758,-0.19899999999999984,湖南,纺织,19980527,
600156.SH,华升股份,20100528,4.8967,4.8867,4.9265,4.817,4.8668,0.4089,35787.65,17546.724,0.019900000000000695,湖南,纺织,19980527,
600156.SH,华升股份,20100527,4.7474,4.8668,4.8967,4.6777,4.7872,1.6628,37208.39,17992.175,0.07959999999999923,湖南,纺织,19980527,
600156.SH,华升股份,20100526,4.6976,4.7872,4.8369,4.6976,4.7374,1.0512,25987.99,12458.291,0.04980000000000029,湖南,纺织,19980527,
600156.SH,华升股份,20100525,4.7772,4.7374,4.8568,4.6478,4.8469,-2.2592,39648.32,18953.61,-0.10949999999999971,湖南,纺织,19980527,
600156.SH,华升股份,20100524,4.6478,4.8469,4.8768,4.6379,4.6379,4.5063,48469.54,23374.668,0.20899999999999963,湖南,纺织,19980527,
600156.SH,华升股份,20100521,4.4687,4.6379,4.6478,4.399,4.608,0.6489,33825.66,15396.108,0.029900000000000482,湖南,纺织,19980527,
600156.SH,华升股份,20100520,4.7076,4.608,4.7872,4.5981,4.7374,-2.7315,28460.66,13369.328,-0.1294000000000004,湖南,纺织,19980527,
600156.SH,华升股份,20100519,4.7772,4.7374,4.8369,4.6578,4.817,-1.6525,27698.9,13219.335,-0.07960000000000012,湖南,纺织,19980527,
600156.SH,华升股份,20100518,4.7175,4.817,4.827,4.5782,4.7474,1.4661,37219.46,17638.327,0.06960000000000033,湖南,纺织,19980527,
600156.SH,华升股份,20100517,5.1455,4.7474,5.1455,4.7076,5.2151,-8.9682,50245.99,24833.065,-0.4676999999999998,湖南,纺织,19980527,
600156.SH,华升股份,20100514,5.1753,5.2151,5.2251,5.0758,5.2151,0.0,35176.57,18250.261,0.0,湖南,纺织,19980527,
600156.SH,华升股份,20100513,5.1654,5.2151,5.235,5.026,5.1654,0.9622,36031.48,18621.433,0.04969999999999963,湖南,纺织,19980527,
600156.SH,华升股份,20100512,5.1156,5.1654,5.3246,5.036,5.1256,0.7765,48941.42,25548.182,0.03979999999999961,湖南,纺织,19980527,
600156.SH,华升股份,20100511,5.245,5.1256,5.2948,5.036,5.1455,-0.3867,38421.34,19969.166,-0.019899999999999807,湖南,纺织,19980527,
600156.SH,华升股份,20100510,5.2649,5.1455,5.2649,4.9862,5.235,-1.7096,39818.1,20567.471,-0.08950000000000014,湖南,纺织,19980527,
600156.SH,华升股份,20100507,5.2649,5.235,5.3246,5.1057,5.3644,-2.4122,45856.89,24115.718,-0.12939999999999952,湖南,纺织,19980527,
600156.SH,华升股份,20100506,5.5734,5.3644,5.6331,5.3346,5.6132,-4.4324,42002.86,23154.608,-0.24880000000000013,湖南,纺织,19980527,
600156.SH,华升股份,20100505,5.4142,5.6132,5.673,5.3644,5.4142,3.6755,48261.04,26875.394,0.19899999999999984,湖南,纺织,19980527,
600156.SH,华升股份,20100504,5.3047,5.4142,5.4739,5.2749,5.4839,-1.271,35777.3,19361.019,-0.0697000000000001,湖南,纺织,19980527,
600156.SH,华升股份,20100430,5.6929,5.4839,5.8222,5.3744,5.7625,-4.8347,57162.28,31654.962,-0.27859999999999996,湖南,纺织,19980527,
600156.SH,华升股份,20100429,5.9218,5.7625,6.0014,5.7426,5.9019,-2.362,44002.41,26129.044,-0.1394000000000002,湖南,纺织,19980527,
600156.SH,华升股份,20100428,5.9118,5.9019,6.0014,5.8521,5.9715,-1.1655,35051.59,20862.913,-0.06959999999999944,湖南,纺织,19980527,
600156.SH,华升股份,20100427,6.1805,5.9715,6.2004,5.7725,6.2403,-4.3075,88721.4,53158.234,-0.2688000000000006,湖南,纺织,19980527,
600156.SH,华升股份,20100426,6.1308,6.2403,6.2502,6.0611,6.1208,1.9524,64827.78,40004.885,0.11950000000000038,湖南,纺织,19980527,
600156.SH,华升股份,20100423,6.2004,6.1208,6.2602,6.1109,6.1905,-1.1259,49860.69,30886.891,-0.0697000000000001,湖南,纺织,19980527,
600156.SH,华升股份,20100422,6.1706,6.1905,6.2403,6.0711,6.1805,0.1618,59283.57,36716.378,0.009999999999999787,湖南,纺织,19980527,
600156.SH,华升股份,20100421,6.0312,6.1805,6.1905,6.0312,5.9715,3.5,72775.3,44812.571,0.20900000000000052,湖南,纺织,19980527,
600156.SH,华升股份,20100419,6.3,5.9715,6.3497,5.9516,6.3995,-6.688,98924.32,61276.631,-0.42799999999999994,湖南,纺织,19980527,
600156.SH,华升股份,20100416,6.4791,6.3995,6.509,6.3199,6.509,-1.6823,63987.33,41277.658,-0.1095000000000006,湖南,纺织,19980527,
600156.SH,华升股份,20100415,6.4493,6.509,6.5289,6.3895,6.4393,1.0824,102560.45,66661.483,0.0697000000000001,湖南,纺织,19980527,
600156.SH,华升股份,20100414,6.3696,6.4393,6.4692,6.3,6.3597,1.2516,72111.5,46414.238,0.07960000000000012,湖南,纺织,19980527,
600156.SH,华升股份,20100413,6.5388,6.3597,6.5488,6.2004,6.5289,-2.5916,100265.25,64114.414,-0.16920000000000002,湖南,纺织,19980527,
600156.SH,华升股份,20100412,6.3895,6.5289,6.5786,6.3696,6.3895,2.1817,165714.11,108102.728,0.1394000000000002,湖南,纺织,19980527,
600156.SH,华升股份,20100409,6.2602,6.3895,6.3995,6.2403,6.2602,2.0654,93973.24,59863.516,0.12929999999999975,湖南,纺织,19980527,
600156.SH,华升股份,20100408,6.3199,6.2602,6.3398,6.2403,6.3298,-1.0996,54011.61,34118.826,-0.06959999999999944,湖南,纺织,19980527,
600156.SH,华升股份,20100407,6.3497,6.3298,6.3497,6.2602,6.3597,-0.4701,62816.79,39772.693,-0.029900000000000482,湖南,纺织,19980527,
600156.SH,华升股份,20100406,6.3199,6.3597,6.4194,6.29,6.3099,0.7892,80950.21,51540.416,0.04980000000000029,湖南,纺织,19980527,
600156.SH,华升股份,20100402,6.2701,6.3099,6.3497,6.2403,6.2701,0.6348,77884.13,49323.875,0.03979999999999961,湖南,纺织,19980527,
600156.SH,华升股份,20100401,6.1805,6.2701,6.3,6.1805,6.2004,1.1241,77117.63,48385.67,0.0697000000000001,湖南,纺织,19980527,
600156.SH,华升股份,20100331,6.3497,6.2004,6.3497,6.1706,6.3497,-2.3513,104025.89,65068.421,-0.1493000000000002,湖南,纺织,19980527,
600156.SH,华升股份,20100330,6.2701,6.3497,6.5587,6.2502,6.2801,1.1083,132422.23,85284.082,0.06960000000000033,湖南,纺织,19980527,
600156.SH,华升股份,20100329,6.2602,6.2801,6.3,6.1706,6.2502,0.4784,72174.82,45253.15,0.029899999999999594,湖南,纺织,19980527,
600156.SH,华升股份,20100326,6.1308,6.2502,6.2701,6.081,6.1308,1.9475,65210.19,40645.126,0.11940000000000062,湖南,纺织,19980527,
600156.SH,华升股份,20100325,6.2004,6.1308,6.2303,6.1009,6.2502,-1.9103,56287.16,34750.691,-0.11940000000000062,湖南,纺织,19980527,
600156.SH,华升股份,20100324,6.2004,6.2502,6.2602,6.1308,6.1507,1.6177,81125.63,50512.02,0.09950000000000081,湖南,纺织,19980527,
600156.SH,华升股份,20100323,6.3,6.1507,6.3298,6.1308,6.3199,-2.6773,79828.55,49671.541,-0.16920000000000002,湖南,纺织,19980527,
600156.SH,华升股份,20100322,6.3696,6.3199,6.4194,6.2502,6.3199,0.0,109240.7,69288.572,0.0,湖南,纺织,19980527,
600156.SH,华升股份,20100319,6.1407,6.3199,6.3398,6.1308,6.1407,2.9182,136218.65,85469.513,0.1791999999999998,湖南,纺织,19980527,
600156.SH,华升股份,20100318,6.1507,6.1407,6.2203,6.1009,6.1208,0.3251,73191.98,45237.586,0.019899999999999807,湖南,纺织,19980527,
600156.SH,华升股份,20100317,6.0213,6.1208,6.1606,5.9715,6.0014,1.9895,67696.42,41488.415,0.11939999999999973,湖南,纺织,19980527,
600156.SH,华升股份,20100316,5.8422,6.0014,6.0113,5.8422,5.8521,2.5512,38006.78,22656.066,0.1493000000000002,湖南,纺织,19980527,
600156.SH,华升股份,20100315,5.8919,5.8521,5.9218,5.7924,5.8919,-0.6755,26516.21,15584.712,-0.03979999999999961,湖南,纺织,19980527,
600156.SH,华升股份,20100312,6.0213,5.8919,6.0412,5.882,6.0113,-1.9863,38204.6,22909.029,-0.11940000000000062,湖南,纺织,19980527,
600156.SH,华升股份,20100311,6.0312,6.0113,6.1009,5.9218,6.0512,-0.6594,38899.19,23482.97,-0.03989999999999938,湖南,纺织,19980527,
600156.SH,华升股份,20100310,6.091,6.0512,6.1905,5.9914,6.1606,-1.7758,56341.77,34379.92,-0.10939999999999994,湖南,纺织,19980527,
600156.SH,华升股份,20100309,6.0412,6.1606,6.2602,6.0312,6.0611,1.6416,119374.43,73875.457,0.09949999999999992,湖南,纺织,19980527,
600156.SH,华升股份,20100308,5.9715,6.0611,6.1009,5.9218,5.9516,1.8398,71262.78,43163.315,0.10949999999999971,湖南,纺织,19980527,
600156.SH,华升股份,20100305,5.8322,5.9516,6.0512,5.8322,5.8322,2.0473,71966.33,43185.143,0.11939999999999973,湖南,纺织,19980527,
600156.SH,华升股份,20100304,6.091,5.8322,6.1208,5.7924,6.0611,-3.7765,86100.02,51946.565,-0.22889999999999944,湖南,纺织,19980527,
600156.SH,华升股份,20100303,5.9715,6.0611,6.1109,5.9218,5.9417,2.0095,89341.15,54346.082,0.11939999999999973,湖南,纺织,19980527,
600156.SH,华升股份,20100302,6.0312,5.9417,6.0312,5.8919,6.0312,-1.484,56749.78,33875.792,-0.08950000000000014,湖南,纺织,19980527,
600156.SH,华升股份,20100301,5.9417,6.0312,6.0512,5.9417,5.9317,1.6774,64936.88,39112.232,0.09949999999999992,湖南,纺织,19980527,
600156.SH,华升股份,20100226,5.9118,5.9317,5.9715,5.872,5.9317,0.0,45708.71,27261.979,0.0,湖南,纺织,19980527,
600156.SH,华升股份,20100225,5.9118,5.9317,5.9715,5.8621,5.882,0.845,69848.07,41454.154,0.04970000000000052,湖南,纺织,19980527,
600156.SH,华升股份,20100224,5.7725,5.882,5.882,5.7426,5.7924,1.5469,44976.92,26338.412,0.0895999999999999,湖南,纺织,19980527,
600156.SH,华升股份,20100223,5.673,5.7924,5.8123,5.6232,5.663,2.285,51697.51,29744.135,0.12939999999999952,湖南,纺织,19980527,
600156.SH,华升股份,20100222,5.663,5.663,5.7227,5.6232,5.663,0.0,28188.08,16090.156,0.0,湖南,纺织,19980527,
600156.SH,华升股份,20100212,5.673,5.663,5.673,5.6232,5.6232,0.7078,17554.67,9966.783,0.0398000000000005,湖南,纺织,19980527,
600156.SH,华升股份,20100211,5.6331,5.6232,5.6929,5.6232,5.673,-0.8778,24341.92,13827.302,-0.04980000000000029,湖南,纺织,19980527,
600156.SH,华升股份,20100210,5.6829,5.673,5.7128,5.6132,5.5933,1.4249,28848.47,16395.948,0.07969999999999988,湖南,纺织,19980527,
600156.SH,华升股份,20100209,5.6232,5.5933,5.6431,5.5635,5.6232,-0.5317,20311.88,11432.265,-0.029899999999999594,湖南,纺织,19980527,
600156.SH,华升股份,20100208,5.5436,5.6232,5.6331,5.5336,5.5436,1.4359,24040.94,13503.986,0.07960000000000012,湖南,纺织,19980527,
600156.SH,华升股份,20100205,5.464,5.5436,5.6431,5.4341,5.5834,-0.7128,35972.71,20012.968,-0.0398000000000005,湖南,纺织,19980527,
600156.SH,华升股份,20100204,5.5038,5.5834,5.663,5.4739,5.5336,0.9,35177.61,19765.898,0.04980000000000029,湖南,纺织,19980527,
600156.SH,华升股份,20100203,5.3843,5.5336,5.5734,5.3445,5.3445,3.5382,41805.24,23018.733,0.18909999999999982,湖南,纺织,19980527,
600156.SH,华升股份,20100202,5.3744,5.3445,5.4739,5.3246,5.3545,-0.1868,25660.86,13937.476,-0.009999999999999787,湖南,纺织,19980527,
600156.SH,华升股份,20100201,5.5336,5.3545,5.5336,5.3346,5.5336,-3.2366,28802.35,15621.45,-0.17910000000000004,湖南,纺织,19980527,
600156.SH,华升股份,20100129,5.5933,5.5336,5.663,5.5237,5.6132,-1.4181,27936.97,15697.259,-0.07960000000000012,湖南,纺织,19980527,
600156.SH,华升股份,20100128,5.5535,5.6132,5.7128,5.4739,5.5535,1.075,28187.23,15812.444,0.05970000000000031,湖南,纺织,19980527,
600156.SH,华升股份,20100127,5.6232,5.5535,5.7625,5.3545,5.5535,0.0,47234.8,26360.743,0.0,湖南,纺织,19980527,
600156.SH,华升股份,20100126,5.882,5.5535,5.9118,5.5336,5.882,-5.5848,45358.02,25825.937,-0.3285,湖南,纺织,19980527,
600156.SH,华升股份,20100125,5.9218,5.882,6.0512,5.872,5.9815,-1.6635,54891.98,32886.304,-0.09949999999999992,湖南,纺织,19980527,
600156.SH,华升股份,20100122,5.9317,5.9815,6.0711,5.6232,5.9616,0.3338,84468.93,50049.021,0.019899999999999807,湖南,纺织,19980527,
600156.SH,华升股份,20100121,5.7924,5.9616,6.0014,5.7924,5.8422,2.0438,48730.18,28952.585,0.11939999999999973,湖南,纺织,19980527,
600156.SH,华升股份,20100120,6.1009,5.8422,6.1208,5.8222,6.1009,-4.2404,70808.64,42394.695,-0.25870000000000015,湖南,纺织,19980527,
600156.SH,华升股份,20100119,6.1009,6.1009,6.1208,5.9914,6.091,0.1625,56583.38,34435.605,0.00990000000000002,湖南,纺织,19980527,
600156.SH,华升股份,20100118,5.9715,6.091,6.1109,5.9516,6.0113,1.3258,62372.64,37953.262,0.07969999999999988,湖南,纺织,19980527,
600156.SH,华升股份,20100115,6.0312,6.0113,6.0512,5.9516,6.0113,0.0,68607.88,41376.216,0.0,湖南,纺织,19980527,
600156.SH,华升股份,20100114,5.8322,6.0113,6.0312,5.8023,5.7924,3.7791,86504.92,51664.598,0.21890000000000054,湖南,纺织,19980527,
600156.SH,华升股份,20100113,5.7924,5.7924,5.9118,5.7526,5.8919,-1.6888,66645.3,39038.669,-0.09949999999999992,湖南,纺织,19980527,
600156.SH,华升股份,20100112,5.6829,5.8919,5.9118,5.663,5.7327,2.7771,67006.19,39196.827,0.15919999999999934,湖南,纺织,19980527,
600156.SH,华升股份,20100111,5.8422,5.7327,5.9317,5.7028,5.6829,0.8763,56727.82,33047.254,0.04980000000000029,湖南,纺织,19980527,
600156.SH,华升股份,20100108,5.5834,5.6829,5.6929,5.5436,5.6232,1.0617,31888.85,17991.497,0.05970000000000031,湖南,纺织,19980527,
600156.SH,华升股份,20100107,5.7824,5.6232,5.8422,5.5933,5.8322,-3.5836,38979.99,22482.659,-0.20900000000000052,湖南,纺织,19980527,
600156.SH,华升股份,20100106,5.8521,5.8322,5.9218,5.8023,5.8521,-0.34,53011.25,31256.447,-0.019899999999999807,湖南,纺织,19980527,
600156.SH,华升股份,20100105,5.7725,5.8521,5.8621,5.7028,5.7924,1.0307,49929.79,29074.582,0.05970000000000031,湖南,纺织,19980527,
600156.SH,华升股份,20100104,5.8222,5.7924,5.8521,5.7526,5.7824,0.1729,38123.04,22197.239,0.009999999999999787,湖南,纺织,19980527,
600156.SH,华升股份,20091231,5.7625,5.7824,5.8023,5.7028,5.7625,0.3453,46407.9,26901.667,0.019899999999999807,湖南,纺织,19980527,
600156.SH,华升股份,20091229,5.8123,5.7625,5.8222,5.6431,5.7824,-0.3441,37782.03,21765.727,-0.019899999999999807,湖南,纺织,19980527,
600156.SH,华升股份,20091228,5.6929,5.7824,5.8123,5.6929,5.7028,1.3958,34171.33,19824.902,0.07960000000000012,湖南,纺织,19980527,
600156.SH,华升股份,20091225,5.663,5.7028,5.7625,5.6232,5.663,0.7028,39048.14,22375.825,0.03979999999999961,湖南,纺织,19980527,
600156.SH,华升股份,20091224,5.5237,5.663,5.6829,5.5237,5.5237,2.5219,42228.35,23831.654,0.13930000000000042,湖南,纺织,19980527,
600156.SH,华升股份,20091223,5.4839,5.5237,5.5436,5.4142,5.464,1.0926,29033.85,16009.103,0.05969999999999942,湖南,纺织,19980527,
600156.SH,华升股份,20091222,5.6829,5.464,5.7028,5.454,5.663,-3.514,29207.68,16332.86,-0.19899999999999984,湖南,纺织,19980527,
600156.SH,华升股份,20091221,5.5933,5.663,5.673,5.5038,5.5535,1.9717,28224.92,15858.251,0.1095000000000006,湖南,纺织,19980527,
600156.SH,华升股份,20091218,5.6431,5.5535,5.7227,5.5137,5.7327,-3.1259,42288.05,23816.943,-0.1792000000000007,湖南,纺织,19980527,
600156.SH,华升股份,20091217,5.9516,5.7327,6.0213,5.7128,5.9616,-3.8396,49420.66,28849.721,-0.22889999999999944,湖南,纺织,19980527,
600156.SH,华升股份,20091216,6.0113,5.9616,6.0512,5.872,6.0113,-0.8268,41494.41,24967.191,-0.04970000000000052,湖南,纺织,19980527,
600156.SH,华升股份,20091215,6.0312,6.0113,6.1109,5.9715,6.0611,-0.8216,39778.29,24206.135,-0.0497999999999994,湖南,纺织,19980527,
600156.SH,华升股份,20091214,6.1507,6.0611,6.1805,5.8521,6.1706,-1.7745,58270.81,35081.335,-0.1095000000000006,湖南,纺织,19980527,
600156.SH,华升股份,20091211,6.1805,6.1706,6.2701,6.1208,6.1905,-0.3215,48009.53,29880.182,-0.019899999999999807,湖南,纺织,19980527,
600156.SH,华升股份,20091210,6.1805,6.1905,6.2403,6.1109,6.1606,0.4853,44673.85,27668.996,0.029900000000000482,湖南,纺织,19980527,
600156.SH,华升股份,20091209,6.3,6.1606,6.3597,6.1208,6.3398,-2.8266,84681.18,52989.92,-0.1792000000000007,湖南,纺织,19980527,
600156.SH,华升股份,20091208,6.2701,6.3398,6.4194,6.1208,6.2502,1.4336,132117.79,83770.138,0.0895999999999999,湖南,纺织,19980527,
600156.SH,华升股份,20091207,6.0512,6.2502,6.29,6.0113,6.0512,3.2886,77959.6,48703.676,0.19900000000000073,湖南,纺织,19980527,
600156.SH,华升股份,20091204,6.2701,6.0512,6.4194,5.882,6.3398,-4.5522,125689.03,77854.395,-0.28860000000000063,湖南,纺织,19980527,
600156.SH,华升股份,20091203,6.2303,6.3398,6.3796,6.1507,6.2303,1.7575,109189.22,68975.432,0.1095000000000006,湖南,纺织,19980527,
600156.SH,华升股份,20091202,6.1208,6.2303,6.2701,6.0711,6.1109,1.9539,109323.92,68167.504,0.11939999999999973,湖南,纺织,19980527,
600156.SH,华升股份,20091201,5.872,6.1109,6.1208,5.7924,5.882,3.8915,83669.34,50410.163,0.22890000000000033,湖南,纺织,19980527,
600156.SH,华升股份,20091130,5.5933,5.882,5.9616,5.5933,5.6033,4.9739,74259.45,43207.475,0.2786999999999997,湖南,纺织,19980527,
600156.SH,华升股份,20091127,5.8123,5.6033,5.872,5.5734,5.9218,-5.3784,107311.85,61748.484,-0.3185000000000002,湖南,纺织,19980527,
600156.SH,华升股份,20091126,6.4094,5.9218,6.4294,5.7725,6.3199,-6.2992,161727.15,99722.61,-0.39809999999999945,湖南,纺织,19980527,
600156.SH,华升股份,20091125,6.0014,6.3199,6.3497,5.9218,6.0512,4.4404,143160.56,88644.458,0.26869999999999994,湖南,纺织,19980527,
600156.SH,华升股份,20091124,6.4493,6.0512,6.5985,6.0014,6.5388,-7.457,231250.91,147543.468,-0.4876000000000005,湖南,纺织,19980527,
600156.SH,华升股份,20091123,6.1208,6.5388,6.6583,5.5237,6.1109,7.0022,266589.11,172495.227,0.42790000000000017,湖南,纺织,19980527,
600156.SH,华升股份,20091120,6.0512,6.1109,6.1507,5.9815,6.0512,0.9866,100779.1,61652.48,0.05970000000000031,湖南,纺织,19980527,
600156.SH,华升股份,20091119,5.9616,6.0512,6.1009,5.8919,5.9417,1.8429,93943.52,56520.494,0.10949999999999971,湖南,纺织,19980527,
600156.SH,华升股份,20091118,5.9516,5.9417,5.9715,5.8322,5.9715,-0.499,94638.15,56233.752,-0.029799999999999827,湖南,纺织,19980527,
600156.SH,华升股份,20091117,5.8222,5.9715,6.0312,5.7824,5.8222,2.5643,164856.99,98490.812,0.1493000000000002,湖南,纺织,19980527,
600156.SH,华升股份,20091116,5.7526,5.8222,5.872,5.5535,5.7227,1.7387,120248.27,70145.262,0.09949999999999992,湖南,纺织,19980527,
600156.SH,华升股份,20091113,5.6829,5.7227,5.872,5.5535,5.7128,0.1733,89659.4,51193.104,0.00990000000000002,湖南,纺织,19980527,
600156.SH,华升股份,20091112,5.7824,5.7128,5.8521,5.6829,5.8222,-1.879,113208.11,65697.023,-0.10939999999999994,湖南,纺织,19980527,
600156.SH,华升股份,20091111,5.6033,5.8222,5.8322,5.5635,5.6531,2.9913,149116.99,85696.253,0.16909999999999936,湖南,纺织,19980527,
600156.SH,华升股份,20091110,5.6132,5.6531,5.7128,5.5834,5.6132,0.7108,124354.96,70582.6,0.03990000000000027,湖南,纺织,19980527,
600156.SH,华升股份,20091109,5.6232,5.6132,5.6232,5.4938,5.5933,0.3558,88279.17,49197.352,0.019899999999999807,湖南,纺织,19980527,
600156.SH,华升股份,20091106,5.6132,5.5933,5.7227,5.5734,5.6033,-0.1785,109703.11,62130.331,-0.009999999999999787,湖南,纺织,19980527,
600156.SH,华升股份,20091105,5.5535,5.6033,5.6531,5.5237,5.5535,0.8967,94907.72,53350.799,0.04980000000000029,湖南,纺织,19980527,
600156.SH,华升股份,20091104,5.5635,5.5535,5.6531,5.5137,5.6033,-0.8888,107665.47,60247.803,-0.04980000000000029,湖南,纺织,19980527,
600156.SH,华升股份,20091103,5.4739,5.6033,5.6232,5.4341,5.5933,0.1788,170295.37,94903.837,0.009999999999999787,湖南,纺织,19980527,
600156.SH,华升股份,20091102,5.235,5.5933,5.7028,5.2151,5.1853,7.8684,273640.47,150485.142,0.40800000000000036,湖南,纺织,19980527,
600156.SH,华升股份,20091030,5.0957,5.1853,5.2052,5.036,5.036,2.9647,45670.93,23558.469,0.1493000000000002,湖南,纺织,19980527,
600156.SH,华升股份,20091029,5.0659,5.036,5.1554,4.9962,5.1654,-2.5051,41948.4,21333.417,-0.1294000000000004,湖南,纺织,19980527,
600156.SH,华升股份,20091028,5.1355,5.1654,5.2052,4.9763,5.1455,0.3867,53613.11,27468.049,0.019899999999999807,湖南,纺织,19980527,
600156.SH,华升股份,20091027,5.3744,5.1455,5.3744,5.1256,5.4241,-5.1363,65900.59,34617.381,-0.27859999999999996,湖南,纺织,19980527,
600156.SH,华升股份,20091026,5.3843,5.4241,5.444,5.3346,5.3843,0.7392,48660.35,26298.223,0.0398000000000005,湖南,纺织,19980527,
600156.SH,华升股份,20091023,5.3545,5.3843,5.464,5.3346,5.3545,0.5565,74582.74,40499.725,0.029799999999999827,湖南,纺织,19980527,
600156.SH,华升股份,20091022,5.3445,5.3545,5.4142,5.2749,5.3445,0.1871,62829.07,33751.214,0.009999999999999787,湖南,纺织,19980527,
600156.SH,华升股份,20091021,5.3843,5.3445,5.4341,5.3047,5.3943,-0.9232,69686.92,37601.47,-0.04980000000000029,湖南,纺织,19980527,
600156.SH,华升股份,20091020,5.3047,5.3943,5.4341,5.2948,5.3047,1.6891,83447.63,44956.347,0.0895999999999999,湖南,纺织,19980527,
600156.SH,华升股份,20091019,5.2251,5.3047,5.3346,5.2151,5.245,1.1382,66514.73,35371.175,0.05970000000000031,湖南,纺织,19980527,
600156.SH,华升股份,20091016,5.2848,5.245,5.3047,5.1156,5.245,0.0,57830.82,30204.092,0.0,湖南,纺织,19980527,
600156.SH,华升股份,20091015,5.245,5.245,5.3147,5.1853,5.245,0.0,51881.28,27328.28,0.0,湖南,纺织,19980527,
600156.SH,华升股份,20091014,5.2749,5.245,5.3147,5.1853,5.2649,-0.378,77858.41,41062.147,-0.019899999999999807,湖南,纺织,19980527,
600156.SH,华升股份,20091013,5.1554,5.2649,5.2848,5.0758,5.1554,2.124,83478.94,43635.198,0.10949999999999971,湖南,纺织,19980527,
600156.SH,华升股份,20091012,5.026,5.1554,5.235,4.9962,5.036,2.3709,90157.09,46602.891,0.11940000000000062,湖南,纺织,19980527,
600156.SH,华升股份,20091009,4.8867,5.036,5.0659,4.8768,4.8469,3.9015,73498.24,36704.767,0.18909999999999982,湖南,纺织,19980527,
600156.SH,华升股份,20090930,5.0858,4.8469,5.1554,4.8369,5.0659,-4.323,77859.19,38957.58,-0.2190000000000003,湖南,纺织,19980527,
600156.SH,华升股份,20090929,4.9663,5.0659,5.1554,4.8568,5.0758,-0.195,108600.68,54948.698,-0.00990000000000002,湖南,纺织,19980527,
600156.SH,华升股份,20090928,4.8768,5.0758,5.1256,4.7275,4.8668,4.2944,75586.39,37050.499,0.20900000000000052,湖南,纺织,19980527,
600156.SH,华升股份,20090925,5.036,4.8668,5.1554,4.8071,5.0957,-4.492,82656.47,41130.682,-0.22890000000000033,湖南,纺织,19980527,
600156.SH,华升股份,20090924,5.2649,5.0957,5.2948,4.9862,5.3644,-5.0089,113360.72,58766.007,-0.26869999999999994,湖南,纺织,19980527,
600156.SH,华升股份,20090923,5.1753,5.3644,5.6232,5.1753,5.2749,1.6967,231433.79,126002.585,0.08950000000000014,湖南,纺织,19980527,
600156.SH,华升股份,20090922,5.6232,5.2749,5.6232,5.2549,5.454,-3.2838,230634.36,127029.98,-0.17910000000000004,湖南,纺织,19980527,
600156.SH,华升股份,20090921,4.8768,5.454,5.454,4.8469,4.9564,10.0395,168450.43,89206.325,0.4975999999999994,湖南,纺织,19980527,
600156.SH,华升股份,20090918,5.2251,4.9564,5.2749,4.9365,5.1753,-4.2297,91190.96,46844.723,-0.21889999999999965,湖南,纺织,19980527,
600156.SH,华升股份,20090917,5.1256,5.1753,5.2848,5.1156,5.1156,1.167,83858.42,43857.337,0.05970000000000031,湖南,纺织,19980527,
600156.SH,华升股份,20090916,5.1355,5.1156,5.1753,5.036,5.1753,-1.1536,77086.76,39566.471,-0.05970000000000031,湖南,纺织,19980527,
600156.SH,华升股份,20090915,5.0459,5.1753,5.2151,4.9564,5.0659,2.1595,111523.87,56943.033,0.10939999999999994,湖南,纺织,19980527,
600156.SH,华升股份,20090914,4.8768,5.0659,5.1256,4.8768,4.8768,3.8775,124156.99,62699.58,0.18909999999999982,湖南,纺织,19980527,
600156.SH,华升股份,20090911,4.7772,4.8768,4.8768,4.7772,4.7772,2.0849,53116.4,25838.27,0.09960000000000058,湖南,纺织,19980527,
600156.SH,华升股份,20090910,4.817,4.7772,4.8668,4.7374,4.8967,-2.4404,64473.82,31036.616,-0.11950000000000038,湖南,纺织,19980527,
600156.SH,华升股份,20090909,4.9564,4.8967,5.0559,4.8768,4.8867,0.2046,140354.59,69822.24,0.009999999999999787,湖南,纺织,19980527,
600156.SH,华升股份,20090908,4.7076,4.8867,4.9066,4.6677,4.7573,2.72,77886.88,37523.766,0.1294000000000004,湖南,纺织,19980527,
600156.SH,华升股份,20090907,4.7772,4.7573,4.827,4.6877,4.7374,0.4201,76481.99,36587.1,0.019899999999999807,湖南,纺织,19980527,
600156.SH,华升股份,20090904,4.618,4.7374,4.817,4.5881,4.6478,1.9278,71193.34,33560.088,0.0895999999999999,湖南,纺织,19980527,
600156.SH,华升股份,20090903,4.4687,4.6478,4.6677,4.4289,4.4687,4.0079,65270.84,30063.362,0.17910000000000004,湖南,纺织,19980527,
600156.SH,华升股份,20090902,4.4986,4.4687,4.5185,4.3493,4.4687,0.0,26305.61,11757.644,0.0,湖南,纺织,19980527,
600156.SH,华升股份,20090901,4.4587,4.4687,4.5981,4.4189,4.5384,-1.5358,33872.75,15347.677,-0.0697000000000001,湖南,纺织,19980527,
600156.SH,华升股份,20090831,4.6877,4.5384,4.6877,4.3393,4.7573,-4.6013,68322.78,30769.334,-0.21889999999999965,湖南,纺织,19980527,
600156.SH,华升股份,20090828,4.8768,4.7573,4.9265,4.6877,4.9066,-3.0428,60509.91,29159.762,-0.1493000000000002,湖南,纺织,19980527,
600156.SH,华升股份,20090827,4.7573,4.9066,4.9365,4.7076,4.7772,2.7087,93099.42,45416.01,0.1294000000000004,湖南,纺织,19980527,
600156.SH,华升股份,20090826,4.5782,4.7772,4.827,4.5284,4.608,3.6719,71868.34,34266.571,0.16920000000000002,湖南,纺织,19980527,
600156.SH,华升股份,20090825,4.7673,4.608,4.7673,4.4388,4.7772,-3.5418,71379.8,32810.075,-0.16920000000000002,湖南,纺织,19980527,
600156.SH,华升股份,20090824,4.6777,4.7772,4.827,4.6578,4.7275,1.0513,69012.0,32985.848,0.04969999999999963,湖南,纺织,19980527,
600156.SH,华升股份,20090821,4.5981,4.7275,4.7474,4.5185,4.5881,3.0383,73864.46,34385.48,0.1394000000000002,湖南,纺织,19980527,
600156.SH,华升股份,20090820,4.399,4.5881,4.6379,4.399,4.4388,3.3635,64993.63,29563.555,0.1493000000000002,湖南,纺织,19980527,
600156.SH,华升股份,20090819,4.8668,4.4388,4.8967,4.399,4.8668,-8.7943,87025.23,40351.119,-0.42799999999999994,湖南,纺织,19980527,
600156.SH,华升股份,20090818,4.7275,4.8668,4.9265,4.6379,4.9365,-1.4119,94233.04,45521.394,-0.0697000000000001,湖南,纺织,19980527,
600156.SH,华升股份,20090817,5.3147,4.9365,5.3147,4.9365,5.4839,-9.9819,134170.59,68540.46,-0.5474000000000006,湖南,纺织,19980527,
600156.SH,华升股份,20090814,5.8023,5.4839,6.1706,5.4739,5.9616,-8.0129,212721.96,124980.111,-0.47769999999999957,湖南,纺织,19980527,
600156.SH,华升股份,20090813,5.673,5.9616,6.0611,5.3246,5.7327,3.9929,297344.27,171070.563,0.22889999999999944,湖南,纺织,19980527,
600156.SH,华升股份,20090812,5.9815,5.7327,6.4393,5.7128,5.8521,-2.0403,440342.67,268054.295,-0.11939999999999973,湖南,纺织,19980527,
600156.SH,华升股份,20090811,5.5933,5.8521,5.9616,5.4739,5.6132,4.256,239774.63,138295.596,0.2389000000000001,湖南,纺织,19980527,
600156.SH,华升股份,20090810,5.4739,5.6132,5.6232,5.4341,5.4241,3.4863,144390.35,80297.399,0.18909999999999982,湖南,纺织,19980527,
600156.SH,华升股份,20090807,5.444,5.4241,5.4938,5.2749,5.4241,0.0,85346.53,46412.237,0.0,湖南,纺织,19980527,
600156.SH,华升股份,20090806,5.4938,5.4241,5.5038,5.3047,5.5635,-2.5056,77731.24,42298.253,-0.1394000000000002,湖南,纺织,19980527,
600156.SH,华升股份,20090805,5.663,5.5635,5.6929,5.4142,5.673,-1.9302,133700.69,74718.147,-0.10949999999999971,湖南,纺织,19980527,
600156.SH,华升股份,20090804,5.4739,5.673,5.7227,5.3644,5.444,4.2065,172118.69,96042.671,0.2290000000000001,湖南,纺织,19980527,
600156.SH,华升股份,20090803,5.3545,5.444,5.4839,5.3047,5.3346,2.0508,90015.64,48964.037,0.10939999999999994,湖南,纺织,19980527,
600156.SH,华升股份,20090731,5.1753,5.3346,5.3545,5.1654,5.1753,3.0781,81848.24,43230.374,0.1593,湖南,纺织,19980527,
600156.SH,华升股份,20090730,5.1952,5.1753,5.2848,4.9763,5.1753,0.0,88467.49,45459.086,0.0,湖南,纺织,19980527,
600156.SH,华升股份,20090729,5.5137,5.1753,5.6033,4.9564,5.4938,-5.7974,141879.85,76643.946,-0.3185000000000002,湖南,纺织,19980527,
600156.SH,华升股份,20090728,5.4739,5.4938,5.5137,5.3445,5.464,0.5454,103825.84,56604.534,0.029799999999999827,湖南,纺织,19980527,
600156.SH,华升股份,20090727,5.3147,5.464,5.4839,5.2948,5.2749,3.5849,113060.58,61569.715,0.1891000000000007,湖南,纺织,19980527,
600156.SH,华升股份,20090724,5.3346,5.2749,5.4241,5.1952,5.3147,-0.7489,101259.41,54112.002,-0.0398000000000005,湖南,纺织,19980527,
600156.SH,华升股份,20090723,5.3445,5.3147,5.3843,5.2749,5.3246,-0.1859,81731.47,43733.149,-0.00990000000000002,湖南,纺织,19980527,
600156.SH,华升股份,20090722,5.2549,5.3246,5.3943,5.2549,5.2549,1.3264,67950.94,36257.125,0.0697000000000001,湖南,纺织,19980527,
600156.SH,华升股份,20090721,5.5137,5.2549,5.5535,5.2052,5.4839,-4.1759,110693.96,59925.891,-0.2290000000000001,湖南,纺织,19980527,
600156.SH,华升股份,20090720,5.4341,5.4839,5.5436,5.4341,5.444,0.7329,86324.31,47538.455,0.03990000000000027,湖南,纺织,19980527,
600156.SH,华升股份,20090717,5.4839,5.444,5.5535,5.3644,5.5734,-2.3217,127857.71,70365.679,-0.1294000000000004,湖南,纺织,19980527,
600156.SH,华升股份,20090716,5.3644,5.5734,5.6331,5.3346,5.3545,4.0882,181904.04,99959.931,0.21890000000000054,湖南,纺织,19980527,
600156.SH,华升股份,20090715,5.4241,5.3545,5.4241,5.3246,5.3744,-0.3703,104321.48,56256.943,-0.019899999999999807,湖南,纺织,19980527,
600156.SH,华升股份,20090714,5.3545,5.3744,5.444,5.3147,5.3445,0.5595,103112.92,55747.922,0.029899999999999594,湖南,纺织,19980527,
600156.SH,华升股份,20090713,5.2549,5.3445,5.4341,5.2549,5.2749,1.3195,130890.43,70370.634,0.06960000000000033,湖南,纺织,19980527,
600156.SH,华升股份,20090710,5.3147,5.2749,5.3147,5.2251,5.2749,0.0,103206.37,54658.862,0.0,湖南,纺织,19980527,
600156.SH,华升股份,20090709,5.2151,5.2749,5.3246,5.1753,5.2151,1.1467,106223.43,56137.469,0.059800000000000075,湖南,纺织,19980527,
600156.SH,华升股份,20090708,5.1952,5.2151,5.245,5.0957,5.2151,0.0,80206.4,41670.841,0.0,湖南,纺织,19980527,
600156.SH,华升股份,20090707,5.2052,5.2151,5.3047,5.1753,5.245,-0.5701,116076.89,61039.294,-0.029900000000000482,湖南,纺织,19980527,
600156.SH,华升股份,20090706,5.1355,5.245,5.2549,5.0659,5.1455,1.9337,147127.14,76661.884,0.09949999999999992,湖南,纺织,19980527,
600156.SH,华升股份,20090703,5.0559,5.1455,5.1753,5.036,5.0858,1.1739,104029.45,53442.815,0.05970000000000031,湖南,纺织,19980527,
600156.SH,华升股份,20090702,4.9862,5.0858,5.1256,4.9464,4.9763,2.2004,72410.25,36621.015,0.10949999999999971,湖南,纺织,19980527,
600156.SH,华升股份,20090701,4.9464,4.9763,5.0061,4.9166,4.9663,0.2014,59809.92,29898.035,0.009999999999999787,湖南,纺织,19980527,
600156.SH,华升股份,20090630,5.0858,4.9663,5.1455,4.9265,5.0858,-2.3497,68162.56,34490.701,-0.1194999999999995,湖南,纺织,19980527,
600156.SH,华升股份,20090629,5.036,5.0858,5.1554,5.0161,5.036,0.9889,68293.48,34995.369,0.04980000000000029,湖南,纺织,19980527,
600156.SH,华升股份,20090626,4.9962,5.036,5.0659,4.9862,4.9862,0.9988,54776.25,27695.201,0.0497999999999994,湖南,纺织,19980527,
600156.SH,华升股份,20090625,5.036,4.9862,5.0659,4.9763,5.026,-0.7919,65949.14,33237.88,-0.03979999999999961,湖南,纺织,19980527,
600156.SH,华升股份,20090624,5.1455,5.026,5.1455,4.9763,5.0957,-1.3678,84587.15,42734.245,-0.0697000000000001,湖南,纺织,19980527,
600156.SH,华升股份,20090623,5.036,5.0957,5.1455,4.9564,5.0858,0.1947,57806.0,29493.641,0.00990000000000002,湖南,纺织,19980527,
600156.SH,华升股份,20090622,5.2251,5.0858,5.245,5.0659,5.1952,-2.1058,99345.49,51301.636,-0.10939999999999994,湖南,纺织,19980527,
600156.SH,华升股份,20090619,5.2649,5.1952,5.3943,5.1654,5.2848,-1.6954,138270.96,73025.009,-0.0895999999999999,湖南,纺织,19980527,
600156.SH,华升股份,20090618,5.1256,5.2848,5.3147,5.036,5.1355,2.9072,162286.47,84249.32,0.14929999999999932,湖南,纺织,19980527,
600156.SH,华升股份,20090617,4.9763,5.1355,5.2649,4.8768,5.0061,2.5848,166757.55,85203.631,0.1294000000000004,湖南,纺织,19980527,
600156.SH,华升股份,20090616,4.9464,5.0061,5.0758,4.8967,4.9962,0.1982,72806.9,36410.001,0.00990000000000002,湖南,纺织,19980527,
600156.SH,华升股份,20090615,4.817,4.9962,5.0061,4.817,4.8568,2.8702,76064.46,37682.841,0.1394000000000002,湖南,纺织,19980527,
600156.SH,华升股份,20090612,5.0758,4.8568,5.0858,4.7374,5.0758,-4.3146,113473.45,56068.384,-0.2190000000000003,湖南,纺织,19980527,
600156.SH,华升股份,20090611,4.9763,5.0758,5.1554,4.9365,4.9564,2.409,172989.4,88385.308,0.11939999999999973,湖南,纺织,19980527,
600156.SH,华升股份,20090610,5.0161,4.9564,5.0161,4.8768,4.9962,-0.7966,97436.29,48376.279,-0.03979999999999961,湖南,纺织,19980527,
600156.SH,华升股份,20090609,4.8369,4.9962,5.0559,4.827,4.8369,3.2934,208417.38,103777.584,0.1593,湖南,纺织,19980527,
600156.SH,华升股份,20090608,4.7374,4.8369,4.8469,4.6578,4.7076,2.7466,81884.22,39161.348,0.12929999999999975,湖南,纺织,19980527,
600156.SH,华升股份,20090605,4.7573,4.7076,4.817,4.6777,4.7673,-1.2523,62217.47,29615.365,-0.05969999999999942,湖南,纺织,19980527,
600156.SH,华升股份,20090604,4.8469,4.7673,4.8469,4.6777,4.827,-1.2368,69947.54,33438.447,-0.05970000000000031,湖南,纺织,19980527,
600156.SH,华升股份,20090603,4.827,4.827,4.8768,4.7573,4.827,0.0,76291.01,36905.269,0.0,湖南,纺织,19980527,
600156.SH,华升股份,20090602,4.817,4.827,4.8867,4.7474,4.817,0.2076,104293.43,50486.469,0.009999999999999787,湖南,纺织,19980527,
600156.SH,华升股份,20090601,4.7076,4.817,4.827,4.6578,4.6677,3.1986,83864.18,39995.19,0.1493000000000002,湖南,纺织,19980527,
600156.SH,华升股份,20090527,4.6777,4.6677,4.7772,4.5881,4.7275,-1.2649,66186.83,31015.44,-0.059800000000000075,湖南,纺织,19980527,
600156.SH,华升股份,20090526,4.7673,4.7275,4.8568,4.7175,4.7275,0.0,100137.87,48105.195,0.0,湖南,纺织,19980527,
600156.SH,华升股份,20090525,4.5881,4.7275,4.7474,4.5085,4.6677,1.2811,75289.26,35087.351,0.059800000000000075,湖南,纺织,19980527,
600156.SH,华升股份,20090522,4.6777,4.6677,4.7175,4.5682,4.6777,-0.2138,49393.02,23084.209,-0.009999999999999787,湖南,纺织,19980527,
600156.SH,华升股份,20090521,4.8668,4.6777,4.9166,4.6279,4.8668,-3.8855,114260.99,54663.861,-0.18909999999999982,湖南,纺织,19980527,
600156.SH,华升股份,20090520,4.7772,4.8668,4.9265,4.6777,4.8071,1.2419,117645.16,57139.115,0.05969999999999942,湖南,纺织,19980527,
600156.SH,华升股份,20090519,4.827,4.8071,4.8668,4.6877,4.7971,0.2085,90380.13,43493.937,0.009999999999999787,湖南,纺织,19980527,
600156.SH,华升股份,20090518,4.8369,4.7971,4.8469,4.6379,4.8568,-1.2292,79476.87,37888.701,-0.05969999999999942,湖南,纺织,19980527,
600156.SH,华升股份,20090515,4.9365,4.8568,4.9663,4.7772,4.9166,-1.2163,114239.95,55562.806,-0.059800000000000075,湖南,纺织,19980527,
600156.SH,华升股份,20090514,4.6279,4.9166,4.9265,4.5881,4.7076,4.4396,207378.91,100638.379,0.20899999999999963,湖南,纺织,19980527,
600156.SH,华升股份,20090513,4.5782,4.7076,4.817,4.5483,4.608,2.1615,144453.87,68534.604,0.09960000000000058,湖南,纺织,19980527,
600156.SH,华升股份,20090512,4.399,4.608,4.6379,4.3294,4.4687,3.1172,87976.4,39663.615,0.13929999999999954,湖南,纺织,19980527,
600156.SH,华升股份,20090511,4.6279,4.4687,4.8768,4.4587,4.6379,-3.6482,166383.82,78837.363,-0.16920000000000002,湖南,纺织,19980527,
600156.SH,华升股份,20090508,4.4687,4.6379,4.6777,4.3891,4.4886,3.3262,143589.45,65866.326,0.1493000000000002,湖南,纺织,19980527,
600156.SH,华升股份,20090507,4.6379,4.4886,4.6379,4.409,4.6578,-3.6326,119946.25,54513.95,-0.16920000000000002,湖南,纺织,19980527,
600156.SH,华升股份,20090506,4.5085,4.6578,4.7474,4.409,4.5185,3.0829,155865.0,72049.306,0.13929999999999954,湖南,纺织,19980527,
600156.SH,华升股份,20090505,4.5881,4.5185,4.608,4.4687,4.5881,-1.517,112508.52,51260.169,-0.06959999999999944,湖南,纺织,19980527,
600156.SH,华升股份,20090504,4.5085,4.5881,4.6677,4.4189,4.5483,0.8751,154950.3,70675.021,0.03979999999999961,湖南,纺织,19980527,
600156.SH,华升股份,20090430,4.399,4.5483,4.6478,4.3095,4.4289,2.6959,283718.55,128012.612,0.11940000000000062,湖南,纺织,19980527,
600156.SH,华升股份,20090429,4.0208,4.4289,4.4388,3.981,4.0308,9.8765,154183.23,66232.775,0.39809999999999945,湖南,纺织,19980527,
600156.SH,华升股份,20090428,3.9313,4.0308,4.0407,3.9014,3.9213,2.7924,46606.88,18644.952,0.10950000000000015,湖南,纺织,19980527,
600156.SH,华升股份,20090427,4.1204,3.9213,4.1801,3.9014,4.1104,-4.6005,71494.14,29010.177,-0.18910000000000027,湖南,纺织,19980527,
600156.SH,华升股份,20090424,4.1801,4.1104,4.2298,4.0805,4.1801,-1.6674,54165.92,22630.918,-0.0697000000000001,湖南,纺织,19980527,
600156.SH,华升股份,20090423,4.1403,4.1801,4.2,4.0009,4.1602,0.4783,77132.28,31782.571,0.019900000000000695,湖南,纺织,19980527,
600156.SH,华升股份,20090422,4.4886,4.1602,4.5981,4.1005,4.4986,-7.5223,145050.79,63971.689,-0.33840000000000003,湖南,纺织,19980527,
600156.SH,华升股份,20090421,4.3393,4.4986,4.5185,4.2896,4.3791,2.7289,140710.55,62318.651,0.1194999999999995,湖南,纺织,19980527,
600156.SH,华升股份,20090420,4.2,4.3791,4.4189,4.1801,4.2398,3.2855,100259.52,43628.38,0.13930000000000042,湖南,纺织,19980527,
600156.SH,华升股份,20090417,4.3493,4.2398,4.3592,4.1602,4.409,-3.8376,122068.79,52105.97,-0.16920000000000002,湖南,纺织,19980527,
600156.SH,华升股份,20090416,4.2298,4.409,4.5682,4.1303,4.2099,4.7293,190653.29,83402.483,0.1990999999999996,湖南,纺织,19980527,
600156.SH,华升股份,20090415,4.2,4.2099,4.2298,4.0606,4.2597,-1.1691,100432.21,41945.336,-0.0497999999999994,湖南,纺织,19980527,
600156.SH,华升股份,20090414,4.1005,4.2597,4.3393,4.0507,4.0905,4.1364,161685.78,68380.439,0.16920000000000002,湖南,纺织,19980527,
600156.SH,华升股份,20090413,4.0606,4.0905,4.1204,4.0407,4.0507,0.9825,80100.27,32823.963,0.03979999999999961,湖南,纺织,19980527,
600156.SH,华升股份,20090410,3.9512,4.0507,4.1005,3.9412,3.8616,4.8969,70399.71,28518.432,0.18909999999999982,湖南,纺织,19980527,
600156.SH,华升股份,20090408,4.0308,3.8616,4.0308,3.8616,4.0507,-4.6683,55309.03,21924.286,-0.18909999999999982,湖南,纺织,19980527,
600156.SH,华升股份,20090407,4.0009,4.0507,4.0606,3.981,4.0109,0.9923,46866.98,18899.84,0.03979999999999961,湖南,纺织,19980527,
600156.SH,华升股份,20090403,4.1005,4.0109,4.1104,3.9611,4.0706,-1.4666,60217.52,24332.665,-0.05969999999999942,湖南,纺织,19980527,
600156.SH,华升股份,20090402,4.1204,4.0706,4.1502,4.0507,4.1104,-0.9683,71813.64,29578.062,-0.0398000000000005,湖南,纺织,19980527,
600156.SH,华升股份,20090401,4.0507,4.1104,4.1502,4.0507,4.0606,1.2264,78447.11,32399.235,0.04980000000000029,湖南,纺织,19980527,
600156.SH,华升股份,20090331,4.0507,4.0606,4.0706,3.8715,4.1005,-0.9731,74259.45,29787.252,-0.03990000000000027,湖南,纺织,19980527,
600156.SH,华升股份,20090330,4.1403,4.1005,4.1602,4.0407,4.1204,-0.483,64488.33,26543.93,-0.019899999999999807,湖南,纺织,19980527,
600156.SH,华升股份,20090327,4.1005,4.1204,4.1701,4.0905,4.2199,-2.3579,142490.02,59035.412,-0.09949999999999992,湖南,纺织,19980527,
600156.SH,华升股份,20090326,4.1801,4.2199,4.3493,4.0805,3.981,6.001,280396.49,118241.142,0.2389000000000001,湖南,纺织,19980527,
600156.SH,华升股份,20090325,3.9114,3.981,4.0208,3.8317,3.9114,1.7794,117239.38,46301.143,0.06959999999999988,湖南,纺织,19980527,
600156.SH,华升股份,20090324,3.8616,3.9114,3.991,3.8317,3.8417,1.8143,85488.93,33586.36,0.0697000000000001,湖南,纺织,19980527,
600156.SH,华升股份,20090323,3.7521,3.8417,3.9114,3.7521,3.7621,2.1158,66268.51,25608.825,0.07959999999999967,湖南,纺织,19980527,
600156.SH,华升股份,20090320,3.8417,3.7621,3.8616,3.6725,3.8417,-2.072,59233.74,22408.631,-0.07959999999999967,湖南,纺织,19980527,
600156.SH,华升股份,20090319,3.7919,3.8417,3.8516,3.7422,3.772,1.8478,61192.74,23447.355,0.0697000000000001,湖南,纺织,19980527,
600156.SH,华升股份,20090318,3.7322,3.772,3.8715,3.7123,3.7123,1.6082,79547.07,30338.494,0.059699999999999864,湖南,纺织,19980527,
600156.SH,华升股份,20090317,3.6028,3.7123,3.7322,3.563,3.5929,3.3232,45017.19,16611.811,0.11939999999999973,湖南,纺织,19980527,
600156.SH,华升股份,20090316,3.5133,3.5929,3.6028,3.4834,3.5133,2.2657,24098.06,8576.113,0.07960000000000012,湖南,纺织,19980527,
600156.SH,华升股份,20090313,3.6227,3.5133,3.6526,3.5033,3.6028,-2.4842,37240.2,13380.828,-0.08949999999999969,湖南,纺织,19980527,
600156.SH,华升股份,20090312,3.6128,3.6028,3.6327,3.4336,3.6526,-1.3634,40254.36,14334.48,-0.04980000000000029,湖南,纺织,19980527,
600156.SH,华升股份,20090311,3.7621,3.6526,3.772,3.6128,3.6725,-0.5419,43927.6,16249.206,-0.019899999999999807,湖南,纺织,19980527,
600156.SH,华升股份,20090310,3.4933,3.6725,3.6824,3.4933,3.6128,1.6525,40174.5,14493.561,0.059699999999999864,湖南,纺织,19980527,
600156.SH,华升股份,20090309,3.7521,3.6128,3.8218,3.6028,3.7521,-3.7126,66589.05,24992.968,-0.13929999999999998,湖南,纺织,19980527,
600156.SH,华升股份,20090306,3.7621,3.7521,3.8218,3.6924,3.8218,-1.8237,58778.19,22085.496,-0.0697000000000001,湖南,纺织,19980527,
600156.SH,华升股份,20090305,3.8815,3.8218,3.9313,3.7322,3.7223,2.6731,143750.33,55410.221,0.09949999999999992,湖南,纺织,19980527,
600156.SH,华升股份,20090304,3.3938,3.7223,3.7223,3.3839,3.3839,10.0003,68845.6,25179.306,0.33840000000000003,湖南,纺织,19980527,
600156.SH,华升股份,20090303,3.3042,3.3839,3.4635,3.2644,3.4038,-0.5846,48077.49,16306.637,-0.019899999999999807,湖南,纺织,19980527,
600156.SH,华升股份,20090302,3.2843,3.4038,3.4336,3.2545,3.3142,2.7035,41387.04,14042.342,0.0895999999999999,湖南,纺织,19980527,
600156.SH,华升股份,20090227,3.5829,3.3142,3.5829,3.2744,3.6426,-9.0155,79993.66,27566.733,-0.3283999999999998,湖南,纺织,19980527,
600156.SH,华升股份,20090226,4.0009,3.6426,4.0009,3.6028,4.0009,-8.9555,83515.31,31930.306,-0.35829999999999984,湖南,纺织,19980527,
600156.SH,华升股份,20090225,4.0009,4.0009,4.0905,3.8019,4.0208,-0.4949,102489.51,40572.481,-0.019900000000000695,湖南,纺织,19980527,
600156.SH,华升股份,20090224,4.2398,4.0208,4.3095,4.0009,4.3592,-7.7629,149968.31,62926.433,-0.33840000000000003,湖南,纺织,19980527,
600156.SH,华升股份,20090223,4.2298,4.3592,4.4289,4.1801,4.2298,3.0592,361128.0,156506.025,0.1294000000000004,湖南,纺织,19980527,
600156.SH,华升股份,20090220,3.8317,4.2298,4.2298,3.6924,3.8417,10.1023,251672.64,102788.141,0.3881000000000001,湖南,纺织,19980527,
600156.SH,华升股份,20090219,3.8715,3.8417,3.9213,3.7223,3.8218,0.5207,116260.96,44639.672,0.019899999999999807,湖南,纺织,19980527,
600156.SH,华升股份,20090218,3.5829,3.8218,3.8516,3.5829,3.6824,3.7856,157620.84,59015.704,0.1394000000000002,湖南,纺织,19980527,
600156.SH,华升股份,20090217,3.8616,3.6824,3.8914,3.6625,3.8815,-5.1295,99518.65,37452.736,-0.19910000000000005,湖南,纺织,19980527,
600156.SH,华升股份,20090216,3.8317,3.8815,3.9014,3.7223,3.7322,4.0003,121283.37,46598.825,0.14929999999999977,湖南,纺织,19980527,
600156.SH,华升股份,20090213,3.563,3.7322,3.7521,3.563,3.563,4.7488,117965.84,43464.082,0.16920000000000002,湖南,纺织,19980527,
600156.SH,华升股份,20090212,3.5431,3.563,3.5829,3.3839,3.5431,0.5617,97910.2,34322.746,0.01990000000000025,湖南,纺织,19980527,
600156.SH,华升股份,20090211,3.4834,3.5431,3.6625,3.4336,3.563,-0.5585,140518.75,49987.407,-0.01990000000000025,湖南,纺织,19980527,
600156.SH,华升股份,20090210,3.364,3.563,3.5829,3.354,3.4137,4.3736,123056.73,42907.489,0.1493000000000002,湖南,纺织,19980527,
600156.SH,华升股份,20090209,3.3938,3.4137,3.4535,3.3142,3.3441,2.0813,127239.46,43187.976,0.06959999999999988,湖南,纺织,19980527,
600156.SH,华升股份,20090206,3.2047,3.3441,3.364,3.1749,3.1848,5.0019,110572.25,36564.092,0.1593,湖南,纺织,19980527,
600156.SH,华升股份,20090205,3.2744,3.1848,3.3441,3.1152,3.2644,-2.4384,99828.94,32421.69,-0.07960000000000012,湖南,纺织,19980527,
600156.SH,华升股份,20090204,3.2346,3.2644,3.2843,3.145,3.2047,1.8629,88683.07,28611.192,0.05970000000000031,湖南,纺织,19980527,
600156.SH,华升股份,20090203,3.1251,3.2047,3.2246,3.0753,3.1052,3.2043,103015.4,33006.53,0.09949999999999992,湖南,纺织,19980527,
600156.SH,华升股份,20090202,3.0156,3.1052,3.1052,2.9858,2.9758,4.3484,55407.5,17000.6,0.12939999999999996,湖南,纺织,19980527,
600156.SH,华升股份,20090123,3.0156,2.9758,3.0355,2.9659,3.0057,-0.9948,34813.0,10505.009,-0.029900000000000038,湖南,纺织,19980527,
600156.SH,华升股份,20090122,2.946,3.0057,3.0156,2.9261,2.946,2.0265,35286.96,10533.6,0.059699999999999864,湖南,纺织,19980527,
600156.SH,华升股份,20090121,2.9161,2.946,3.0355,2.9061,2.946,0.0,42060.03,12588.075,0.0,湖南,纺织,19980527,
600156.SH,华升股份,20090120,2.946,2.946,2.9559,2.8564,2.946,0.0,23583.3,6900.097,0.0,湖南,纺织,19980527,
600156.SH,华升股份,20090119,2.9957,2.946,3.0057,2.8962,2.9758,-1.0014,32955.64,9738.336,-0.029799999999999827,湖南,纺织,19980527,
600156.SH,华升股份,20090116,2.9261,2.9758,3.0853,2.9261,2.9261,1.6985,61139.77,18487.289,0.04970000000000008,湖南,纺织,19980527,
600156.SH,华升股份,20090115,2.8564,2.9261,2.9659,2.8464,2.8862,1.3824,45656.61,13347.93,0.039899999999999824,湖南,纺织,19980527,
600156.SH,华升股份,20090114,2.7768,2.8862,2.8962,2.7569,2.7768,3.9398,28700.72,8224.392,0.10939999999999994,湖南,纺织,19980527,
600156.SH,华升股份,20090113,2.8265,2.7768,2.8464,2.7469,2.8663,-3.1225,23515.74,6608.36,-0.08949999999999969,湖南,纺织,19980527,
600156.SH,华升股份,20090112,2.8365,2.8663,2.9061,2.8265,2.8365,1.0506,33785.19,9732.729,0.029799999999999827,湖南,纺织,19980527,
600156.SH,华升股份,20090109,2.737,2.8365,2.8464,2.737,2.7469,3.2619,24330.53,6870.728,0.0895999999999999,湖南,纺织,19980527,
600156.SH,华升股份,20090108,2.8166,2.7469,2.8166,2.6872,2.8663,-4.1656,23201.82,6455.019,-0.11939999999999973,湖南,纺织,19980527,
600156.SH,华升股份,20090107,2.8564,2.8663,2.9161,2.8265,2.8962,-1.0324,36197.47,10432.963,-0.029900000000000038,湖南,纺织,19980527,
600156.SH,华升股份,20090106,2.8166,2.8962,2.9061,2.7768,2.6673,8.5817,49317.92,14050.192,0.22889999999999988,湖南,纺织,19980527,
600156.SH,华升股份,20081231,2.7569,2.6673,2.7668,2.6573,2.7469,-2.8978,14986.68,4069.498,-0.07960000000000012,湖南,纺织,19980527,
600156.SH,华升股份,20081230,2.727,2.7469,2.8763,2.7071,2.7469,0.0,25773.48,7193.721,0.0,湖南,纺织,19980527,
600156.SH,华升股份,20081229,2.8365,2.7469,2.8365,2.6772,2.8464,-3.4956,24577.96,6711.499,-0.09949999999999992,湖南,纺织,19980527,
600156.SH,华升股份,20081226,2.8862,2.8464,2.8862,2.8166,2.8763,-1.0395,13860.35,3971.255,-0.029900000000000038,湖南,纺织,19980527,
600156.SH,华升股份,20081225,2.8663,2.8763,2.936,2.7867,2.8464,1.0504,30198.17,8678.534,0.029900000000000038,湖南,纺织,19980527,
600156.SH,华升股份,20081224,2.8962,2.8464,2.936,2.8166,2.9161,-2.3902,34867.85,10036.628,-0.0697000000000001,湖南,纺织,19980527,
600156.SH,华升股份,20081223,3.1649,2.9161,3.2346,2.8962,3.2047,-9.0055,66906.14,20525.291,-0.28859999999999975,湖南,纺织,19980527,
600156.SH,华升股份,20081222,3.1649,3.2047,3.2147,3.0654,3.155,1.5753,55495.46,17459.161,0.04970000000000008,湖南,纺织,19980527,
600156.SH,华升股份,20081219,3.2047,3.155,3.2246,3.1351,3.2246,-2.1584,69567.98,22208.854,-0.06960000000000033,湖南,纺织,19980527,
600156.SH,华升股份,20081218,3.0853,3.2246,3.2545,3.0853,3.145,2.531,152672.0,48693.945,0.07960000000000012,湖南,纺织,19980527,
600156.SH,华升股份,20081217,2.9161,3.145,3.2047,2.8962,2.9161,7.8495,128171.78,39880.423,0.22889999999999988,湖南,纺织,19980527,
600156.SH,华升股份,20081216,2.8464,2.9161,2.9261,2.7967,2.8962,0.6871,23865.63,6849.746,0.01990000000000025,湖南,纺织,19980527,
600156.SH,华升股份,20081215,2.8862,2.8962,2.9261,2.7867,2.8464,1.7496,22624.54,6528.423,0.049799999999999844,湖南,纺织,19980527,
600156.SH,华升股份,20081212,3.0057,2.8464,3.0355,2.7867,3.0355,-6.2296,55839.07,16302.513,-0.18909999999999982,湖南,纺织,19980527,
600156.SH,华升股份,20081211,3.1749,3.0355,3.1749,3.0256,3.1749,-4.3907,51245.48,15945.27,-0.1394000000000002,湖南,纺织,19980527,
600156.SH,华升股份,20081210,3.0455,3.1749,3.1749,3.0156,3.0654,3.5721,64796.49,20268.532,0.10950000000000015,湖南,纺织,19980527,
600156.SH,华升股份,20081209,3.1848,3.0654,3.2047,3.0355,3.2147,-4.6443,67798.13,21196.339,-0.1493000000000002,湖南,纺织,19980527,
600156.SH,华升股份,20081208,3.2445,3.2147,3.2445,3.1251,3.1251,2.8671,99799.78,31884.174,0.0895999999999999,湖南,纺织,19980527,
600156.SH,华升股份,20081205,2.9858,3.1251,3.1351,2.9559,2.9659,5.3677,85940.68,26461.274,0.15920000000000023,湖南,纺织,19980527,
600156.SH,华升股份,20081204,3.0554,2.9659,3.1251,2.9659,3.0256,-1.9732,77352.64,23832.029,-0.059699999999999864,湖南,纺织,19980527,
600156.SH,华升股份,20081203,2.9559,3.0256,3.0355,2.946,2.9261,3.4004,67257.69,20269.49,0.09949999999999992,湖南,纺织,19980527,
600156.SH,华升股份,20081202,2.7867,2.9261,3.0156,2.7768,2.8763,1.7314,50732.56,14876.143,0.049799999999999844,湖南,纺织,19980527,
600156.SH,华升股份,20081201,2.7768,2.8763,2.8763,2.6971,2.7569,4.331,32869.89,9261.829,0.11940000000000017,湖南,纺织,19980527,
600156.SH,华升股份,20081128,2.8862,2.7569,2.9161,2.7469,2.936,-6.1001,43849.83,12450.131,-0.17910000000000004,湖南,纺织,19980527,
600156.SH,华升股份,20081127,3.0853,2.936,3.1052,2.9161,2.9061,1.0289,86629.7,26091.517,0.029900000000000038,湖南,纺织,19980527,
600156.SH,华升股份,20081126,2.936,2.9061,2.9858,2.8464,2.9559,-1.6848,62468.37,18394.501,-0.04980000000000029,湖南,纺织,19980527,
600156.SH,华升股份,20081125,2.8564,2.9559,3.0355,2.7967,2.8365,4.2094,89559.74,26569.616,0.11940000000000017,湖南,纺织,19980527,
600156.SH,华升股份,20081124,2.9758,2.8365,3.0057,2.8365,2.936,-3.389,45512.99,13330.447,-0.09949999999999992,湖南,纺织,19980527,
600156.SH,华升股份,20081121,3.0753,2.936,3.1351,2.8365,3.155,-6.9414,88535.23,26520.184,-0.21899999999999986,湖南,纺织,19980527,
600156.SH,华升股份,20081120,3.1848,3.155,3.2843,3.0156,3.0853,2.2591,193612.92,61590.578,0.06969999999999965,湖南,纺织,19980527,
600156.SH,华升股份,20081119,2.7668,3.0853,3.0853,2.717,2.8066,9.9302,116239.85,34644.491,0.27870000000000017,湖南,纺织,19980527,
600156.SH,华升股份,20081118,3.1052,2.8066,3.145,2.737,2.9659,-5.3711,172874.17,52138.983,-0.1593,湖南,纺织,19980527,
600156.SH,华升股份,20081117,2.8663,2.9659,3.145,2.7668,2.8763,3.1151,124217.66,36869.278,0.0895999999999999,湖南,纺织,19980527,
600156.SH,华升股份,20081114,2.7867,2.8763,2.9261,2.7469,2.8166,2.1196,116994.0,33414.79,0.059699999999999864,湖南,纺织,19980527,
600156.SH,华升股份,20081113,2.7469,2.8166,2.946,2.6673,2.7469,2.5374,160993.19,45669.601,0.0697000000000001,湖南,纺织,19980527,
600156.SH,华升股份,20081112,2.4483,2.7469,2.7469,2.4483,2.4981,9.9596,136671.68,36784.935,0.24880000000000013,湖南,纺织,19980527,
600156.SH,华升股份,20081111,2.3787,2.4981,2.5479,2.3488,2.4284,2.8702,47477.69,11697.951,0.0697000000000001,湖南,纺织,19980527,
600156.SH,华升股份,20081110,2.2692,2.4284,2.4384,2.2692,2.2493,7.9625,27999.02,6651.635,0.17910000000000004,湖南,纺织,19980527,
600156.SH,华升股份,20081107,2.1697,2.2493,2.2791,2.1099,2.1995,2.2642,12880.59,2889.603,0.049799999999999844,湖南,纺织,19980527,
600156.SH,华升股份,20081106,2.2393,2.1995,2.2393,2.1398,2.2493,-2.214,8217.33,1802.679,-0.049799999999999844,湖南,纺织,19980527,
600156.SH,华升股份,20081105,2.1597,2.2493,2.2592,2.1597,2.1597,4.1487,12512.04,2795.137,0.0895999999999999,湖南,纺织,19980527,
600156.SH,华升股份,20081104,2.2194,2.1597,2.2194,2.1099,2.2393,-3.5547,8263.11,1790.394,-0.07960000000000012,湖南,纺织,19980527,
600156.SH,华升股份,20081103,2.2194,2.2393,2.2791,2.2194,2.2393,0.0,6035.89,1364.188,0.0,湖南,纺织,19980527,
600156.SH,华升股份,20081031,2.2791,2.2393,2.2891,2.2095,2.2493,-0.4446,5725.73,1296.533,-0.009999999999999787,湖南,纺织,19980527,
600156.SH,华升股份,20081030,2.2294,2.2493,2.299,2.2095,2.2294,0.8926,9832.98,2235.251,0.019899999999999807,湖南,纺织,19980527,
600156.SH,华升股份,20081029,2.3588,2.2294,2.3687,2.2194,2.3289,-4.2724,13303.04,3078.189,-0.09949999999999992,湖南,纺织,19980527,
600156.SH,华升股份,20081028,2.2294,2.3289,2.3687,2.1896,2.2393,4.0013,12483.18,2868.007,0.0895999999999999,湖南,纺织,19980527,
600156.SH,华升股份,20081027,2.4881,2.2393,2.4881,2.2393,2.4881,-9.9996,14195.09,3361.402,-0.24880000000000013,湖南,纺织,19980527,
600156.SH,华升股份,20081024,2.6673,2.4881,2.6673,2.4682,2.6275,-5.3054,19460.81,4966.005,-0.13939999999999975,湖南,纺织,19980527,
600156.SH,华升股份,20081023,2.5678,2.6275,2.6573,2.5479,2.6673,-1.4921,11642.38,3043.439,-0.03980000000000006,湖南,纺织,19980527,
600156.SH,华升股份,20081022,2.7071,2.6673,2.7967,2.6573,2.6971,-1.1049,22680.48,6259.387,-0.029799999999999827,湖南,纺织,19980527,
600156.SH,华升股份,20081021,2.7768,2.6971,2.7867,2.6673,2.7768,-2.8702,23592.2,6467.617,-0.07970000000000033,湖南,纺织,19980527,
600156.SH,华升股份,20081020,2.717,2.7768,2.8365,2.5678,2.717,2.201,22252.99,6022.985,0.059800000000000075,湖南,纺织,19980527,
600156.SH,华升股份,20081017,2.7569,2.717,2.8166,2.6872,2.7569,-1.4473,27761.93,7642.932,-0.039899999999999824,湖南,纺织,19980527,
600156.SH,华升股份,20081016,2.727,2.7569,2.9559,2.6275,2.8166,-2.1196,63818.7,17876.054,-0.05970000000000031,湖南,纺织,19980527,
600156.SH,华升股份,20081015,2.518,2.8166,2.8265,2.508,2.5678,9.6892,42897.44,11768.709,0.24880000000000013,湖南,纺织,19980527,
600156.SH,华升股份,20081014,2.7071,2.5678,2.8265,2.5578,2.6474,-3.0067,15910.99,4276.986,-0.07960000000000012,湖南,纺织,19980527,
600156.SH,华升股份,20081013,2.5777,2.6474,2.6573,2.3886,2.5678,3.0999,13952.46,3512.622,0.07960000000000012,湖南,纺织,19980527,
600156.SH,华升股份,20081010,2.6872,2.5678,2.727,2.5678,2.7867,-7.8552,17187.92,4538.07,-0.2189000000000001,湖南,纺织,19980527,
600156.SH,华升股份,20081009,2.8962,2.7867,2.9261,2.7569,2.8265,-1.4081,10472.19,2996.002,-0.03979999999999961,湖南,纺织,19980527,
600156.SH,华升股份,20081008,2.8862,2.8265,2.9559,2.7867,2.9758,-5.0171,17239.48,4952.029,-0.1493000000000002,湖南,纺织,19980527,
600156.SH,华升股份,20081007,2.9758,2.9758,3.0156,2.8365,3.0455,-2.2886,14621.7,4325.75,-0.0697000000000001,湖南,纺织,19980527,
600156.SH,华升股份,20081006,3.0952,3.0455,3.1351,2.9858,3.0952,-1.6057,18223.29,5572.85,-0.04970000000000008,湖南,纺织,19980527,
600156.SH,华升股份,20080926,3.0952,3.0952,3.1251,3.0057,3.0952,0.0,20894.17,6426.652,0.0,湖南,纺织,19980527,
600156.SH,华升股份,20080925,3.0355,3.0952,3.2246,2.9957,3.0057,2.9777,35071.04,10962.931,0.08950000000000014,湖南,纺织,19980527,
600156.SH,华升股份,20080924,2.8763,3.0057,3.0156,2.8663,2.9559,1.6848,16741.33,4970.309,0.049799999999999844,湖南,纺织,19980527,
600156.SH,华升股份,20080923,3.0753,2.9559,3.0853,2.9559,3.1749,-6.8979,34128.4,10356.625,-0.21899999999999986,湖南,纺织,19980527,
600156.SH,华升股份,20080922,3.3042,3.1749,3.354,3.0853,3.0455,4.2489,66707.28,21694.333,0.12939999999999996,湖南,纺织,19980527,
600156.SH,华升股份,20080919,3.0455,3.0455,3.0455,2.9858,2.7668,10.073,16469.39,5028.946,0.27870000000000017,湖南,纺织,19980527,
600156.SH,华升股份,20080918,2.7867,2.7668,2.8564,2.5578,2.8365,-2.4573,25650.6,6870.25,-0.0697000000000001,湖南,纺织,19980527,
600156.SH,华升股份,20080917,2.9559,2.8365,3.0355,2.8066,2.9559,-4.0394,12522.93,3696.953,-0.11940000000000017,湖南,纺织,19980527,
600156.SH,华升股份,20080916,3.0654,2.9559,3.0753,2.936,3.0554,-3.2565,14315.5,4296.814,-0.09949999999999992,湖南,纺织,19980527,
600156.SH,华升股份,20080912,3.0355,3.0554,3.1649,3.0156,3.0355,0.6556,14496.99,4500.188,0.01990000000000025,湖南,纺织,19980527,
600156.SH,华升股份,20080911,3.0654,3.0355,3.1152,2.9858,3.0952,-1.9288,17470.91,5324.811,-0.05970000000000031,湖南,纺织,19980527,
600156.SH,华升股份,20080910,3.0355,3.0952,3.2246,2.9659,3.0455,1.6319,19405.87,6059.881,0.04970000000000008,湖南,纺织,19980527,
600156.SH,华升股份,20080909,2.9858,3.0455,3.0853,2.9858,2.9957,1.6624,11579.94,3521.829,0.04980000000000029,湖南,纺织,19980527,
600156.SH,华升股份,20080908,3.0355,2.9957,3.2246,2.946,3.0654,-2.2738,18360.07,5652.997,-0.0697000000000001,湖南,纺织,19980527,
600156.SH,华升股份,20080905,3.1848,3.0654,3.2346,3.0455,3.3142,-7.5071,24728.34,7829.048,-0.24880000000000013,湖南,纺织,19980527,
600156.SH,华升股份,20080904,3.354,3.3142,3.3938,3.2445,3.364,-1.4804,22868.8,7612.908,-0.049799999999999844,湖南,纺织,19980527,
600156.SH,华升股份,20080903,3.3341,3.364,3.3739,3.155,3.2644,3.0511,38089.86,12536.387,0.09959999999999969,湖南,纺织,19980527,
600156.SH,华升股份,20080902,3.1649,3.2644,3.3242,3.0853,3.1351,4.1243,31918.34,10431.354,0.1293000000000002,湖南,纺织,19980527,
600156.SH,华升股份,20080901,3.1848,3.1351,3.2346,3.0952,3.2445,-3.3719,13998.94,4407.815,-0.10939999999999994,湖南,纺织,19980527,
600156.SH,华升股份,20080829,3.155,3.2445,3.3441,3.1351,3.145,3.1638,21343.37,6938.723,0.09949999999999992,湖南,纺织,19980527,
600156.SH,华升股份,20080828,3.155,3.145,3.2445,3.0753,3.1649,-0.6288,15496.89,4931.338,-0.019899999999999807,湖南,纺织,19980527,
600156.SH,华升股份,20080827,3.0455,3.1649,3.2744,3.0455,3.0355,4.2629,27311.23,8704.74,0.12939999999999996,湖南,纺织,19980527,
600156.SH,华升股份,20080826,3.1948,3.0355,3.2147,2.9957,3.2545,-6.7291,20051.49,6259.856,-0.2190000000000003,湖南,纺织,19980527,
600156.SH,华升股份,20080825,3.2843,3.2545,3.3839,3.1848,3.3142,-1.8013,19828.28,6557.295,-0.059699999999999864,湖南,纺织,19980527,
600156.SH,华升股份,20080822,3.3142,3.3142,3.3938,3.145,3.354,-1.1866,34598.69,11299.743,-0.03980000000000006,湖南,纺织,19980527,
600156.SH,华升股份,20080821,3.3341,3.354,3.6327,3.2644,3.3242,0.8965,79556.27,27543.078,0.02980000000000027,湖南,纺织,19980527,
600156.SH,华升股份,20080820,2.9858,3.3242,3.3242,2.936,3.0256,9.8691,41429.72,13578.437,0.2986,湖南,纺织,19980527,
600156.SH,华升股份,20080819,3.0256,3.0256,3.0654,2.9559,3.0057,0.6621,8571.36,2594.964,0.019899999999999807,湖南,纺织,19980527,
600156.SH,华升股份,20080818,3.2843,3.0057,3.3341,2.9858,3.2744,-8.2061,16208.27,5005.225,-0.26869999999999994,湖南,纺织,19980527,
600156.SH,华升股份,20080815,3.2246,3.2744,3.3341,3.2147,3.2644,0.3063,6284.28,2079.826,0.009999999999999787,湖南,纺织,19980527,
600156.SH,华升股份,20080814,3.2047,3.2644,3.3142,3.1749,3.2644,0.0,6674.09,2193.182,0.0,湖南,纺织,19980527,
600156.SH,华升股份,20080813,3.2644,3.2644,3.2843,3.1052,3.2843,-0.6059,12060.92,3883.2,-0.019899999999999807,湖南,纺织,19980527,
600156.SH,华升股份,20080812,3.2744,3.2843,3.3242,3.1649,3.2843,0.0,10357.59,3401.59,0.0,湖南,纺织,19980527,
600156.SH,华升股份,20080811,3.6526,3.2843,3.6526,3.2843,3.6526,-10.0832,23789.78,8083.644,-0.36830000000000007,湖南,纺织,19980527,
600156.SH,华升股份,20080808,4.0009,3.6526,4.0009,3.6327,3.991,-8.4791,19287.07,7408.237,-0.33840000000000003,湖南,纺织,19980527,
600156.SH,华升股份,20080807,3.9611,3.991,4.0308,3.8317,3.9512,1.0073,17851.54,7083.544,0.03980000000000006,湖南,纺织,19980527,
600156.SH,华升股份,20080806,3.8914,3.9512,4.0308,3.8914,3.9114,1.0175,10519.71,4175.244,0.03980000000000006,湖南,纺织,19980527,
600156.SH,华升股份,20080805,3.981,3.9114,4.0706,3.8815,3.9711,-1.5034,12098.75,4839.762,-0.059699999999999864,湖南,纺织,19980527,
600156.SH,华升股份,20080804,4.1801,3.9711,4.2298,3.9611,4.2298,-6.1161,24664.47,10105.002,-0.25870000000000015,湖南,纺织,19980527,
600156.SH,华升股份,20080801,4.2199,4.2298,4.3393,4.1204,4.1005,3.1533,36208.41,15390.526,0.12929999999999975,湖南,纺织,19980527,
600156.SH,华升股份,20080731,4.4289,4.1005,4.4587,4.0905,4.4289,-7.4149,28624.57,12214.748,-0.32839999999999936,湖南,纺织,19980527,
600156.SH,华升股份,20080730,4.4787,4.4289,4.6279,4.399,4.3891,0.9068,58175.06,26322.115,0.03979999999999961,湖南,纺织,19980527,
600156.SH,华升股份,20080729,4.3095,4.3891,4.409,4.2696,4.3791,0.2284,22421.24,9771.142,0.009999999999999787,湖南,纺织,19980527,
600156.SH,华升股份,20080728,4.2896,4.3791,4.4189,4.2896,4.2896,2.0864,22184.05,9735.282,0.08950000000000014,湖南,纺织,19980527,
600156.SH,华升股份,20080725,4.3095,4.2896,4.3692,4.2696,4.3791,-2.0438,16270.24,7041.638,-0.08950000000000014,湖南,纺织,19980527,
600156.SH,华升股份,20080724,4.2696,4.3791,4.409,4.2696,4.2497,3.0449,25811.46,11292.683,0.1294000000000004,湖南,纺织,19980527,
600156.SH,华升股份,20080723,4.2896,4.2497,4.3493,4.2199,4.2796,-0.6987,18965.17,8149.003,-0.029900000000000482,湖南,纺织,19980527,
600156.SH,华升股份,20080722,4.2696,4.2796,4.3692,4.2597,4.3194,-0.9214,19422.82,8407.809,-0.03979999999999961,湖南,纺织,19980527,
600156.SH,华升股份,20080721,4.1005,4.3194,4.3294,4.1005,4.1502,4.0769,28234.72,12048.988,0.16920000000000002,湖南,纺织,19980527,
600156.SH,华升股份,20080718,3.991,4.1502,4.19,3.9014,3.9512,5.0364,24070.58,9792.391,0.19899999999999984,湖南,纺织,19980527,
600156.SH,华升股份,20080717,4.0208,3.9512,4.1204,3.9114,3.9611,-0.2499,19598.1,7913.503,-0.00990000000000002,湖南,纺织,19980527,
600156.SH,华升股份,20080716,4.1801,3.9611,4.2298,3.8417,4.1701,-5.0119,22973.47,9251.202,-0.20899999999999963,湖南,纺织,19980527,
600156.SH,华升股份,20080715,4.3891,4.1701,4.4687,4.1005,4.3891,-4.9896,32745.72,14098.927,-0.2190000000000003,湖南,纺织,19980527,
600156.SH,华升股份,20080714,4.2099,4.3891,4.4189,4.1801,4.2497,3.2802,30016.99,12990.235,0.1394000000000002,湖南,纺织,19980527,
600156.SH,华升股份,20080711,4.3493,4.2497,4.3791,4.1005,4.3294,-1.8409,29247.76,12460.242,-0.07969999999999988,湖南,纺织,19980527,
600156.SH,华升股份,20080710,4.2796,4.3294,4.5284,4.2199,4.3791,-1.1349,42185.85,18590.807,-0.04970000000000052,湖南,纺织,19980527,
600156.SH,华升股份,20080709,4.2796,4.3791,4.4289,4.2497,4.2099,4.0191,46706.29,20373.446,0.16920000000000002,湖南,纺织,19980527,
600156.SH,华升股份,20080707,3.981,4.2099,4.2796,3.981,4.0308,4.4433,32204.44,13477.818,0.17910000000000004,湖南,纺织,19980527,
600156.SH,华升股份,20080704,3.981,4.0308,4.1005,3.981,4.0208,0.2487,22455.81,9095.328,0.009999999999999787,湖南,纺织,19980527,
600156.SH,华升股份,20080703,3.8218,4.0208,4.1005,3.7024,3.8914,3.3253,25947.23,10353.81,0.1294000000000004,湖南,纺织,19980527,
600156.SH,华升股份,20080702,3.9313,3.8914,3.981,3.8317,3.8317,1.5581,11670.32,4589.371,0.059699999999999864,湖南,纺织,19980527,
600156.SH,华升股份,20080701,3.9014,3.8317,3.981,3.7919,3.9114,-2.0376,8868.87,3446.541,-0.07969999999999988,湖南,纺织,19980527,
600156.SH,华升股份,20080630,3.7919,3.9114,3.981,3.782,3.8914,0.514,15472.84,6037.939,0.020000000000000018,湖南,纺织,19980527,
600156.SH,华升股份,20080627,4.0606,3.8914,4.1303,3.8019,4.2,-7.3476,30704.0,12234.369,-0.3086000000000002,湖南,纺织,19980527,
600156.SH,华升股份,20080626,4.2796,4.2,4.3791,4.0805,4.2,0.0,53935.32,23089.612,0.0,湖南,纺织,19980527,
600156.SH,华升股份,20080625,3.9711,4.2,4.3493,3.8815,3.9512,6.2968,45758.78,19184.309,0.24880000000000013,湖南,纺织,19980527,
600156.SH,华升股份,20080624,3.8118,3.9512,4.0606,3.7621,3.8118,3.6571,19421.29,7656.007,0.1394000000000002,湖南,纺织,19980527,
600156.SH,华升股份,20080623,3.8118,3.8118,3.9213,3.6824,3.8417,-0.7783,17387.87,6664.112,-0.029900000000000038,湖南,纺织,19980527,
600156.SH,华升股份,20080620,3.7322,3.8417,4.0308,3.5033,3.6625,4.8928,28727.27,11075.093,0.1791999999999998,湖南,纺织,19980527,
600156.SH,华升股份,20080619,3.991,3.6625,4.0706,3.6625,4.0706,-10.0255,22168.79,8610.522,-0.4080999999999997,湖南,纺织,19980527,
600156.SH,华升股份,20080618,3.8417,4.0706,4.1502,3.6824,3.8317,6.2348,25263.78,10080.172,0.23889999999999967,湖南,纺织,19980527,
600156.SH,华升股份,20080617,4.2,3.8317,4.2597,3.7919,4.2,-8.769,23937.41,9596.727,-0.36830000000000007,湖南,纺织,19980527,
600156.SH,华升股份,20080616,4.2796,4.2,4.3891,4.0905,4.2796,-1.86,14772.74,6318.728,-0.07960000000000012,湖南,纺织,19980527,
600156.SH,华升股份,20080613,4.5682,4.2796,4.6478,4.2597,4.5583,-6.1141,17018.29,7617.955,-0.2786999999999997,湖南,纺织,19980527,
600156.SH,华升股份,20080612,4.5583,4.5583,4.7076,4.4289,4.6379,-1.7163,19121.11,8762.812,-0.07960000000000012,湖南,纺织,19980527,
600156.SH,华升股份,20080611,4.5782,4.6379,4.7275,4.5085,4.7772,-2.9159,21203.66,9862.484,-0.13929999999999954,湖南,纺织,19980527,
600156.SH,华升股份,20080610,5.1156,4.7772,5.1156,4.7772,5.3047,-9.944,22810.67,11200.996,-0.5275000000000007,湖南,纺织,19980527,
600156.SH,华升股份,20080606,5.3843,5.3047,5.464,5.2549,5.4739,-3.091,19650.2,10573.998,-0.16920000000000002,湖南,纺织,19980527,
600156.SH,华升股份,20080605,5.3843,5.4739,5.6431,5.2749,5.3744,1.8514,32867.92,18149.824,0.09950000000000081,湖南,纺织,19980527,
600156.SH,华升股份,20080604,5.5237,5.3744,5.5535,5.2649,5.6331,-4.5925,28434.98,15394.593,-0.25870000000000015,湖南,纺织,19980527,
600156.SH,华升股份,20080603,5.5237,5.6331,5.7625,5.4042,5.6132,0.3545,49826.45,27824.336,0.019899999999999807,湖南,纺织,19980527,
600156.SH,华升股份,20080602,5.8621,5.6132,5.8919,5.5834,5.7227,-1.9134,91788.09,52742.413,-0.10949999999999971,湖南,纺织,19980527,
600156.SH,华升股份,20080530,5.2052,5.7227,5.7227,5.1853,5.2052,9.942,61399.91,34313.69,0.5175000000000001,湖南,纺织,19980527,
600156.SH,华升股份,20080529,5.3943,5.2052,5.3943,5.1952,5.4042,-3.6823,17899.7,9525.98,-0.19900000000000073,湖南,纺织,19980527,
600156.SH,华升股份,20080528,5.2649,5.4042,5.5237,5.1654,5.245,3.0353,25670.96,13777.934,0.15920000000000023,湖南,纺织,19980527,
600156.SH,华升股份,20080527,5.1256,5.245,5.2749,5.1256,5.1554,1.738,16018.95,8374.949,0.0895999999999999,湖南,纺织,19980527,
600156.SH,华升股份,20080526,5.3744,5.1554,5.4042,5.1355,5.454,-5.4749,22736.18,11988.709,-0.29859999999999953,湖南,纺织,19980527,
600156.SH,华升股份,20080523,5.444,5.454,5.5635,5.3147,5.454,0.0,24349.56,13375.081,0.0,湖南,纺织,19980527,
600156.SH,华升股份,20080522,5.3744,5.454,5.6331,5.3047,5.4341,0.3662,27296.6,15084.732,0.019899999999999807,湖南,纺织,19980527,
600156.SH,华升股份,20080521,5.3246,5.4341,5.5137,5.1554,5.3644,1.2993,34818.93,18551.503,0.0697000000000001,湖南,纺织,19980527,
600156.SH,华升股份,20080520,5.872,5.3644,5.9914,5.3246,5.9118,-9.2594,35347.42,20131.441,-0.5474000000000006,湖南,纺织,19980527,
600156.SH,华升股份,20080519,5.9516,5.9118,5.9815,5.8322,5.9715,-0.9997,18504.24,10957.984,-0.05969999999999942,湖南,纺织,19980527,
600156.SH,华升股份,20080516,6.0512,5.9715,6.1208,5.8322,6.0611,-1.4783,49458.52,29675.494,-0.0895999999999999,湖南,纺织,19980527,
600156.SH,华升股份,20080515,6.2701,6.0611,6.3398,6.0412,6.1407,-1.2963,130679.47,81779.224,-0.07960000000000012,湖南,纺织,19980527,
600156.SH,华升股份,20080514,5.9715,6.1407,6.2701,5.9516,6.0213,1.983,90242.77,55657.918,0.11939999999999973,湖南,纺织,19980527,
600156.SH,华升股份,20080513,5.7227,6.0213,6.0512,5.6132,5.882,2.3682,67100.63,39456.931,0.13930000000000042,湖南,纺织,19980527,
600156.SH,华升股份,20080512,5.6132,5.882,5.9715,5.3545,5.6929,3.3217,49691.11,28198.613,0.18909999999999982,湖南,纺织,19980527,
600156.SH,华升股份,20080509,5.8521,5.6929,5.9317,5.5336,5.8621,-2.8863,33886.99,19487.64,-0.16920000000000002,湖南,纺织,19980527,
600156.SH,华升股份,20080508,5.6331,5.8621,5.8919,5.6232,5.7725,1.5522,30691.41,17743.911,0.0895999999999999,湖南,纺织,19980527,
600156.SH,华升股份,20080507,6.1009,5.7725,6.2104,5.7625,6.2104,-7.0511,51923.37,31247.796,-0.43789999999999996,湖南,纺织,19980527,
600156.SH,华升股份,20080506,6.1507,6.2104,6.3696,5.9914,6.1706,0.645,68907.93,42735.638,0.03979999999999961,湖南,纺织,19980527,
600156.SH,华升股份,20080505,6.2502,6.1706,6.29,5.9715,6.1407,0.4869,57328.0,35213.035,0.029900000000000482,湖南,纺织,19980527,
600156.SH,华升股份,20080430,5.7227,6.1407,6.1507,5.7227,5.8521,4.9316,73337.61,43957.514,0.28859999999999975,湖南,纺织,19980527,
600156.SH,华升股份,20080429,5.5933,5.8521,5.872,5.5933,5.6829,2.9774,47857.55,27578.378,0.16920000000000002,湖南,纺织,19980527,
600156.SH,华升股份,20080428,5.8222,5.6829,5.8521,5.5535,5.8222,-2.3926,85381.96,49005.893,-0.13929999999999954,湖南,纺织,19980527,
600156.SH,华升股份,20080425,5.5237,5.8222,5.8222,5.4739,5.2948,9.9607,109078.06,63157.652,0.5273999999999992,湖南,纺织,19980527,
600156.SH,华升股份,20080424,5.2948,5.2948,5.2948,5.2948,4.817,9.919,9366.75,4983.111,0.4778000000000002,湖南,纺织,19980527,
600156.SH,华升股份,20080422,4.8768,4.817,4.9763,4.5583,5.036,-4.3487,18156.51,8689.603,-0.21899999999999942,湖南,纺织,19980527,
600156.SH,华升股份,20080421,5.3246,5.036,5.464,4.9763,4.9763,1.1997,23295.78,12101.342,0.05969999999999942,湖南,纺织,19980527,
600156.SH,华升股份,20080418,5.245,4.9763,5.2749,4.9564,5.245,-5.123,17703.43,9014.0,-0.26869999999999994,湖南,纺织,19980527,
600156.SH,华升股份,20080417,5.5038,5.245,5.6033,5.1554,5.464,-4.0081,14149.43,7617.848,-0.2190000000000003,湖南,纺织,19980527,
600156.SH,华升股份,20080416,5.673,5.464,5.7227,5.3843,5.673,-3.6841,14765.37,8255.73,-0.20899999999999963,湖南,纺织,19980527,
600156.SH,华升股份,20080415,5.4042,5.673,5.7625,5.3445,5.4042,4.9739,21735.25,12028.27,0.2687999999999997,湖南,纺织,19980527,
600156.SH,华升股份,20080414,5.7924,5.4042,5.8422,5.3744,5.9417,-9.0462,22207.85,12402.339,-0.5374999999999996,湖南,纺织,19980527,
600156.SH,华升股份,20080411,5.9118,5.9417,6.091,5.872,5.9118,0.5058,19740.49,11857.338,0.029899999999999594,湖南,纺织,19980527,
600156.SH,华升股份,20080410,5.663,5.9118,5.9218,5.5038,5.7128,3.4834,31545.36,18187.387,0.19900000000000073,湖南,纺织,19980527,
600156.SH,华升股份,20080409,6.1706,5.7128,6.3099,5.7128,6.3497,-10.0304,53662.26,32590.318,-0.6369000000000007,湖南,纺织,19980527,
600156.SH,华升股份,20080408,5.9019,6.3497,6.4791,5.8222,5.9019,7.5874,65118.96,39551.572,0.4478,湖南,纺织,19980527,
600156.SH,华升股份,20080407,5.3246,5.9019,5.9019,5.1753,5.3644,10.0198,45340.18,25941.978,0.5375000000000005,湖南,纺织,19980527,
600156.SH,华升股份,20080403,4.9862,5.3644,5.464,4.9763,5.2151,2.8628,25364.19,13281.957,0.1493000000000002,湖南,纺织,19980527,
600156.SH,华升股份,20080402,5.673,5.2151,5.7227,5.1355,5.5535,-6.0935,26668.3,14506.19,-0.33840000000000003,湖南,纺织,19980527,
600156.SH,华升股份,20080401,6.1606,5.5535,6.2701,5.5436,6.1606,-9.8546,33534.57,19335.042,-0.6071,湖南,纺织,19980527,
600156.SH,华升股份,20080331,6.2602,6.1606,6.3696,6.091,6.4692,-4.7703,17656.03,11070.837,-0.3086000000000002,湖南,纺织,19980527,
600156.SH,华升股份,20080328,6.2502,6.4692,6.5189,5.9317,6.29,2.849,24394.41,15296.38,0.1791999999999998,湖南,纺织,19980527,
600156.SH,华升股份,20080327,6.6682,6.29,6.6682,6.2403,6.718,-6.3709,23284.33,15033.316,-0.42799999999999994,湖南,纺织,19980527,
600156.SH,华升股份,20080326,6.9071,6.718,6.9966,6.6682,6.8772,-2.3149,19445.97,13403.646,-0.15920000000000023,湖南,纺织,19980527,
600156.SH,华升股份,20080325,6.6483,6.8772,6.9369,6.499,6.7379,2.0674,20556.38,13889.747,0.13930000000000042,湖南,纺织,19980527,
600156.SH,华升股份,20080324,7.0464,6.7379,7.0464,6.7279,6.8872,-2.1678,23490.41,16314.886,-0.1493000000000002,湖南,纺织,19980527,
600156.SH,华升股份,20080321,6.718,6.8872,6.9867,6.6782,6.7677,1.7657,29874.08,20640.066,0.11950000000000038,湖南,纺织,19980527,
600156.SH,华升股份,20080320,6.4393,6.7677,7.0464,6.1606,6.6085,2.409,39551.88,26157.234,0.15919999999999934,湖南,纺织,19980527,
600156.SH,华升股份,20080319,6.509,6.6085,6.8175,6.4194,6.3796,3.588,37026.26,24497.492,0.22890000000000033,湖南,纺织,19980527,
600156.SH,华升股份,20080318,7.0066,6.3796,7.0464,6.29,6.9867,-8.6894,43503.58,28762.504,-0.6071,湖南,纺织,19980527,
600156.SH,华升股份,20080317,7.7729,6.9867,7.8526,6.9867,7.763,-10.0,38106.88,28044.732,-0.7763,湖南,纺织,19980527,
600156.SH,华升股份,20080314,7.8625,7.763,7.982,7.6237,7.8824,-1.5148,26102.28,20321.607,-0.11939999999999973,湖南,纺织,19980527,
600156.SH,华升股份,20080313,8.3701,7.8824,8.4597,7.7431,8.5194,-7.4771,50559.27,40999.512,-0.6369999999999996,湖南,纺织,19980527,
600156.SH,华升股份,20080312,8.4796,8.5194,8.6388,8.2606,8.3701,1.7837,59134.44,50439.791,0.14929999999999843,湖南,纺织,19980527,
600156.SH,华升股份,20080311,8.0815,8.3701,8.3801,7.982,8.1312,2.9381,26364.52,21748.891,0.238900000000001,湖南,纺织,19980527,
600156.SH,华升股份,20080310,8.3203,8.1312,8.3601,8.0317,8.3801,-2.9701,35737.18,29363.73,-0.2489000000000008,湖南,纺织,19980527,
600156.SH,华升股份,20080307,8.7085,8.3801,8.7184,8.3402,8.7881,-4.6426,50910.24,43508.851,-0.4079999999999995,湖南,纺织,19980527,
600156.SH,华升股份,20080306,8.6786,8.7881,8.9573,8.6388,8.6189,1.9631,97316.6,86128.282,0.16920000000000002,湖南,纺织,19980527,
600156.SH,华升股份,20080305,8.4995,8.6189,8.8478,8.3601,8.5692,0.58,67892.99,58736.259,0.04969999999999963,湖南,纺织,19980527,
600156.SH,华升股份,20080304,8.6488,8.5692,8.8578,8.4597,8.6189,-0.5766,102987.65,89674.276,-0.04969999999999963,湖南,纺织,19980527,
600156.SH,华升股份,20080303,8.4796,8.6189,8.6587,8.3402,8.5592,0.6975,123191.31,105577.744,0.05969999999999942,湖南,纺织,19980527,
600156.SH,华升股份,20080229,8.1014,8.5592,8.609,8.0118,8.1511,5.0067,132539.98,112394.703,0.408100000000001,湖南,纺织,19980527,
600156.SH,华升股份,20080228,8.181,8.1511,8.3303,8.1412,8.1113,0.4907,56234.68,46525.616,0.03979999999999961,湖南,纺织,19980527,
600156.SH,华升股份,20080227,7.8625,8.1113,8.2109,7.8625,7.8725,3.0333,40848.41,33237.094,0.23880000000000035,湖南,纺织,19980527,
600156.SH,华升股份,20080226,7.8327,7.8725,8.1113,7.6436,7.6933,2.3293,26047.63,20473.028,0.1791999999999998,湖南,纺织,19980527,
600156.SH,华升股份,20080225,8.0815,7.6933,8.2109,7.6535,8.0715,-4.6856,30026.73,23847.631,-0.37820000000000054,湖南,纺织,19980527,
600156.SH,华升股份,20080222,8.3601,8.0715,8.4895,7.9023,8.39,-3.7962,64043.13,53153.516,-0.3185000000000002,湖南,纺织,19980527,
600156.SH,华升股份,20080221,8.171,8.39,8.4099,8.0118,8.191,2.4295,76073.59,62874.901,0.19899999999999984,湖南,纺织,19980527,
600156.SH,华升股份,20080220,8.2507,8.191,8.4,8.0914,8.2407,-0.6031,71579.35,59186.316,-0.04969999999999963,湖南,纺织,19980527,
600156.SH,华升股份,20080219,8.0218,8.2407,8.2606,7.8924,8.0118,2.857,53697.67,43855.232,0.2289000000000012,湖南,纺织,19980527,
600156.SH,华升股份,20080218,7.962,8.0118,8.0616,7.7929,7.8128,2.5471,27575.44,22088.184,0.19899999999999896,湖南,纺织,19980527,
600156.SH,华升股份,20080215,7.9222,7.8128,7.9421,7.7132,7.9919,-2.241,20758.04,16281.497,-0.17910000000000004,湖南,纺织,19980527,
600156.SH,华升股份,20080214,7.8725,7.9919,8.0914,7.8327,7.8227,2.1629,24557.21,19624.88,0.16920000000000002,湖南,纺织,19980527,
600156.SH,华升股份,20080213,7.8924,7.8227,7.9222,7.6834,7.8426,-0.2537,24569.03,19351.359,-0.019899999999999807,湖南,纺织,19980527,
600156.SH,华升股份,20080205,7.8426,7.8426,7.9919,7.6834,7.8824,-0.5049,29741.82,23456.922,-0.03979999999999961,湖南,纺织,19980527,
600156.SH,华升股份,20080204,7.4943,7.8824,7.9023,7.345,7.2753,8.3447,51316.74,39710.234,0.6071,湖南,纺织,19980527,
600156.SH,华升股份,20080201,7.6933,7.2753,7.7331,6.8872,7.6535,-4.9415,40119.5,29238.309,-0.37820000000000054,湖南,纺织,19980527,
600156.SH,华升股份,20080131,7.6635,7.6535,7.8526,7.4445,7.6237,0.3909,35616.77,27498.624,0.029799999999999827,湖南,纺织,19980527,
600156.SH,华升股份,20080130,7.7331,7.6237,7.9023,7.4047,7.6137,0.1313,30595.12,23764.315,0.010000000000000675,湖南,纺织,19980527,
600156.SH,华升股份,20080129,7.4644,7.6137,7.6336,7.3251,7.4147,2.6839,34172.95,25774.858,0.19899999999999984,湖南,纺织,19980527,
600156.SH,华升股份,20080128,8.2208,7.4147,8.2805,7.4147,8.2407,-10.0234,52340.74,40004.838,-0.8260000000000005,湖南,纺织,19980527,
600156.SH,华升股份,20080125,8.171,8.2407,8.39,8.0815,8.2009,0.4853,49763.84,41278.381,0.03979999999999961,湖南,纺织,19980527,
600156.SH,华升股份,20080124,8.1113,8.2009,8.3402,7.9919,8.1312,0.8572,51401.71,42201.998,0.06970000000000098,湖南,纺织,19980527,
600156.SH,华升股份,20080123,7.8924,8.1312,8.1611,7.4147,7.8924,3.0257,61500.71,48804.644,0.23879999999999946,湖南,纺织,19980527,
600156.SH,华升股份,20080122,8.4696,7.8924,8.609,7.8924,8.7682,-9.9884,62652.12,51134.993,-0.8757999999999999,湖南,纺织,19980527,
600156.SH,华升股份,20080121,9.3554,8.7682,9.4151,8.6189,9.236,-5.065,102943.97,94837.644,-0.46780000000000044,湖南,纺织,19980527,
600156.SH,华升股份,20080118,8.9573,9.236,9.3056,8.8379,9.1364,1.0901,101836.93,93217.311,0.09960000000000058,湖南,纺织,19980527,
600156.SH,华升股份,20080117,9.1663,9.1364,9.2459,8.2905,9.1663,-0.3262,104763.21,92991.885,-0.029899999999999594,湖南,纺织,19980527,
600156.SH,华升股份,20080116,9.2559,9.1663,9.3554,9.0668,9.226,-0.6471,109693.83,101243.346,-0.0597000000000012,湖南,纺织,19980527,
600156.SH,华升股份,20080115,9.017,9.226,9.3156,9.0071,9.0071,2.4303,136204.37,125947.439,0.21890000000000143,湖南,纺织,19980527,
600156.SH,华升股份,20080114,9.0568,9.0071,9.0568,8.7582,8.9274,0.8928,73327.32,65904.999,0.079699999999999,湖南,纺织,19980527,
600156.SH,华升股份,20080111,8.9673,8.9274,9.1862,8.7881,8.8677,0.6732,100794.83,91239.377,0.0597000000000012,湖南,纺织,19980527,
600156.SH,华升股份,20080110,8.9075,8.8677,8.9971,8.7582,8.8379,0.3372,67470.55,60253.022,0.029799999999999827,湖南,纺织,19980527,
600156.SH,华升股份,20080109,8.5393,8.8379,8.8478,8.4995,8.5791,3.0166,52478.1,45702.493,0.25879999999999903,湖南,纺织,19980527,
600156.SH,华升股份,20080108,8.9673,8.5791,9.0071,8.4597,8.9772,-4.4346,71459.78,62774.374,-0.39809999999999945,湖南,纺织,19980527,
600156.SH,华升股份,20080107,8.808,8.9772,9.0369,8.6985,8.7582,2.5005,66046.33,58918.958,0.21899999999999942,湖南,纺织,19980527,
600156.SH,华升股份,20080104,8.8777,8.7582,8.9075,8.6488,8.8379,-0.9018,56038.81,49300.82,-0.079699999999999,湖南,纺织,19980527,
600156.SH,华升股份,20080103,8.6786,8.8379,8.9075,8.5692,8.6886,1.7183,72967.61,64317.883,0.1493000000000002,湖南,纺织,19980527,
600156.SH,华升股份,20080102,8.3701,8.6886,8.7483,8.2109,8.3701,3.8052,84983.86,72485.992,0.31849999999999845,湖南,纺织,19980527,
600156.SH,华升股份,20071227,8.5492,8.3701,8.5692,8.3601,8.4696,-1.1748,66137.43,56243.628,-0.09949999999999903,湖南,纺织,19980527,
600156.SH,华升股份,20071226,8.3601,8.4696,8.5194,8.2606,8.3701,1.1888,64939.8,54771.834,0.09949999999999903,湖南,纺织,19980527,
600156.SH,华升股份,20071225,8.2109,8.3701,8.4796,8.171,8.2208,1.8161,60101.12,50425.143,0.1493000000000002,湖南,纺织,19980527,
600156.SH,华升股份,20071224,8.2009,8.2208,8.4099,8.1412,8.2009,0.2427,58919.58,48982.435,0.019899999999999807,湖南,纺织,19980527,
600156.SH,华升股份,20071221,8.0417,8.2009,8.2507,7.982,8.191,0.1209,70099.27,57087.654,0.00990000000000002,湖南,纺织,19980527,
600156.SH,华升股份,20071220,8.1611,8.191,8.5592,8.1412,7.9521,3.0042,171940.13,144166.505,0.238900000000001,湖南,纺织,19980527,
600156.SH,华升股份,20071219,7.7829,7.9521,7.972,7.7132,7.7331,2.832,75080.95,59453.365,0.21899999999999942,湖南,纺织,19980527,
600156.SH,华升股份,20071218,7.763,7.7331,7.8426,7.5639,7.7929,-0.7674,40113.95,30963.886,-0.059800000000000075,湖南,纺织,19980527,
600156.SH,华升股份,20071217,7.763,7.7929,7.9123,7.6137,7.7232,0.9025,35217.27,27724.521,0.0697000000000001,湖南,纺织,19980527,
600156.SH,华升股份,20071214,7.4744,7.7232,7.8028,7.4644,7.6834,0.518,38712.93,29598.178,0.0398000000000005,湖南,纺织,19980527,
600156.SH,华升股份,20071213,8.1113,7.6834,8.191,7.6535,8.0715,-4.8083,92314.98,74406.82,-0.38810000000000056,湖南,纺织,19980527,
600156.SH,华升股份,20071212,7.8128,8.0715,8.1213,7.7132,7.8625,2.6582,71811.73,57038.335,0.20900000000000052,湖南,纺织,19980527,
600156.SH,华升股份,20071211,7.6734,7.8625,7.9123,7.6137,7.6734,2.4644,65845.97,51440.95,0.18909999999999982,湖南,纺织,19980527,
600156.SH,华升股份,20071210,7.4246,7.6734,7.763,7.3947,7.5838,1.1815,50495.45,38790.29,0.0895999999999999,湖南,纺织,19980527,
600156.SH,华升股份,20071207,7.4644,7.5838,7.6237,7.4147,7.4744,1.4637,39965.2,30317.554,0.10939999999999994,湖南,纺织,19980527,
600156.SH,华升股份,20071206,7.4047,7.4744,7.5739,7.3151,7.345,1.7617,38659.5,28928.147,0.1294000000000004,湖南,纺织,19980527,
600156.SH,华升股份,20071205,7.3052,7.345,7.4047,7.2256,7.3052,0.5448,25075.29,18481.612,0.03979999999999961,湖南,纺织,19980527,
600156.SH,华升股份,20071204,7.3848,7.3052,7.5042,7.2853,7.3549,-0.6757,54382.83,40397.573,-0.04969999999999963,湖南,纺织,19980527,
600156.SH,华升股份,20071203,7.0066,7.3549,7.3748,7.0066,7.0365,4.525,30681.68,22243.197,0.3183999999999996,湖南,纺织,19980527,
600156.SH,华升股份,20071130,7.2753,7.0365,7.3151,7.0066,7.2753,-3.2823,24276.43,17401.806,-0.23879999999999946,湖南,纺织,19980527,
600156.SH,华升股份,20071129,7.1061,7.2753,7.4246,7.0066,7.0365,3.3937,33609.99,24355.548,0.23879999999999946,湖南,纺织,19980527,
600156.SH,华升股份,20071128,6.927,7.0365,7.126,6.9071,6.917,1.7276,15977.84,11237.748,0.11950000000000038,湖南,纺织,19980527,
600156.SH,华升股份,20071127,6.9469,6.917,7.0464,6.8772,6.9668,-0.7148,17552.56,12278.823,-0.04980000000000029,湖南,纺织,19980527,
600156.SH,华升股份,20071126,7.1559,6.9668,7.2355,6.9469,7.0962,-1.8235,17685.08,12629.714,-0.12939999999999952,湖南,纺织,19980527,
600156.SH,华升股份,20071123,6.9568,7.0962,7.0962,6.7677,6.9568,2.0038,15940.25,11145.473,0.1393999999999993,湖南,纺织,19980527,
600156.SH,华升股份,20071122,7.3549,6.9568,7.3549,6.9071,7.3151,-4.8981,21874.33,15649.631,-0.35829999999999984,湖南,纺织,19980527,
600156.SH,华升股份,20071121,7.5838,7.3151,7.6137,7.3052,7.554,-3.1626,25379.57,18925.724,-0.2389000000000001,湖南,纺织,19980527,
600156.SH,华升股份,20071120,7.5639,7.554,7.6436,7.4445,7.5938,-0.5241,35693.55,27007.712,-0.03979999999999961,湖南,纺织,19980527,
600156.SH,华升股份,20071119,7.4147,7.5938,7.6137,7.2654,7.3549,3.2482,40063.64,30176.522,0.2389000000000001,湖南,纺织,19980527,
600156.SH,华升股份,20071116,7.0763,7.3549,7.4445,6.9668,7.1559,2.7809,25686.33,18516.979,0.19899999999999984,湖南,纺织,19980527,
600156.SH,华升股份,20071115,7.4246,7.1559,7.4246,7.126,7.3748,-2.9682,23074.34,16800.442,-0.21889999999999965,湖南,纺织,19980527,
600156.SH,华升股份,20071114,7.1658,7.3748,7.4644,7.1658,7.1658,2.9166,31053.53,22898.464,0.20899999999999963,湖南,纺织,19980527,
600156.SH,华升股份,20071113,7.1161,7.1658,7.2753,6.9867,7.0066,2.2721,26564.03,19079.214,0.15920000000000023,湖南,纺织,19980527,
600156.SH,华升股份,20071112,6.8673,7.0066,7.0862,6.7777,6.9767,0.4286,20147.86,14031.614,0.029899999999999594,湖南,纺织,19980527,
600156.SH,华升股份,20071109,6.917,6.9767,7.0862,6.8175,6.9568,0.2861,22333.15,15611.147,0.019899999999999807,湖南,纺织,19980527,
600156.SH,华升股份,20071108,7.2156,6.9568,7.2156,6.927,7.2355,-3.8518,24692.5,17630.409,-0.2786999999999997,湖南,纺织,19980527,
600156.SH,华升股份,20071107,7.3649,7.2355,7.4346,7.0166,7.3649,-1.757,20904.29,15091.921,-0.12939999999999952,湖南,纺织,19980527,
600156.SH,华升股份,20071106,7.3251,7.3649,7.5142,7.2256,7.2654,1.3695,24903.09,18508.133,0.09949999999999992,湖南,纺织,19980527,
600156.SH,华升股份,20071105,7.2455,7.2654,7.3549,6.9767,7.2057,0.8285,26817.46,19422.459,0.05969999999999942,湖南,纺织,19980527,
600156.SH,华升股份,20071102,7.2654,7.2057,7.4047,7.136,7.5142,-4.1056,45525.43,33024.409,-0.30849999999999955,湖南,纺织,19980527,
600156.SH,华升股份,20071101,8.2407,7.5142,8.2407,7.4943,7.8426,-4.1874,119615.04,95076.462,-0.32840000000000025,湖南,纺织,19980527,
600156.SH,华升股份,20071031,7.3947,7.8426,7.8426,7.3947,7.126,10.0561,68082.61,52699.629,0.7165999999999997,湖南,纺织,19980527,
600156.SH,华升股份,20071030,7.0166,7.126,7.136,6.7677,6.9668,2.2851,32641.11,22974.466,0.15920000000000023,湖南,纺织,19980527,
600156.SH,华升股份,20071029,6.8971,6.9668,6.9767,6.6284,6.8971,1.0106,23803.83,16362.055,0.0697000000000001,湖南,纺织,19980527,
600156.SH,华升股份,20071026,6.8075,6.8971,7.0663,6.5289,6.8075,1.3162,40480.46,27808.633,0.0895999999999999,湖南,纺织,19980527,
600156.SH,华升股份,20071025,7.5042,6.8075,7.763,6.7677,7.5042,-9.2841,59675.55,43574.217,-0.6966999999999999,湖南,纺织,19980527,
600156.SH,华升股份,20071024,7.8725,7.5042,7.9521,7.4744,7.8625,-4.5571,34290.84,26478.333,-0.35829999999999984,湖南,纺织,19980527,
600156.SH,华升股份,20071023,7.8526,7.8625,7.962,7.5241,7.8526,0.1261,30614.33,23861.355,0.00990000000000002,湖南,纺织,19980527,
600156.SH,华升股份,20071022,7.962,7.8526,8.1213,7.7132,8.1113,-3.1894,46015.14,36379.58,-0.25870000000000015,湖南,纺织,19980527,
600156.SH,华升股份,20071019,8.3402,8.1113,8.5094,8.0417,8.3203,-2.5119,37659.39,31310.084,-0.20899999999999963,湖南,纺织,19980527,
600156.SH,华升股份,20071018,8.8976,8.3203,8.8976,8.2905,8.8777,-6.2787,63484.63,53941.719,-0.5574000000000012,湖南,纺织,19980527,
600156.SH,华升股份,20071017,8.8478,8.8777,8.9573,8.7085,8.8478,0.3379,55347.68,49083.082,0.02990000000000137,湖南,纺织,19980527,
600156.SH,华升股份,20071016,8.9374,8.8478,9.0071,8.5791,9.017,-1.8765,66095.86,58159.649,-0.16920000000000002,湖南,纺织,19980527,
600156.SH,华升股份,20071015,9.1364,9.017,9.3554,8.9772,9.0668,-0.5493,116586.6,107581.968,-0.04980000000000118,湖南,纺织,19980527,
600156.SH,华升股份,20071012,9.6142,9.0668,9.6938,8.5891,9.5445,-5.005,152181.0,140210.578,-0.4776999999999987,湖南,纺织,19980527,
600156.SH,华升股份,20071011,9.1165,9.5445,9.5744,9.1165,9.1962,3.7874,136719.47,129013.049,0.34830000000000005,湖南,纺织,19980527,
600156.SH,华升股份,20071010,9.3355,9.1962,9.5047,9.1066,9.2459,-0.5375,57174.64,53306.059,-0.04970000000000141,湖南,纺织,19980527,
600156.SH,华升股份,20071009,9.2459,9.2459,9.3255,8.9971,9.2459,0.0,51136.01,47236.8,0.0,湖南,纺织,19980527,
600156.SH,华升股份,20071008,9.1066,9.2459,9.2559,8.9673,8.9573,3.222,56000.91,51369.167,0.28860000000000063,湖南,纺织,19980527,
600156.SH,华升股份,20070928,9.0071,8.9573,9.1165,8.8876,8.8876,0.7842,46809.36,42312.765,0.06969999999999921,湖南,纺织,19980527,
600156.SH,华升股份,20070927,8.9075,8.8876,9.2559,8.8578,8.9374,-0.5572,47112.38,42687.832,-0.0497999999999994,湖南,纺织,19980527,
600156.SH,华升股份,20070926,9.0369,8.9374,9.3355,8.8578,9.0071,-0.7738,57970.78,53141.135,-0.06969999999999921,湖南,纺织,19980527,
600156.SH,华升股份,20070925,8.7682,9.0071,9.0071,8.6786,8.7582,2.8419,56962.7,50783.728,0.248899999999999,湖南,纺织,19980527,
600156.SH,华升股份,20070924,8.9573,8.7582,8.9872,8.4995,8.8578,-1.1244,56080.94,49242.385,-0.0995999999999988,湖南,纺织,19980527,
600156.SH,华升股份,20070921,9.3156,8.8578,9.4052,8.609,9.3056,-4.8122,85886.51,77417.422,-0.44780000000000086,湖南,纺织,19980527,
600156.SH,华升股份,20070920,9.2559,9.3056,9.4947,9.2459,9.2459,0.6457,52862.75,49620.996,0.05969999999999942,湖南,纺织,19980527,
600156.SH,华升股份,20070919,9.654,9.2459,9.7336,9.1165,9.654,-4.2273,68025.24,64007.514,-0.40809999999999924,湖南,纺织,19980527,
600156.SH,华升股份,20070918,9.435,9.654,9.8033,9.3554,9.4052,2.6453,86404.24,82971.885,0.24879999999999924,湖南,纺织,19980527,
600156.SH,华升股份,20070917,9.1564,9.4052,9.5345,9.0966,9.3056,1.0703,79053.51,74211.374,0.09960000000000058,湖南,纺织,19980527,
600156.SH,华升股份,20070914,9.3753,9.3056,9.4052,9.0867,9.3853,-0.8492,61994.59,57489.663,-0.07970000000000077,湖南,纺织,19980527,
600156.SH,华升股份,20070913,9.3156,9.3853,9.445,9.0568,9.3554,0.3196,73730.78,68269.074,0.02990000000000137,湖南,纺织,19980527,
600156.SH,华升股份,20070912,9.5843,9.3554,9.9028,8.8379,9.8232,-4.7622,131926.75,122997.945,-0.46780000000000044,湖南,纺织,19980527,
600156.SH,华升股份,20070911,10.908,9.8232,10.908,9.8232,10.918,-10.0275,104490.47,109543.563,-1.0947999999999993,湖南,纺织,19980527,
600156.SH,华升股份,20070910,10.4104,10.918,10.9279,10.2511,10.3905,5.0768,169974.46,181645.295,0.5274999999999999,湖南,纺织,19980527,
600156.SH,华升股份,20070907,10.5995,10.3905,10.7289,10.2511,10.7587,-3.4223,123815.99,129471.681,-0.36819999999999986,湖南,纺织,19980527,
600156.SH,华升股份,20070906,10.8781,10.7587,10.9677,10.5398,10.8781,-1.0976,109051.08,117206.976,-0.11940000000000062,湖南,纺织,19980527,
600156.SH,华升股份,20070905,10.6691,10.8781,11.1668,10.6393,10.6691,1.9589,110400.31,120201.052,0.20899999999999963,湖南,纺织,19980527,
600156.SH,华升股份,20070904,11.2464,10.6691,11.3061,10.5497,11.1767,-4.5416,164009.24,178343.84,-0.5076,湖南,纺织,19980527,
600156.SH,华升股份,20070903,10.2909,11.1767,11.1767,10.2113,10.1616,9.9896,347406.49,377762.114,1.0151000000000003,湖南,纺织,19980527,
600156.SH,华升股份,20070831,10.3606,10.1616,10.3706,10.0222,10.1018,0.592,106635.6,109028.515,0.05979999999999919,湖南,纺织,19980527,
600156.SH,华升股份,20070830,9.7734,10.1018,10.2511,9.7137,9.6838,4.3165,97015.9,98015.354,0.41800000000000104,湖南,纺织,19980527,
600156.SH,华升股份,20070829,9.7535,9.6838,10.0023,9.5744,9.7834,-1.0181,78483.52,77414.422,-0.09960000000000058,湖南,纺织,19980527,
600156.SH,华升股份,20070828,9.853,9.7834,9.853,9.4549,9.9924,-2.0916,115511.76,112007.892,-0.20899999999999963,湖南,纺织,19980527,
600156.SH,华升股份,20070827,10.7985,9.9924,10.908,9.9028,10.6393,-6.0803,165418.16,171365.905,-0.6469000000000005,湖南,纺织,19980527,
600156.SH,华升股份,20070824,10.5099,10.6393,10.8483,10.2511,10.3606,2.69,195287.26,207374.932,0.2787000000000006,湖南,纺织,19980527,
600156.SH,华升股份,20070823,10.4999,10.3606,10.6293,10.1516,10.4004,-0.3827,126182.32,131488.391,-0.03979999999999961,湖南,纺织,19980527,
600156.SH,华升股份,20070822,9.863,10.4004,10.699,9.8033,10.0023,3.9801,181389.04,188958.159,0.39809999999999945,湖南,纺织,19980527,
600156.SH,华升股份,20070821,9.9824,10.0023,10.1516,9.8331,10.0123,-0.0999,107327.1,108157.783,-0.009999999999999787,湖南,纺织,19980527,
600156.SH,华升股份,20070820,9.9028,10.0123,10.2014,9.8132,9.7436,2.7577,114391.51,115197.299,0.26869999999999905,湖南,纺织,19980527,
600156.SH,华升股份,20070817,9.7535,9.7436,10.1018,9.5843,9.9127,-1.7059,105867.22,104882.122,-0.16909999999999847,湖南,纺织,19980527,
600156.SH,华升股份,20070816,9.644,9.9127,10.1218,9.3255,9.7236,1.9448,108528.21,105633.725,0.18909999999999982,湖南,纺织,19980527,
600156.SH,华升股份,20070815,10.1317,9.7236,10.1417,9.3355,10.1815,-4.4974,140448.7,137956.346,-0.4579000000000004,湖南,纺织,19980527,
600156.SH,华升股份,20070814,9.7336,10.1815,10.4502,9.5843,9.654,5.4641,278108.41,279473.115,0.5274999999999999,湖南,纺织,19980527,
600156.SH,华升股份,20070813,9.2061,9.654,9.7933,9.0369,9.226,4.6391,129708.94,123761.215,0.42799999999999905,湖南,纺织,19980527,
600156.SH,华升股份,20070810,9.2161,9.226,9.4549,8.8777,9.2857,-0.6429,70783.9,65590.651,-0.05969999999999942,湖南,纺织,19980527,
600156.SH,华升股份,20070809,8.9772,9.2857,9.4251,8.9573,9.0668,2.4143,77232.28,71932.334,0.21889999999999965,湖南,纺织,19980527,
600156.SH,华升股份,20070808,9.2658,9.0668,9.4151,8.8578,9.5047,-4.6072,82302.19,75518.134,-0.43789999999999907,湖南,纺织,19980527,
600156.SH,华升股份,20070807,9.5843,9.5047,9.7037,9.2061,9.5445,-0.417,105466.38,100123.424,-0.03979999999999961,湖南,纺织,19980527,
600156.SH,华升股份,20070806,9.3654,9.5445,9.7535,9.2161,9.445,1.0535,98034.9,93300.882,0.09949999999999903,湖南,纺织,19980527,
600156.SH,华升股份,20070803,9.7535,9.445,9.7734,9.1265,9.6241,-1.861,101401.29,96002.879,-0.17910000000000004,湖南,纺织,19980527,
600156.SH,华升股份,20070802,9.435,9.6241,9.9028,9.0668,9.5445,0.834,134120.17,128624.86,0.079600000000001,湖南,纺织,19980527,
600156.SH,华升股份,20070801,10.4999,9.5445,10.5298,9.5445,10.5995,-9.9533,200798.48,200702.609,-1.0550000000000015,湖南,纺织,19980527,
600156.SH,华升股份,20070731,10.1914,10.5995,10.8881,10.0819,10.0521,5.4456,266799.34,280371.361,0.5474000000000014,湖南,纺织,19980527,
600156.SH,华升股份,20070730,9.7734,10.0521,10.2611,9.6639,9.7635,2.9559,193372.98,193358.564,0.28859999999999886,湖南,纺织,19980527,
600156.SH,华升股份,20070727,9.6341,9.7635,9.7834,9.3554,9.7535,0.1025,172369.0,166520.65,0.009999999999999787,湖南,纺织,19980527,
600156.SH,华升股份,20070726,9.3554,9.7535,9.8829,9.236,9.2857,5.0379,293874.58,284400.796,0.46780000000000044,湖南,纺织,19980527,
600156.SH,华升股份,20070725,8.4099,9.2857,9.2957,8.39,8.4497,9.8938,216011.69,193378.958,0.8360000000000003,湖南,纺织,19980527,
600156.SH,华升股份,20070724,8.3601,8.4497,8.9374,8.2606,8.3601,1.0718,159741.91,137432.464,0.08960000000000079,湖南,纺织,19980527,
600156.SH,华升股份,20070723,7.8327,8.3601,8.5791,7.8327,7.8824,6.0603,129337.48,107352.368,0.47769999999999957,湖南,纺织,19980527,
600156.SH,华升股份,20070720,7.3649,7.8824,8.1312,7.3649,7.3947,6.5953,85142.02,67127.205,0.48769999999999936,湖南,纺织,19980527,
600156.SH,华升股份,20070719,7.3251,7.3947,7.5142,7.1658,7.3947,0.0,34606.21,25622.779,0.0,湖南,纺织,19980527,
600156.SH,华升股份,20070718,7.4644,7.3947,7.7132,7.2256,7.5142,-1.5903,48605.74,36373.201,-0.1194999999999995,湖南,纺织,19980527,
600156.SH,华升股份,20070717,7.2554,7.5142,7.7232,7.1658,7.4346,1.0707,47608.53,35627.163,0.07960000000000012,湖南,纺织,19980527,
600156.SH,华升股份,20070716,7.962,7.4346,8.0914,7.3947,8.0914,-8.1173,55068.17,42676.054,-0.6568000000000005,湖南,纺织,19980527,
600156.SH,华升股份,20070713,8.1611,8.0914,8.1611,7.8625,8.2407,-1.8117,58120.31,46876.237,-0.1493000000000002,湖南,纺织,19980527,
600156.SH,华升股份,20070712,8.3601,8.2407,8.4398,8.0815,8.2208,0.2421,139068.61,114913.363,0.019899999999999807,湖南,纺织,19980527,
600156.SH,华升股份,20070711,7.6635,8.2208,8.2606,7.4445,7.8526,4.6889,108729.95,86869.61,0.36820000000000075,湖南,纺织,19980527,
600156.SH,华升股份,20070710,8.1014,7.8526,8.4597,7.8128,8.191,-4.1314,125772.51,102213.46,-0.3384000000000009,湖南,纺织,19980527,
600156.SH,华升股份,20070709,7.753,8.191,8.3601,7.5639,7.8625,4.1781,163172.28,130661.625,0.3285000000000009,湖南,纺织,19980527,
600156.SH,华升股份,20070706,7.0663,7.8625,7.9919,6.7876,7.2654,8.2184,167334.69,125159.925,0.5971000000000002,湖南,纺织,19980527,
600156.SH,华升股份,20070705,7.8625,7.2654,7.9421,7.2654,8.0715,-9.987,85247.04,64039.618,-0.8061000000000007,湖南,纺织,19980527,
600156.SH,华升股份,20070704,8.2109,8.0715,8.39,7.8327,8.2109,-1.6977,93445.87,76485.999,-0.1394000000000002,湖南,纺织,19980527,
600156.SH,华升股份,20070703,8.4796,8.2109,8.5592,7.7929,8.3701,-1.902,93469.78,76700.406,-0.15920000000000023,湖南,纺织,19980527,
600156.SH,华升股份,20070702,8.0218,8.3701,8.5492,7.6933,8.5492,-2.0949,128171.86,104077.953,-0.17910000000000004,湖南,纺织,19980527,
600156.SH,华升股份,20070629,9.4549,8.5492,9.9028,8.5094,9.4549,-9.5792,239631.81,211115.951,-0.9056999999999995,湖南,纺织,19980527,
600156.SH,华升股份,20070628,9.4549,9.4549,9.4549,9.4549,8.599,9.9535,49306.55,46841.223,0.8559000000000001,湖南,纺织,19980527,
600156.SH,华升股份,20070627,8.599,8.599,8.599,8.599,7.8128,10.063,67123.91,57995.058,0.7862,湖南,纺织,19980527,
600156.SH,华升股份,20070626,7.6635,7.8128,7.9123,7.4445,8.2706,-5.5353,187026.71,141751.156,-0.45779999999999976,湖南,纺织,19980527,
600156.SH,华升股份,20070625,8.8677,8.2706,8.9573,8.2706,9.1862,-9.9671,143574.85,121211.248,-0.9155999999999995,湖南,纺织,19980527,
600156.SH,华升股份,20070622,10.072,9.1862,10.281,9.1862,10.2113,-10.0389,148567.61,142902.833,-1.0251000000000001,湖南,纺织,19980527,
600156.SH,华升股份,20070621,10.6691,10.2113,10.918,9.863,10.49,-2.6568,219208.63,226703.978,-0.2787000000000006,湖南,纺织,19980527,
600156.SH,华升股份,20070620,10.0521,10.49,10.9777,10.0521,9.9824,5.0849,419274.49,455557.941,0.5076,湖南,纺织,19980527,
600156.SH,华升股份,20070619,10.0023,9.9824,10.0819,9.5843,9.9725,0.0993,145691.36,144443.853,0.00990000000000002,湖南,纺织,19980527,
600156.SH,华升股份,20070618,9.8729,9.9725,10.1417,9.7734,9.6938,2.875,145000.76,145114.935,0.2787000000000006,湖南,纺织,19980527,
600156.SH,华升股份,20070615,9.853,9.6938,10.1317,9.3355,10.0521,-3.5644,145604.02,142322.356,-0.35829999999999984,湖南,纺织,19980527,
600156.SH,华升股份,20070614,10.1815,10.0521,10.6393,9.7635,10.1815,-1.2709,256634.57,265614.296,-0.1294000000000004,湖南,纺织,19980527,
600156.SH,华升股份,20070613,9.3355,10.1815,10.1815,9.0867,9.2559,10.0001,267632.79,263372.237,0.9255999999999993,湖南,纺织,19980527,
600156.SH,华升股份,20070612,9.445,9.2559,9.6042,8.5891,9.5445,-3.0237,209601.11,190714.192,-0.28859999999999886,湖南,纺织,19980527,
600156.SH,华升股份,20070611,10.0521,9.5445,10.3308,9.4549,9.7834,-2.4419,187899.64,185416.881,-0.238900000000001,湖南,纺织,19980527,
600156.SH,华升股份,20070608,9.7037,9.7834,10.2511,9.3753,9.644,1.4455,266997.24,265445.026,0.1394000000000002,湖南,纺织,19980527,
600156.SH,华升股份,20070607,8.6587,9.644,9.644,8.609,8.7682,9.9884,247938.31,226042.029,0.8757999999999999,湖南,纺织,19980527,
600156.SH,华升股份,20070606,9.0767,8.7682,9.3455,8.1213,8.9772,-2.3281,229538.85,205617.633,-0.20899999999999963,湖南,纺织,19980527,
600156.SH,华升股份,20070605,8.5891,8.9772,9.0071,8.5891,9.5445,-5.9437,228652.19,199389.991,-0.5672999999999995,湖南,纺织,19980527,
600156.SH,华升股份,20070604,9.6938,9.5445,10.1317,9.5445,10.6094,-10.0373,45144.18,43988.433,-1.0649000000000015,湖南,纺织,19980527,
600156.SH,华升股份,20070601,11.1668,10.6094,11.6943,10.6094,11.7838,-9.9662,132796.49,145298.324,-1.1743999999999986,湖南,纺织,19980527,
600156.SH,华升股份,20070531,11.9431,11.7838,12.4307,11.7838,13.0876,-9.9621,137588.59,164621.961,-1.3038000000000007,湖南,纺织,19980527,
600156.SH,华升股份,20070530,13.2867,13.0876,14.1127,13.0876,14.5407,-9.9933,140437.43,191040.782,-1.4530999999999992,湖南,纺织,19980527,
600156.SH,华升股份,20070529,14.7298,14.5407,14.8293,14.0232,14.7099,-1.1502,228719.91,331318.695,-0.16920000000000002,湖南,纺织,19980527,
600156.SH,华升股份,20070528,15.1279,14.7099,15.3468,14.6203,14.9388,-1.5323,312849.97,467202.189,-0.2289000000000012,湖南,纺织,19980527,
600156.SH,华升股份,20070525,14.0829,14.9388,15.307,14.0829,13.9634,6.9854,435457.8,644752.58,0.9754000000000005,湖南,纺织,19980527,
600156.SH,华升股份,20070524,14.2023,13.9634,14.3217,13.3165,14.2123,-1.7513,290729.05,404320.28,-0.2489000000000008,湖南,纺织,19980527,
600156.SH,华升股份,20070523,13.3364,14.2123,14.5904,13.0876,13.2668,7.1268,373797.2,517728.143,0.9455000000000009,湖南,纺织,19980527,
600156.SH,华升股份,20070522,12.9184,13.2668,13.416,12.9184,13.0677,1.5236,290280.01,383575.221,0.1990999999999996,湖南,纺织,19980527,
600156.SH,华升股份,20070521,12.4606,13.0677,13.436,12.3611,13.0478,0.1525,312786.24,403673.63,0.019899999999999807,湖南,纺织,19980527,
600156.SH,华升股份,20070518,12.5402,13.0478,13.436,12.5402,13.9336,-6.3573,448053.37,583589.579,-0.8857999999999997,湖南,纺织,19980527,
600156.SH,华升股份,20070517,13.9336,13.9336,14.7298,13.8042,13.854,0.5746,220605.02,314413.255,0.079600000000001,湖南,纺织,19980527,
600156.SH,华升股份,20070516,12.4506,13.854,13.854,12.4506,12.59,10.0397,221376.21,293381.416,1.2639999999999993,湖南,纺织,19980527,
600156.SH,华升股份,20070515,13.9336,12.59,14.3217,12.59,13.9833,-9.964,198356.84,265325.952,-1.3933,湖南,纺织,19980527,
600156.SH,华升股份,20070514,13.844,13.9833,14.4312,13.7345,14.3814,-2.7682,165143.91,232723.727,-0.39809999999999945,湖南,纺织,19980527,
600156.SH,华升股份,20070511,14.1227,14.3814,15.1478,13.635,14.3914,-0.0695,207948.62,302429.921,-0.010000000000001563,湖南,纺织,19980527,
600156.SH,华升股份,20070510,15.108,14.3914,15.108,14.3317,15.7051,-8.3648,210921.01,310248.591,-1.313699999999999,湖南,纺织,19980527,
600156.SH,华升股份,20070509,17.1184,15.7051,17.1184,14.3317,15.6056,0.6376,383315.87,608946.74,0.09949999999999903,湖南,纺织,19980527,
600156.SH,华升股份,20070508,14.6999,15.6056,15.6056,14.5904,14.1824,10.035,19669.01,30767.561,1.4232000000000014,湖南,纺织,19980527,
600156.SH,华升股份,20070430,12.9483,14.1824,14.1824,12.9483,12.8886,10.0383,178135.55,248232.137,1.2937999999999992,湖南,纺织,19980527,
600156.SH,华升股份,20070427,11.8137,12.8886,12.8886,11.545,11.7142,10.0254,265652.91,335236.839,1.1744000000000003,湖南,纺织,19980527,
600156.SH,华升股份,20070426,10.6194,11.7142,11.7142,10.4303,10.6492,10.0008,181585.62,201836.547,1.0649999999999995,湖南,纺织,19980527,
600156.SH,华升股份,20070425,10.5398,10.6492,11.0772,10.3507,10.7687,-1.1097,131676.67,140532.488,-0.11950000000000038,湖南,纺织,19980527,
600156.SH,华升股份,20070424,11.1668,10.7687,11.3957,10.6492,10.6393,1.2162,241561.67,267281.075,0.1294000000000004,湖南,纺织,19980527,
600156.SH,华升股份,20070423,9.9028,10.6393,10.6393,9.853,9.6739,9.9794,234775.34,245175.429,0.9654000000000007,湖南,纺织,19980527,
600156.SH,华升股份,20070420,9.0469,9.6739,9.8033,9.0469,9.0071,7.403,149603.63,143816.803,0.6668000000000003,湖南,纺织,19980527,
600156.SH,华升股份,20070419,9.7037,9.0071,9.853,8.8876,9.8729,-8.7695,175097.6,163593.67,-0.8658000000000001,湖南,纺织,19980527,
600156.SH,华升股份,20070418,9.644,9.8729,10.271,9.435,9.6142,2.6908,190956.57,189492.531,0.25869999999999926,湖南,纺织,19980527,
600156.SH,华升股份,20070417,9.1066,9.6142,9.8033,8.5592,9.027,6.5049,214079.44,193698.857,0.587200000000001,湖南,纺织,19980527,
600156.SH,华升股份,20070416,8.6886,9.027,9.2061,8.6587,8.7483,3.1858,148379.54,133955.434,0.27869999999999884,湖南,纺织,19980527,
600156.SH,华升股份,20070413,8.8578,8.7483,9.1165,8.5492,9.0568,-3.4063,151166.99,135051.604,-0.30850000000000044,湖南,纺织,19980527,
600156.SH,华升股份,20070412,8.4895,9.0568,9.2559,8.3601,8.6189,5.0807,219026.91,192601.66,0.43790000000000084,湖南,纺织,19980527,
600156.SH,华升股份,20070411,8.4298,8.6189,9.0966,8.4199,8.2706,4.2113,354190.29,311413.739,0.34830000000000005,湖南,纺织,19980527,
600156.SH,华升股份,20070410,7.554,8.2706,8.2706,7.3151,7.5142,10.0663,277480.15,217734.709,0.7564000000000002,湖南,纺织,19980527,
600156.SH,华升股份,20070409,7.3549,7.5142,7.8327,7.3549,7.3549,2.1659,204974.15,156176.767,0.1593,湖南,纺织,19980527,
600156.SH,华升股份,20070406,6.9668,7.3549,7.4744,6.8474,7.0464,4.3781,203154.78,149562.454,0.30849999999999955,湖南,纺织,19980527,
600156.SH,华升股份,20070405,6.917,7.0464,7.1857,6.7677,6.927,1.7237,124215.34,87609.333,0.11940000000000062,湖南,纺织,19980527,
600156.SH,华升股份,20070404,6.8275,6.927,7.1161,6.7677,6.8374,1.3104,125528.87,87459.339,0.0895999999999999,湖南,纺织,19980527,
600156.SH,华升股份,20070403,6.7976,6.8374,6.8474,6.6682,6.7976,0.5855,101403.09,69018.494,0.03979999999999961,湖南,纺织,19980527,
600156.SH,华升股份,20070402,6.7677,6.7976,6.9071,6.7578,6.6981,1.4855,134175.7,92106.754,0.09949999999999992,湖南,纺织,19980527,
600156.SH,华升股份,20070330,6.5786,6.6981,6.8474,6.4791,6.9369,-3.4425,118892.54,80390.701,-0.23879999999999946,湖南,纺织,19980527,
600156.SH,华升股份,20070328,7.2156,6.9369,7.3549,6.6881,7.1658,-3.1943,222602.73,158420.665,-0.22890000000000033,湖南,纺织,19980527,
600156.SH,华升股份,20070327,6.8772,7.1658,7.2156,6.7976,6.8872,4.0452,194519.29,138057.963,0.27859999999999996,湖南,纺织,19980527,
600156.SH,华升股份,20070326,6.718,6.8872,6.927,6.6185,6.6981,2.8232,138081.64,94448.528,0.18909999999999982,湖南,纺织,19980527,
600156.SH,华升股份,20070323,6.6583,6.6981,6.8075,6.4891,6.718,-0.2962,100555.09,67235.534,-0.019899999999999807,湖南,纺织,19980527,
600156.SH,华升股份,20070322,6.8275,6.718,6.8971,6.6682,6.8075,-1.3147,141214.88,95926.882,-0.08950000000000014,湖南,纺织,19980527,
600156.SH,华升股份,20070321,6.8872,6.8075,7.0564,6.7578,6.7379,1.033,276135.4,191194.114,0.06960000000000033,湖南,纺织,19980527,
600156.SH,华升股份,20070320,6.3,6.7379,6.7578,6.2303,6.3,6.9508,169364.89,109983.728,0.43789999999999996,湖南,纺织,19980527,
600156.SH,华升股份,20070319,5.9516,6.3,6.3895,5.872,6.2303,1.1187,99127.51,62156.208,0.0697000000000001,湖南,纺织,19980527,
600156.SH,华升股份,20070316,6.6384,6.2303,6.718,6.1208,6.5985,-5.5801,151730.77,96909.867,-0.36819999999999986,湖南,纺织,19980527,
600156.SH,华升股份,20070315,6.6185,6.5985,6.7677,6.5289,6.5985,0.0,131324.86,87444.194,0.0,湖南,纺织,19980527,
600156.SH,华升股份,20070314,6.3895,6.5985,6.718,6.0711,6.3995,3.1096,186687.23,119791.838,0.19899999999999984,湖南,纺织,19980527,
600156.SH,华升股份,20070313,6.3497,6.3995,6.5388,6.29,6.4194,-0.31,143281.92,92294.557,-0.019900000000000695,湖南,纺织,19980527,
600156.SH,华升股份,20070312,6.1606,6.4194,6.5388,5.9715,6.1606,4.2009,201969.75,127916.32,0.2588000000000008,湖南,纺织,19980527,
600156.SH,华升股份,20070309,6.3696,6.1606,6.4094,6.0711,6.4194,-4.0315,197888.54,123374.225,-0.2588000000000008,湖南,纺织,19980527,
600156.SH,华升股份,20070308,6.509,6.4194,6.8474,6.1706,6.3099,1.7354,309074.31,200938.135,0.1095000000000006,湖南,纺织,19980527,
600156.SH,华升股份,20070307,5.7426,6.3099,6.3099,5.7426,5.7327,10.0686,205570.78,126742.517,0.5771999999999995,湖南,纺织,19980527,
600156.SH,华升股份,20070306,5.7526,5.7327,5.9118,5.4739,5.7227,0.1747,119872.6,68700.237,0.010000000000000675,湖南,纺织,19980527,
600156.SH,华升股份,20070305,5.3843,5.7227,5.7327,5.3246,5.2848,8.286,191552.34,106682.988,0.43789999999999996,湖南,纺织,19980527,
600156.SH,华升股份,20070302,5.1753,5.2848,5.4142,5.1554,5.245,0.7588,69146.7,36822.054,0.03979999999999961,湖南,纺织,19980527,
600156.SH,华升股份,20070301,5.5436,5.245,5.5436,5.0061,5.5237,-5.0455,121545.14,64757.26,-0.2786999999999997,湖南,纺织,19980527,
600156.SH,华升股份,20070228,5.5237,5.5237,5.6331,5.0858,5.3943,2.3988,148288.67,79594.037,0.12939999999999952,湖南,纺织,19980527,
600156.SH,华升股份,20070227,5.9914,5.3943,6.1706,5.3943,5.9914,-9.966,141328.36,81348.607,-0.5970999999999993,湖南,纺织,19980527,
600156.SH,华升股份,20070226,5.9616,5.9914,6.0113,5.7227,5.7824,3.6144,108668.83,64380.758,0.20899999999999963,湖南,纺织,19980527,
600156.SH,华升股份,20070216,5.872,5.7824,6.1407,5.7227,5.8521,-1.191,147930.39,87821.764,-0.0697000000000001,湖南,纺织,19980527,
600156.SH,华升股份,20070215,5.4839,5.8521,5.9516,5.4142,5.4739,6.9092,147377.94,84197.388,0.37819999999999965,湖南,纺织,19980527,
600156.SH,华升股份,20070214,5.1355,5.4739,5.6431,5.0758,5.1355,6.5894,152483.65,83183.7,0.33840000000000003,湖南,纺织,19980527,
600156.SH,华升股份,20070213,5.235,5.1355,5.245,5.0161,5.2052,-1.339,118472.67,60927.836,-0.06969999999999921,湖南,纺织,19980527,
600156.SH,华升股份,20070212,4.7573,5.2052,5.2549,4.7374,4.7971,8.5072,170300.17,86175.659,0.40809999999999924,湖南,纺织,19980527,
600156.SH,华升股份,20070209,4.7076,4.7971,5.0559,4.6379,4.7673,0.6251,142764.44,69909.888,0.029800000000000715,湖南,纺织,19980527,
600156.SH,华升股份,20070208,4.6877,4.7673,4.8369,4.4787,4.6777,1.9155,131502.42,61684.546,0.0895999999999999,湖南,纺织,19980527,
600156.SH,华升股份,20070207,4.5782,4.6777,4.7772,4.5384,4.5483,2.845,91358.54,42769.24,0.12939999999999952,湖南,纺织,19980527,
600156.SH,华升股份,20070206,4.4189,4.5483,4.5782,4.3194,4.4189,2.9283,74133.62,33245.216,0.1294000000000004,湖南,纺织,19980527,
600156.SH,华升股份,20070205,4.5881,4.4189,4.7374,4.409,4.6677,-5.3302,89107.98,40664.979,-0.24880000000000013,湖南,纺织,19980527,
600156.SH,华升股份,20070202,4.7971,4.6677,5.0161,4.5782,4.7275,-1.2649,208234.6,100965.337,-0.059800000000000075,湖南,纺织,19980527,
600156.SH,华升股份,20070201,4.5384,4.7275,4.7275,4.3393,4.2995,9.9546,200162.2,92658.414,0.42799999999999994,湖南,纺织,19980527,
600156.SH,华升股份,20070131,4.5782,4.2995,4.6578,4.2298,4.6677,-7.8883,113754.44,50644.502,-0.36819999999999986,湖南,纺织,19980527,
600156.SH,华升股份,20070130,4.4886,4.6677,4.817,4.3891,4.4787,4.22,155526.48,72787.921,0.18900000000000006,湖南,纺织,19980527,
600156.SH,华升股份,20070129,4.2995,4.4787,4.5483,4.2896,4.2796,4.6523,110598.47,48953.098,0.1990999999999996,湖南,纺织,19980527,
600156.SH,华升股份,20070126,4.3294,4.2796,4.4787,4.0208,4.4587,-4.0169,106774.98,45471.522,-0.17910000000000004,湖南,纺织,19980527,
600156.SH,华升股份,20070125,4.7772,4.4587,4.817,4.4289,4.8568,-8.1968,118601.55,55080.848,-0.39809999999999945,湖南,纺织,19980527,
600156.SH,华升股份,20070124,4.6877,4.8568,5.0659,4.6379,4.6777,3.8288,174296.17,84548.437,0.17910000000000004,湖南,纺织,19980527,
600156.SH,华升股份,20070123,4.7772,4.6777,4.8668,4.5384,4.9265,-5.0502,142243.08,67241.846,-0.24880000000000013,湖南,纺织,19980527,
600156.SH,华升股份,20070122,4.6777,4.9265,4.9763,4.5881,4.6478,5.9964,182873.38,87354.344,0.2786999999999997,湖南,纺织,19980527,
600156.SH,华升股份,20070119,4.6279,4.6478,4.7275,4.4289,4.6578,-0.2147,150745.12,69531.726,-0.009999999999999787,湖南,纺织,19980527,
600156.SH,华升股份,20070118,4.6578,4.6578,4.8469,4.3891,4.7573,-2.0915,161643.21,74241.372,-0.09949999999999992,湖南,纺织,19980527,
600156.SH,华升股份,20070117,4.827,4.7573,5.1057,4.4886,4.6976,1.2709,325607.3,157879.758,0.05969999999999942,湖南,纺织,19980527,
600156.SH,华升股份,20070116,4.2398,4.6976,4.6976,4.0308,4.2696,10.0244,271789.11,118831.889,0.4280000000000008,湖南,纺织,19980527,
600156.SH,华升股份,20070115,4.5583,4.2696,4.5583,3.991,4.1403,3.123,381929.68,166798.205,0.12929999999999975,湖南,纺织,19980527,
600156.SH,华升股份,20070112,4.0805,4.1403,4.1403,3.9611,3.7621,10.0529,194880.6,80107.297,0.37819999999999965,湖南,纺织,19980527,
600156.SH,华升股份,20070111,3.4933,3.7621,3.7621,3.4237,3.4237,9.884,244618.17,90228.96,0.33840000000000003,湖南,纺织,19980527,
600156.SH,华升股份,20070110,3.2346,3.4237,3.4734,3.1649,3.2644,4.8799,143718.24,47594.794,0.1593,湖南,纺织,19980527,
600156.SH,华升股份,20070109,3.1649,3.2644,3.3142,3.0853,3.1351,4.1243,127864.39,41278.296,0.1293000000000002,湖南,纺织,19980527,
600156.SH,华升股份,20070108,2.9957,3.1351,3.1848,2.9559,2.9659,5.7048,89243.16,27569.416,0.16920000000000002,湖南,纺织,19980527,
600156.SH,华升股份,20070105,2.8962,2.9659,2.9758,2.8464,2.8862,2.7614,47636.7,13972.496,0.07969999999999988,湖南,纺织,19980527,
600156.SH,华升股份,20070104,2.9758,2.8862,3.0256,2.8564,2.9261,-1.3636,60383.7,17846.869,-0.039899999999999824,湖南,纺织,19980527,
600156.SH,华升股份,20061229,2.8464,2.9261,3.0256,2.8464,2.8763,1.7314,44513.5,13085.636,0.049799999999999844,湖南,纺织,19980527,
600156.SH,华升股份,20061228,3.0654,2.8763,3.0654,2.8663,3.0654,-6.1689,64357.72,19055.247,-0.18909999999999982,湖南,纺织,19980527,
600156.SH,华升股份,20061227,3.0952,3.0654,3.155,3.0455,3.0952,-0.9628,50525.2,15744.796,-0.02980000000000027,湖南,纺织,19980527,
600156.SH,华升股份,20061226,3.0853,3.0952,3.145,3.0355,3.1251,-0.9568,62692.98,19426.853,-0.029900000000000038,湖南,纺织,19980527,
600156.SH,华升股份,20061225,2.9758,3.1251,3.1948,2.9758,2.936,6.4407,143777.24,44845.029,0.18910000000000027,湖南,纺织,19980527,
600156.SH,华升股份,20061222,2.9559,2.936,2.9659,2.8663,2.9559,-0.6732,47218.75,13821.585,-0.01990000000000025,湖南,纺织,19980527,
600156.SH,华升股份,20061221,2.9858,2.9559,3.0554,2.9061,2.9858,-1.0014,57253.9,17141.426,-0.029899999999999594,湖南,纺织,19980527,
600156.SH,华升股份,20061220,2.946,2.9858,3.0355,2.8663,2.9858,0.0,62670.16,18530.831,0.0,湖南,纺织,19980527,
600156.SH,华升股份,20061219,3.0455,2.9858,3.0455,2.8862,3.0654,-2.5967,82629.19,24589.842,-0.07960000000000012,湖南,纺织,19980527,
600156.SH,华升股份,20061218,2.9261,3.0654,3.1152,2.8962,2.8962,5.8421,168396.42,51381.868,0.16920000000000002,湖南,纺织,19980527,
600156.SH,华升股份,20061215,2.8265,2.8962,2.9161,2.7668,2.8365,2.1047,95230.19,27574.91,0.059699999999999864,湖南,纺织,19980527,
600156.SH,华升股份,20061214,2.8365,2.8365,2.9261,2.7768,2.8066,1.0653,95556.74,27499.056,0.029900000000000038,湖南,纺织,19980527,
600156.SH,华升股份,20061213,2.6872,2.8066,2.8464,2.6275,2.6872,4.4433,56689.93,15644.773,0.11940000000000017,湖南,纺织,19980527,
600156.SH,华升股份,20061212,2.6275,2.6872,2.717,2.5578,2.6275,2.2721,31882.84,8467.822,0.059699999999999864,湖南,纺织,19980527,
600156.SH,华升股份,20061211,2.508,2.6275,2.6374,2.508,2.5479,3.1241,23300.98,6053.727,0.07960000000000012,湖南,纺织,19980527,
600156.SH,华升股份,20061208,2.6673,2.5479,2.6772,2.5479,2.6772,-4.8297,32281.28,8444.322,-0.1293000000000002,湖南,纺织,19980527,
600156.SH,华升股份,20061207,2.717,2.6772,2.7668,2.6573,2.727,-1.8262,35680.84,9715.444,-0.049799999999999844,湖南,纺织,19980527,
600156.SH,华升股份,20061206,2.8066,2.727,2.8265,2.6374,2.8265,-3.5203,52975.52,14525.393,-0.09949999999999992,湖南,纺织,19980527,
600156.SH,华升股份,20061205,2.8862,2.8265,2.8862,2.7867,2.8663,-1.3885,47770.72,13573.771,-0.03980000000000006,湖南,纺织,19980527,
600156.SH,华升股份,20061204,2.8365,2.8663,2.9261,2.7768,2.8663,0.0,68072.97,19584.29,0.0,湖南,纺织,19980527,
600156.SH,华升股份,20061201,2.6573,2.8663,2.946,2.5976,2.6772,7.0633,94462.82,26547.572,0.18909999999999982,湖南,纺织,19980527,
600156.SH,华升股份,20061130,2.6275,2.6772,2.717,2.6175,2.6374,1.5091,43825.84,11741.123,0.03980000000000006,湖南,纺织,19980527,
600156.SH,华升股份,20061129,2.5976,2.6374,2.6673,2.5379,2.6275,0.3768,34468.81,8971.894,0.00990000000000002,湖南,纺织,19980527,
600156.SH,华升股份,20061128,2.6573,2.6275,2.6772,2.5877,2.6474,-0.7517,18137.73,4775.141,-0.01990000000000025,湖南,纺织,19980527,
600156.SH,华升股份,20061127,2.6175,2.6474,2.6573,2.5678,2.6275,0.7574,17763.95,4690.796,0.01990000000000025,湖南,纺织,19980527,
600156.SH,华升股份,20061124,2.5777,2.6275,2.6474,2.518,2.5877,1.538,27099.8,7054.325,0.03980000000000006,湖南,纺织,19980527,
600156.SH,华升股份,20061123,2.5379,2.5877,2.5976,2.5379,2.5379,1.9623,21335.87,5504.186,0.049799999999999844,湖南,纺织,19980527,
600156.SH,华升股份,20061122,2.508,2.5379,2.5777,2.4583,2.5479,-0.3925,24824.39,6319.834,-0.009999999999999787,湖南,纺织,19980527,
600156.SH,华升股份,20061121,2.4782,2.5479,2.5678,2.3488,2.4782,2.8125,31492.44,7737.736,0.06969999999999965,湖南,纺织,19980527,
600156.SH,华升股份,20061120,2.5479,2.4782,2.5479,2.4682,2.5479,-2.7356,14676.54,3678.53,-0.06969999999999965,湖南,纺织,19980527,
600156.SH,华升股份,20061117,2.4981,2.5479,2.5479,2.4384,2.4981,1.9935,17973.13,4510.178,0.049799999999999844,湖南,纺织,19980527,
600156.SH,华升股份,20061116,2.6076,2.4981,2.6175,2.4881,2.6076,-4.1993,27960.96,7117.852,-0.10950000000000015,湖南,纺织,19980527,
600156.SH,华升股份,20061115,2.5877,2.6076,2.6175,2.5578,2.5877,0.769,18188.11,4724.093,0.01990000000000025,湖南,纺织,19980527,
600156.SH,华升股份,20061114,2.5479,2.5877,2.6275,2.518,2.5578,1.169,17119.16,4416.772,0.029900000000000038,湖南,纺织,19980527,
600156.SH,华升股份,20061113,2.727,2.5578,2.737,2.4881,2.737,-6.5473,29212.35,7618.154,-0.17920000000000025,湖南,纺织,19980527,
600156.SH,华升股份,20061110,2.8862,2.737,2.8862,2.6872,2.9061,-5.8188,47302.6,13207.413,-0.1690999999999998,湖南,纺织,19980527,
600156.SH,华升股份,20061109,2.9161,2.9061,2.936,2.8663,2.9061,0.0,31564.64,9207.852,0.0,湖南,纺织,19980527,
600156.SH,华升股份,20061108,2.8862,2.9061,2.9061,2.8464,2.9061,0.0,15912.54,4590.521,0.0,湖南,纺织,19980527,
600156.SH,华升股份,20061107,2.8663,2.9061,2.946,2.8365,2.8663,1.3885,34836.94,10128.468,0.03980000000000006,湖南,纺织,19980527,
600156.SH,华升股份,20061106,2.8862,2.8663,2.9061,2.8265,2.9061,-1.3695,21737.0,6263.517,-0.03980000000000006,湖南,纺织,19980527,
600156.SH,华升股份,20061103,2.9061,2.9061,2.9261,2.8564,2.8962,0.3418,19422.95,5636.135,0.00990000000000002,湖南,纺织,19980527,
600156.SH,华升股份,20061102,2.8663,2.8962,2.936,2.8564,2.8663,1.0432,21824.33,6344.165,0.029900000000000038,湖南,纺织,19980527,
600156.SH,华升股份,20061101,2.8962,2.8663,2.8962,2.8066,2.8962,-1.0324,25284.57,7214.803,-0.029900000000000038,湖南,纺织,19980527,
600156.SH,华升股份,20061031,2.8464,2.8962,2.9161,2.8265,2.8763,0.6919,20639.71,5977.832,0.019899999999999807,湖南,纺织,19980527,
600156.SH,华升股份,20061030,2.8066,2.8763,2.946,2.8066,2.8365,1.4031,17749.49,5145.833,0.03980000000000006,湖南,纺织,19980527,
600156.SH,华升股份,20061027,2.9659,2.8365,2.9659,2.8166,2.9758,-4.6811,36133.7,10431.666,-0.13929999999999998,湖南,纺织,19980527,
600156.SH,华升股份,20061026,3.0355,2.9758,3.0654,2.9559,3.0654,-2.9229,29646.17,8926.652,-0.0895999999999999,湖南,纺织,19980527,
600156.SH,华升股份,20061025,3.1351,3.0654,3.145,3.0256,3.1351,-2.2232,41080.09,12720.44,-0.0697000000000001,湖南,纺织,19980527,
600156.SH,华升股份,20061024,2.9858,3.1351,3.145,2.9858,3.0455,2.942,51728.72,15902.429,0.0895999999999999,湖南,纺织,19980527,
600156.SH,华升股份,20061023,3.2147,3.0455,3.2943,2.9758,3.2445,-6.1335,60403.86,18909.035,-0.19899999999999984,湖南,纺织,19980527,
600156.SH,华升股份,20061020,3.1152,3.2445,3.3242,3.0753,3.1251,3.8207,74797.02,24228.431,0.11939999999999973,湖南,纺织,19980527,
600156.SH,华升股份,20061019,3.1749,3.1251,3.1848,3.0753,3.1649,-1.2575,35540.29,11178.97,-0.03979999999999961,湖南,纺织,19980527,
600156.SH,华升股份,20061018,3.1152,3.1649,3.1948,3.1052,3.1251,1.2736,40201.8,12771.796,0.03979999999999961,湖南,纺织,19980527,
600156.SH,华升股份,20061017,3.2346,3.1251,3.2346,3.1152,3.2346,-3.3853,52917.88,16733.378,-0.10949999999999971,湖南,纺织,19980527,
600156.SH,华升股份,20061016,3.2644,3.2346,3.364,3.2047,3.2744,-1.2155,61754.07,20243.478,-0.03980000000000006,湖南,纺织,19980527,
600156.SH,华升股份,20061013,3.4038,3.2744,3.4237,3.2445,3.364,-2.6635,96831.31,32146.726,-0.0895999999999999,湖南,纺织,19980527,
600156.SH,华升股份,20061012,3.2644,3.364,3.5232,3.1749,3.2744,2.7364,232708.63,78792.25,0.0895999999999999,湖南,纺织,19980527,
600156.SH,华升股份,20061011,3.0156,3.2744,3.2744,3.0156,2.9758,10.0343,259322.51,84422.871,0.2986,湖南,纺织,19980527,
600156.SH,华升股份,20061010,2.9858,2.9758,2.9957,2.9261,2.9957,-0.6643,29687.03,8838.47,-0.019899999999999807,湖南,纺织,19980527,
600156.SH,华升股份,20061009,2.8365,2.9957,3.0156,2.8365,2.8066,6.7377,37207.13,10931.986,0.18909999999999982,湖南,纺织,19980527,
600156.SH,华升股份,20060928,2.8365,2.8066,2.8365,2.7867,2.8365,-1.0541,22145.49,6248.389,-0.029900000000000038,湖南,纺织,19980527,
600156.SH,华升股份,20060927,2.8066,2.8365,2.8763,2.8066,2.7967,1.4231,10563.05,3011.68,0.03980000000000006,湖南,纺织,19980527,
600156.SH,华升股份,20060926,2.8763,2.7967,2.9261,2.7768,2.8663,-2.4282,24238.13,6849.543,-0.06959999999999988,湖南,纺织,19980527,
600156.SH,华升股份,20060922,2.9559,2.8663,2.9758,2.8564,2.946,-2.7054,29272.85,8491.065,-0.07970000000000033,湖南,纺织,19980527,
600156.SH,华升股份,20060921,2.9659,2.946,2.9858,2.9261,2.9758,-1.0014,21128.17,6262.734,-0.029799999999999827,湖南,纺织,19980527,
600156.SH,华升股份,20060920,3.0355,2.9758,3.0355,2.9659,3.0256,-1.646,24170.93,7252.27,-0.049799999999999844,湖南,纺织,19980527,
600156.SH,华升股份,20060919,3.0355,3.0256,3.0654,2.9858,3.0256,0.0,38559.61,11740.958,0.0,湖南,纺织,19980527,
600156.SH,华升股份,20060918,2.8962,3.0256,3.0455,2.8862,2.9061,4.112,42402.35,12707.11,0.11949999999999994,湖南,纺织,19980527,
600156.SH,华升股份,20060915,2.9061,2.9061,2.936,2.8763,2.9061,0.0,21142.0,6184.69,0.0,湖南,纺织,19980527,
600156.SH,华升股份,20060914,2.9161,2.9061,2.946,2.8365,2.9261,-0.6835,38754.33,11264.616,-0.020000000000000018,湖南,纺织,19980527,
600156.SH,华升股份,20060913,2.936,2.9261,2.9559,2.8464,2.9261,0.0,32348.71,9446.867,0.0,湖南,纺织,19980527,
600156.SH,华升股份,20060912,2.8862,2.9261,2.936,2.8464,2.8663,2.0863,30606.18,8951.905,0.059800000000000075,湖南,纺织,19980527,
600156.SH,华升股份,20060911,2.9061,2.8663,2.936,2.7867,2.8862,-0.6895,28498.12,8137.778,-0.01990000000000025,湖南,纺织,19980527,
600156.SH,华升股份,20060908,2.8862,2.8862,2.9559,2.8763,2.8962,-0.3453,26621.97,7776.956,-0.009999999999999787,湖南,纺织,19980527,
600156.SH,华升股份,20060907,3.0156,2.8962,3.0256,2.8862,3.0156,-3.9594,42092.62,12380.204,-0.11940000000000017,湖南,纺织,19980527,
600156.SH,华升股份,20060906,3.0654,3.0156,3.0753,2.9659,3.0654,-1.6246,43498.41,13170.627,-0.049799999999999844,湖南,纺织,19980527,
600156.SH,华升股份,20060905,3.0654,3.0654,3.0753,2.9957,3.0355,0.985,39906.33,12174.574,0.029900000000000038,湖南,纺织,19980527,
600156.SH,华升股份,20060904,2.9957,3.0355,3.0554,2.9559,3.0355,0.0,49144.64,14831.754,0.0,湖南,纺织,19980527,
600156.SH,华升股份,20060901,3.1351,3.0355,3.1948,3.0256,3.1052,-2.2446,73583.46,22956.41,-0.0697000000000001,湖南,纺织,19980527,
600156.SH,华升股份,20060831,3.1052,3.1052,3.145,3.0455,3.1052,0.0,52252.88,16206.54,0.0,湖南,纺织,19980527,
600156.SH,华升股份,20060830,3.0654,3.1052,3.145,3.0355,3.1052,0.0,70672.77,21950.58,0.0,湖南,纺织,19980527,
600156.SH,华升股份,20060829,2.9659,3.1052,3.2246,2.9161,2.9858,3.9989,153256.57,47200.088,0.11940000000000017,湖南,纺织,19980527,
600156.SH,华升股份,20060828,2.9161,2.9858,3.0256,2.8763,2.9161,2.3902,57205.35,16935.766,0.06969999999999965,湖南,纺织,19980527,
600156.SH,华升股份,20060825,2.9559,2.9161,3.0355,2.9061,2.946,-1.0149,37140.04,11095.68,-0.029900000000000038,湖南,纺织,19980527,
600156.SH,华升股份,20060824,2.9659,2.946,3.0057,2.8663,2.9858,-1.333,39012.72,11539.218,-0.03979999999999961,湖南,纺织,19980527,
600156.SH,华升股份,20060823,3.0355,2.9858,3.1152,2.9061,3.0455,-1.9603,65487.23,19780.116,-0.05970000000000031,湖南,纺织,19980527,
600156.SH,华升股份,20060822,3.0355,3.0455,3.155,3.0057,3.0554,-0.324,77458.46,23862.443,-0.00990000000000002,湖南,纺织,19980527,
600156.SH,华升股份,20060821,2.6971,3.0554,3.0554,2.6573,2.8663,6.5974,98997.82,29441.327,0.18910000000000027,湖南,纺织,19980527,
600156.SH,华升股份,20060818,2.9261,2.8663,3.0654,2.8564,2.946,-2.7054,67829.31,20218.153,-0.07970000000000033,湖南,纺织,19980527,
600156.SH,华升股份,20060817,2.9261,2.946,3.1052,2.7867,2.9758,-1.0014,107745.19,32379.842,-0.029799999999999827,湖南,纺织,19980527,
600156.SH,华升股份,20060816,2.727,2.9758,2.9758,2.727,2.7071,9.9258,114259.18,33185.853,0.26869999999999994,湖南,纺织,19980527,
600156.SH,华升股份,20060815,2.4483,2.7071,2.7071,2.4185,2.4583,10.1208,52410.11,13837.162,0.24880000000000013,湖南,纺织,19980527,
600156.SH,华升股份,20060814,2.6673,2.4583,2.6772,2.3886,2.6573,-7.4888,39900.63,10075.859,-0.1990000000000003,湖南,纺织,19980527,
600156.SH,华升股份,20060811,2.6673,2.6573,2.7071,2.5976,2.6374,0.7545,47387.47,12653.601,0.01990000000000025,湖南,纺织,19980527,
600156.SH,华升股份,20060810,2.4384,2.6374,2.6374,2.4185,2.3986,9.9558,58851.16,15331.635,0.2387999999999999,湖南,纺织,19980527,
600156.SH,华升股份,20060809,2.4384,2.3986,2.508,2.3687,2.4185,-0.8228,30825.08,7548.794,-0.019899999999999807,湖南,纺织,19980527,
600156.SH,华升股份,20060808,2.1796,2.4185,2.4185,2.1796,2.1995,9.9568,42377.1,9881.214,0.21899999999999986,湖南,纺织,19980527,
600156.SH,华升股份,20060807,2.4185,2.1995,2.4284,2.1896,2.4284,-9.426,41863.59,9674.983,-0.22889999999999988,湖南,纺织,19980527,
600156.SH,华升股份,20060804,2.6872,2.4284,2.6971,2.4085,2.6772,-9.2933,33135.95,8352.05,-0.24880000000000013,湖南,纺织,19980527,
600156.SH,华升股份,20060803,2.6673,2.6772,2.7469,2.6673,2.6673,0.3712,13387.34,3624.051,0.00990000000000002,湖南,纺织,19980527,
600156.SH,华升股份,20060801,2.8166,2.6673,2.8365,2.6573,2.8166,-5.3007,21439.35,5904.694,-0.1493000000000002,湖南,纺织,19980527,
600156.SH,华升股份,20060731,2.9261,2.8166,2.9261,2.7867,2.936,-4.0668,16191.4,4624.126,-0.11939999999999973,湖南,纺织,19980527,
600156.SH,华升股份,20060728,2.9261,2.936,2.9858,2.8464,2.9261,0.3383,20391.37,5947.309,0.00990000000000002,湖南,纺织,19980527,
600156.SH,华升股份,20060727,2.9858,2.9261,3.0455,2.9061,3.0156,-2.9679,25764.78,7661.586,-0.08950000000000014,湖南,纺织,19980527,
600156.SH,华升股份,20060726,3.0455,3.0156,3.0654,2.9559,3.0455,-0.9818,31049.48,9367.445,-0.029900000000000038,湖南,纺织,19980527,
600156.SH,华升股份,20060725,2.9659,3.0455,3.1152,2.9559,2.936,3.7296,75805.97,23137.331,0.10950000000000015,湖南,纺织,19980527,
600156.SH,华升股份,20060724,2.7967,2.936,2.946,2.717,2.8464,3.1478,26960.83,7700.413,0.0895999999999999,湖南,纺织,19980527,
600156.SH,华升股份,20060721,2.8365,2.8464,2.8663,2.7768,2.8265,0.7041,16710.43,4751.411,0.01990000000000025,湖南,纺织,19980527,
600156.SH,华升股份,20060720,2.7867,2.8265,2.8464,2.7469,2.8066,0.709,21664.73,6075.656,0.019899999999999807,湖南,纺织,19980527,
600156.SH,华升股份,20060719,2.8862,2.8066,2.936,2.7967,2.936,-4.4074,21887.08,6252.739,-0.12939999999999996,湖南,纺织,19980527,
600156.SH,华升股份,20060718,2.8862,2.936,2.946,2.7967,2.8862,1.7255,32412.16,9302.951,0.049799999999999844,湖南,纺织,19980527,
600156.SH,华升股份,20060717,2.8862,2.8862,2.9061,2.8166,2.9061,-0.6848,34308.92,9871.944,-0.019899999999999807,湖南,纺织,19980527,
600156.SH,华升股份,20060714,2.946,2.9061,3.0156,2.7569,3.0654,-5.1967,57964.93,16964.61,-0.1593,湖南,纺织,19980527,
600156.SH,华升股份,20060713,3.1351,3.0654,3.2445,2.9659,3.0853,-0.645,172088.49,54417.088,-0.01990000000000025,湖南,纺织,19980527,
600156.SH,华升股份,20060712,3.0654,3.0853,3.0952,2.9957,3.0554,0.9786,53507.19,16305.036,0.029900000000000038,湖南,纺织,19980527,
600156.SH,华升股份,20060711,3.0952,3.0554,3.0952,2.9957,3.0753,-0.6471,33528.16,10229.168,-0.019899999999999807,湖南,纺织,19980527,
600156.SH,华升股份,20060710,3.0156,3.0753,3.1152,3.0156,3.0057,2.3156,43450.46,13411.713,0.06959999999999988,湖南,纺织,19980527,
600156.SH,华升股份,20060707,3.0654,3.0057,3.0753,2.9957,3.0554,-1.6266,39492.29,12039.989,-0.04970000000000008,湖南,纺织,19980527,
600156.SH,华升股份,20060706,2.9659,3.0554,3.0654,2.936,2.9659,3.0176,39735.0,12011.321,0.08950000000000014,湖南,纺织,19980527,
600156.SH,华升股份,20060705,3.0455,2.9659,3.0753,2.946,3.0455,-2.6137,41644.68,12525.262,-0.07960000000000012,湖南,纺织,19980527,
600156.SH,华升股份,20060704,3.145,3.0455,3.155,3.0256,3.1251,-2.5471,57075.22,17630.597,-0.07960000000000012,湖南,纺织,19980527,
600156.SH,华升股份,20060703,3.1152,3.1251,3.155,3.0753,3.1251,0.0,73879.08,23115.603,0.0,湖南,纺织,19980527,
600156.SH,华升股份,20060630,3.1649,3.1251,3.2445,3.0654,3.1351,-0.319,171692.12,54107.214,-0.009999999999999787,湖南,纺织,19980527,
600156.SH,华升股份,20060629,2.9559,3.1351,3.145,2.8962,2.9659,5.7048,153764.43,46513.483,0.16920000000000002,湖南,纺织,19980527,
600156.SH,华升股份,20060628,3.0654,2.9659,3.0853,2.946,3.0554,-2.9292,95886.72,28852.938,-0.08950000000000014,湖南,纺织,19980527,
600156.SH,华升股份,20060627,2.946,3.0554,3.0654,2.8862,4.2199,-27.5954,208209.09,62725.351,-1.1644999999999999,湖南,纺织,19980527,
600156.SH,华升股份,20060602,3.0872,3.08,3.3052,3.0509,3.0219,1.9226,95553.29,41869.099,0.05810000000000004,湖南,纺织,19980527,
600156.SH,华升股份,20060601,2.7313,3.0219,3.0219,2.724,2.7458,10.0554,67184.51,26743.307,0.2761,湖南,纺织,19980527,
600156.SH,华升股份,20060531,2.5424,2.7458,2.7604,2.4771,2.5424,8.0003,59943.77,21911.056,0.2033999999999998,湖南,纺织,19980527,
600156.SH,华升股份,20060530,2.6369,2.5424,2.6369,2.4262,2.4189,5.1056,89803.09,31104.189,0.12350000000000039,湖南,纺织,19980527,
600156.SH,华升股份,20060529,2.2373,2.4189,2.4189,2.2301,2.201,9.9,60323.02,19854.368,0.21789999999999976,湖南,纺织,19980527,
600156.SH,华升股份,20060526,2.1574,2.201,2.2156,2.0485,2.1647,1.6769,62733.9,18657.128,0.03630000000000022,湖南,纺织,19980527,
600156.SH,华升股份,20060525,2.201,2.1647,2.201,1.9758,1.9976,8.365,110395.53,32611.488,0.1670999999999998,湖南,纺织,19980527,
600156.SH,华升股份,20060512,1.9177,1.9976,1.9976,1.9032,1.9323,3.3794,71135.27,19194.325,0.06530000000000014,湖南,纺织,19980527,
600156.SH,华升股份,20060511,2.0485,1.9323,2.1284,1.925,2.0485,-5.6724,85976.01,24167.939,-0.1162000000000003,湖南,纺织,19980527,
600156.SH,华升股份,20060510,1.9177,2.0485,2.0485,1.8523,1.8596,10.1581,84288.19,22778.86,0.1889000000000003,湖南,纺织,19980527,
600156.SH,华升股份,20060509,1.7434,1.8596,1.8596,1.6562,1.6925,9.873,109165.8,27409.645,0.16710000000000003,湖南,纺织,19980527,
600156.SH,华升股份,20060508,1.6417,1.6925,1.7071,1.5981,1.5763,7.3717,111793.82,25643.096,0.11619999999999986,湖南,纺织,19980527,
600156.SH,华升股份,20060428,1.3802,1.5763,1.5763,1.3802,1.431,10.1537,85843.93,18325.268,0.14529999999999998,湖南,纺织,19980527,
600156.SH,华升股份,20060427,1.3584,1.431,1.4456,1.3293,1.3584,5.3445,22760.41,4337.77,0.0726,湖南,纺织,19980527,
600156.SH,华升股份,20060426,1.3657,1.3584,1.3729,1.3439,1.3657,-0.5345,15605.0,2907.557,-0.007299999999999862,湖南,纺织,19980527,
600156.SH,华升股份,20060425,1.3075,1.3657,1.3657,1.3075,1.3366,2.1772,11550.33,2129.592,0.029099999999999904,湖南,纺织,19980527,
600156.SH,华升股份,20060424,1.3729,1.3366,1.3729,1.3221,1.3729,-2.644,15064.45,2790.466,-0.0363,湖南,纺织,19980527,
600156.SH,华升股份,20060421,1.4238,1.3729,1.4238,1.3148,1.4165,-3.078,22357.99,4261.413,-0.04360000000000008,湖南,纺织,19980527,
600156.SH,华升股份,20060420,1.402,1.4165,1.431,1.3947,1.4092,0.518,19397.49,3771.233,0.007300000000000084,湖南,纺织,19980527,
600156.SH,华升股份,20060419,1.431,1.4092,1.431,1.402,1.431,-1.5234,9341.27,1815.924,-0.02180000000000004,湖南,纺织,19980527,
600156.SH,华升股份,20060418,1.4165,1.431,1.4528,1.4092,1.4092,1.547,30359.64,5992.759,0.02180000000000004,湖南,纺织,19980527,
600156.SH,华升股份,20060417,1.3947,1.4092,1.4238,1.3874,1.402,0.5136,13202.2,2552.644,0.007200000000000095,湖南,纺织,19980527,
600156.SH,华升股份,20060414,1.3729,1.402,1.4092,1.3584,1.3802,1.5795,10362.2,1978.116,0.02179999999999982,湖南,纺织,19980527,
600156.SH,华升股份,20060413,1.4238,1.3802,1.4383,1.3802,1.431,-3.55,11064.15,2138.595,-0.050799999999999956,湖南,纺织,19980527,
600156.SH,华升股份,20060412,1.3947,1.431,1.4456,1.3947,1.4092,1.547,15213.34,2977.951,0.02180000000000004,湖南,纺织,19980527,
600156.SH,华升股份,20060411,1.4238,1.4092,1.431,1.3947,1.4165,-0.5154,11240.31,2179.198,-0.007300000000000084,湖南,纺织,19980527,
600156.SH,华升股份,20060410,1.3729,1.4165,1.4238,1.3729,1.3729,3.1758,20165.09,3899.647,0.04360000000000008,湖南,纺织,19980527,
600156.SH,华升股份,20060407,1.3511,1.3729,1.3802,1.3366,1.3657,0.5272,11351.75,2133.462,0.007200000000000095,湖南,纺织,19980527,
600156.SH,华升股份,20060406,1.3947,1.3657,1.3947,1.3657,1.3947,-2.0793,8110.94,1533.312,-0.029000000000000137,湖南,纺织,19980527,
600156.SH,华升股份,20060405,1.3366,1.3947,1.3947,1.3293,1.3366,4.3469,17773.08,3332.53,0.05810000000000004,湖南,纺织,19980527,
600156.SH,华升股份,20060404,1.3511,1.3366,1.3584,1.3148,1.3511,-1.0732,15506.85,2846.856,-0.014499999999999957,湖南,纺织,19980527,
600156.SH,华升股份,20060403,1.3439,1.3511,1.3584,1.3366,1.3439,0.5358,9076.72,1685.251,0.007199999999999873,湖南,纺织,19980527,
600156.SH,华升股份,20060331,1.3657,1.3439,1.3729,1.3439,1.3729,-2.1123,8071.71,1503.235,-0.028999999999999915,湖南,纺织,19980527,
600156.SH,华升股份,20060330,1.3802,1.3729,1.3802,1.3584,1.3947,-1.5631,8533.54,1614.396,-0.02180000000000004,湖南,纺织,19980527,
600156.SH,华升股份,20060329,1.3947,1.3947,1.402,1.3802,1.3947,0.0,11455.0,2194.251,0.0,湖南,纺织,19980527,
600156.SH,华升股份,20060328,1.3657,1.3947,1.402,1.3584,1.3657,2.1235,10218.78,1942.096,0.029000000000000137,湖南,纺织,19980527,
600156.SH,华升股份,20060327,1.3657,1.3657,1.3729,1.3439,1.3729,-0.5244,7514.21,1408.186,-0.007200000000000095,湖南,纺织,19980527,
600156.SH,华升股份,20060324,1.3947,1.3729,1.402,1.3657,1.3947,-1.5631,6861.83,1305.465,-0.02180000000000004,湖南,纺织,19980527,
600156.SH,华升股份,20060323,1.3802,1.3947,1.4092,1.3729,1.3802,1.0506,10924.0,2086.091,0.014499999999999957,湖南,纺织,19980527,
600156.SH,华升股份,20060322,1.3729,1.3802,1.3802,1.3511,1.3802,0.0,10097.46,1896.501,0.0,湖南,纺织,19980527,
600156.SH,华升股份,20060321,1.3584,1.3802,1.3947,1.3511,1.3584,1.6048,11692.17,2204.585,0.02180000000000004,湖南,纺织,19980527,
600156.SH,华升股份,20060320,1.3511,1.3584,1.3729,1.3439,1.3584,0.0,8443.71,1574.686,0.0,湖南,纺织,19980527,
600156.SH,华升股份,20060317,1.3584,1.3584,1.3657,1.3439,1.3584,0.0,5457.65,1019.209,0.0,湖南,纺织,19980527,
600156.SH,华升股份,20060316,1.3657,1.3584,1.3657,1.3439,1.3729,-1.0562,8541.13,1593.886,-0.014499999999999957,湖南,纺织,19980527,
600156.SH,华升股份,20060315,1.3584,1.3729,1.3729,1.3511,1.3584,1.0674,5657.68,1060.439,0.014499999999999957,湖南,纺织,19980527,
600156.SH,华升股份,20060314,1.3511,1.3584,1.3729,1.3366,1.3511,0.5403,5054.37,944.189,0.007300000000000084,湖南,纺织,19980527,
600156.SH,华升股份,20060313,1.3439,1.3511,1.3657,1.3439,1.3439,0.5358,5373.25,1001.01,0.007199999999999873,湖南,纺织,19980527,
600156.SH,华升股份,20060310,1.3584,1.3439,1.3729,1.3366,1.3729,-2.1123,13823.75,2565.079,-0.028999999999999915,湖南,纺织,19980527,
600156.SH,华升股份,20060309,1.3657,1.3729,1.3729,1.3511,1.3657,0.5272,3425.47,641.883,0.007200000000000095,湖南,纺织,19980527,
600156.SH,华升股份,20060308,1.3729,1.3657,1.3874,1.3511,1.3802,-1.0506,8474.65,1592.239,-0.01450000000000018,湖南,纺织,19980527,
600156.SH,华升股份,20060307,1.402,1.3802,1.4092,1.3657,1.4165,-2.5627,10806.59,2055.509,-0.0363,湖南,纺织,19980527,
600156.SH,华升股份,20060306,1.4456,1.4165,1.4528,1.4165,1.4528,-2.4986,8778.3,1730.273,-0.0363,湖南,纺织,19980527,
600156.SH,华升股份,20060303,1.4456,1.4528,1.4601,1.431,1.4528,0.0,8557.95,1698.756,0.0,湖南,纺织,19980527,
600156.SH,华升股份,20060302,1.4746,1.4528,1.4964,1.4383,1.4819,-1.9637,9439.23,1911.979,-0.029099999999999904,湖南,纺织,19980527,
600156.SH,华升股份,20060301,1.4964,1.4819,1.5182,1.4819,1.4891,-0.4835,15169.31,3127.81,-0.007200000000000095,湖南,纺织,19980527,
600156.SH,华升股份,20060228,1.4528,1.4891,1.5037,1.431,1.4528,2.4986,18586.93,3790.147,0.0363,湖南,纺织,19980527,
600156.SH,华升股份,20060227,1.4673,1.4528,1.4819,1.4383,1.4673,-0.9882,10470.63,2102.424,-0.014499999999999957,湖南,纺织,19980527,
600156.SH,华升股份,20060224,1.4964,1.4673,1.5037,1.4601,1.4964,-1.9447,14797.76,3012.32,-0.029099999999999904,湖南,纺织,19980527,
600156.SH,华升股份,20060223,1.4746,1.4964,1.5037,1.4601,1.4746,1.4784,17058.06,3479.47,0.02180000000000004,湖南,纺织,19980527,
600156.SH,华升股份,20060222,1.4891,1.4746,1.4964,1.4673,1.4891,-0.9737,16759.58,3422.302,-0.01450000000000018,湖南,纺织,19980527,
600156.SH,华升股份,20060221,1.4528,1.4891,1.4964,1.4383,1.4746,0.9833,25197.38,5117.307,0.01450000000000018,湖南,纺织,19980527,
600156.SH,华升股份,20060220,1.4238,1.4746,1.4964,1.3874,1.4238,3.5679,24606.23,4928.021,0.050799999999999956,湖南,纺织,19980527,
600156.SH,华升股份,20060217,1.4092,1.4238,1.4456,1.3874,1.402,1.5549,16021.21,3139.361,0.02180000000000004,湖南,纺织,19980527,
600156.SH,华升股份,20060216,1.4238,1.402,1.4383,1.3802,1.431,-2.0266,8853.64,1715.889,-0.029000000000000137,湖南,纺织,19980527,
600156.SH,华升股份,20060215,1.4456,1.431,1.4601,1.4238,1.4456,-1.01,10192.24,2016.513,-0.014599999999999946,湖南,纺织,19980527,
600156.SH,华升股份,20060214,1.4456,1.4456,1.4746,1.431,1.4456,0.0,18530.34,3706.955,0.0,湖南,纺织,19980527,
600156.SH,华升股份,20060213,1.4092,1.4456,1.4456,1.4092,1.4092,2.583,16352.15,3216.269,0.03639999999999999,湖南,纺织,19980527,
600156.SH,华升股份,20060210,1.402,1.4092,1.4092,1.3802,1.4092,0.0,9279.18,1785.589,0.0,湖南,纺织,19980527,
600156.SH,华升股份,20060209,1.402,1.4092,1.4238,1.3802,1.4092,0.0,9118.13,1764.908,0.0,湖南,纺织,19980527,
600156.SH,华升股份,20060208,1.3802,1.4092,1.4092,1.3802,1.3802,2.1011,12159.35,2333.993,0.028999999999999915,湖南,纺织,19980527,
600156.SH,华升股份,20060207,1.3657,1.3802,1.3874,1.3584,1.3802,0.0,15114.66,2857.302,0.0,湖南,纺织,19980527,
600156.SH,华升股份,20060206,1.3439,1.3802,1.3874,1.3221,1.3439,2.7011,8572.5,1611.688,0.0363,湖南,纺织,19980527,
600156.SH,华升股份,20060125,1.3802,1.3439,1.3802,1.3148,1.3729,-2.1123,10596.62,1973.203,-0.028999999999999915,湖南,纺织,19980527,
600156.SH,华升股份,20060124,1.3729,1.3729,1.3874,1.3657,1.3729,0.0,12446.6,2353.536,0.0,湖南,纺织,19980527,
600156.SH,华升股份,20060123,1.3729,1.3729,1.402,1.3584,1.3802,-0.5289,14436.31,2745.103,-0.007300000000000084,湖南,纺织,19980527,
600156.SH,华升股份,20060120,1.4238,1.3802,1.431,1.3802,1.4238,-3.0622,18127.08,3479.227,-0.04359999999999986,湖南,纺织,19980527,
600156.SH,华升股份,20060119,1.431,1.4238,1.4383,1.4092,1.4238,0.0,12076.43,2365.983,0.0,湖南,纺织,19980527,
600156.SH,华升股份,20060118,1.402,1.4238,1.4383,1.402,1.4092,1.036,14628.84,2866.131,0.014599999999999946,湖南,纺织,19980527,
600156.SH,华升股份,20060117,1.3947,1.4092,1.4092,1.3874,1.402,0.5136,6502.68,1251.827,0.007200000000000095,湖南,纺织,19980527,
600156.SH,华升股份,20060116,1.4238,1.402,1.431,1.3947,1.4238,-1.5311,8899.3,1729.204,-0.02180000000000004,湖南,纺织,19980527,
600156.SH,华升股份,20060113,1.4165,1.4238,1.4238,1.3947,1.4092,1.036,13475.09,2613.098,0.014599999999999946,湖南,纺织,19980527,
600156.SH,华升股份,20060112,1.3802,1.4092,1.4092,1.3802,1.3874,1.5713,10536.26,2018.513,0.02180000000000004,湖南,纺织,19980527,
600156.SH,华升股份,20060111,1.4165,1.3874,1.4165,1.3729,1.4165,-2.0544,9347.13,1787.569,-0.029100000000000126,湖南,纺织,19980527,
600156.SH,华升股份,20060110,1.4238,1.4165,1.4238,1.3947,1.4238,-0.5127,8400.13,1626.126,-0.007299999999999862,湖南,纺织,19980527,
600156.SH,华升股份,20060109,1.3947,1.4238,1.4238,1.3729,1.3947,2.0865,14790.48,2853.617,0.029099999999999904,湖南,纺织,19980527,
600156.SH,华升股份,20060106,1.3802,1.3947,1.402,1.3584,1.3802,1.0506,12637.48,2402.341,0.014499999999999957,湖南,纺织,19980527,
600156.SH,华升股份,20060105,1.3802,1.3802,1.3802,1.3511,1.3802,0.0,8064.6,1519.762,0.0,湖南,纺织,19980527,
600156.SH,华升股份,20060104,1.3511,1.3802,1.3874,1.3511,1.3657,1.0617,5242.56,992.791,0.01450000000000018,湖南,纺织,19980527,
600156.SH,华升股份,20051229,1.3802,1.3657,1.3874,1.3511,1.3657,0.0,9229.66,1735.918,0.0,湖南,纺织,19980527,
600156.SH,华升股份,20051228,1.3802,1.3657,1.3874,1.3511,1.3874,-1.5641,7145.0,1346.861,-0.021700000000000053,湖南,纺织,19980527,
600156.SH,华升股份,20051227,1.4092,1.3874,1.4092,1.3802,1.4092,-1.547,8148.95,1556.779,-0.02180000000000004,湖南,纺织,19980527,
600156.SH,华升股份,20051226,1.402,1.4092,1.4238,1.3947,1.402,0.5136,6825.77,1324.668,0.007200000000000095,湖南,纺织,19980527,
600156.SH,华升股份,20051223,1.3874,1.402,1.4092,1.3729,1.3874,1.0523,5695.4,1090.164,0.014599999999999946,湖南,纺织,19980527,
600156.SH,华升股份,20051222,1.3729,1.3874,1.4092,1.3729,1.3947,-0.5234,2511.25,479.964,-0.007300000000000084,湖南,纺织,19980527,
600156.SH,华升股份,20051221,1.3947,1.3947,1.4092,1.3947,1.402,-0.5207,2937.45,567.75,-0.007299999999999862,湖南,纺织,19980527,
600156.SH,华升股份,20051220,1.4165,1.402,1.4165,1.3874,1.4165,-1.0236,3115.77,599.491,-0.01450000000000018,湖南,纺织,19980527,
600156.SH,华升股份,20051219,1.4092,1.4165,1.4383,1.402,1.431,-1.0133,4540.0,883.331,-0.014499999999999957,湖南,纺织,19980527,
600156.SH,华升股份,20051216,1.4165,1.431,1.431,1.3874,1.4165,1.0236,6123.13,1187.78,0.014499999999999957,湖南,纺织,19980527,
600156.SH,华升股份,20051215,1.4165,1.4165,1.4601,1.4092,1.402,1.0342,31395.85,6211.067,0.01450000000000018,湖南,纺织,19980527,
600156.SH,华升股份,20051214,1.3439,1.402,1.4165,1.3148,1.3439,4.3232,11223.44,2127.513,0.05809999999999982,湖南,纺织,19980527,
600156.SH,华升股份,20051213,1.3439,1.3439,1.3439,1.3148,1.3366,0.5462,2087.0,381.887,0.007300000000000084,湖南,纺织,19980527,
600156.SH,华升股份,20051212,1.3366,1.3366,1.3439,1.3148,1.3366,0.0,2693.68,494.412,0.0,湖南,纺织,19980527,
600156.SH,华升股份,20051209,1.3293,1.3366,1.3439,1.3075,1.3148,1.658,3036.59,556.098,0.02180000000000004,湖南,纺织,19980527,
600156.SH,华升股份,20051208,1.3148,1.3148,1.3293,1.3075,1.3148,0.0,2661.08,480.709,0.0,湖南,纺织,19980527,
600156.SH,华升股份,20051207,1.293,1.3148,1.3293,1.2785,1.3075,0.5583,4435.87,797.542,0.007299999999999862,湖南,纺织,19980527,
600156.SH,华升股份,20051206,1.293,1.3075,1.3221,1.293,1.293,1.1214,3966.08,710.922,0.01450000000000018,湖南,纺织,19980527,
600156.SH,华升股份,20051205,1.3511,1.293,1.3729,1.293,1.3511,-4.3002,4368.86,792.102,-0.05810000000000004,湖南,纺织,19980527,
600156.SH,华升股份,20051202,1.3729,1.3511,1.3802,1.3511,1.3729,-1.5879,3313.0,621.754,-0.02180000000000004,湖南,纺织,19980527,
600156.SH,华升股份,20051201,1.3802,1.3729,1.3874,1.3584,1.3947,-1.5631,4202.39,792.495,-0.02180000000000004,湖南,纺织,19980527,
600156.SH,华升股份,20051130,1.4092,1.3947,1.4092,1.3729,1.431,-2.5367,6616.17,1262.783,-0.0363,湖南,纺织,19980527,
600156.SH,华升股份,20051128,1.4528,1.431,1.4673,1.4092,1.4528,-1.5006,7418.44,1463.892,-0.02180000000000004,湖南,纺织,19980527,
600156.SH,华升股份,20051125,1.4165,1.4528,1.4819,1.402,1.4238,2.0368,11724.93,2332.018,0.029000000000000137,湖南,纺织,19980527,
600156.SH,华升股份,20051124,1.4092,1.4238,1.4456,1.4092,1.4238,0.0,4953.3,971.646,0.0,湖南,纺织,19980527,
600156.SH,华升股份,20051123,1.4092,1.4238,1.4383,1.4092,1.4165,0.5154,6545.15,1278.045,0.007299999999999862,湖南,纺织,19980527,
600156.SH,华升股份,20051122,1.4383,1.4165,1.4528,1.4165,1.4601,-2.9861,15858.0,3134.537,-0.04359999999999986,湖南,纺织,19980527,
600156.SH,华升股份,20051121,1.431,1.4601,1.4891,1.4238,1.4456,1.003,38897.85,7782.733,0.014499999999999957,湖南,纺织,19980527,
600156.SH,华升股份,20051118,1.3439,1.4456,1.4528,1.3293,1.3511,6.9943,30270.11,5859.745,0.09450000000000003,湖南,纺织,19980527,
600156.SH,华升股份,20051117,1.3511,1.3511,1.3584,1.3221,1.3511,0.0,4218.49,781.705,0.0,湖南,纺织,19980527,
600156.SH,华升股份,20051116,1.3366,1.3511,1.3657,1.3003,1.3439,0.5358,4577.69,837.034,0.007199999999999873,湖南,纺织,19980527,
600156.SH,华升股份,20051115,1.3511,1.3439,1.3584,1.3221,1.3511,-0.5329,5847.49,1080.338,-0.007199999999999873,湖南,纺织,19980527,
600156.SH,华升股份,20051114,1.3366,1.3511,1.3511,1.3148,1.3293,1.64,5981.3,1095.342,0.02180000000000004,湖南,纺织,19980527,
600156.SH,华升股份,20051111,1.293,1.3293,1.3439,1.2785,1.3003,2.2303,5326.55,967.905,0.028999999999999915,湖南,纺织,19980527,
600156.SH,华升股份,20051110,1.3439,1.3003,1.3439,1.2785,1.3439,-3.2443,6995.76,1253.527,-0.04360000000000008,湖南,纺织,19980527,
600156.SH,华升股份,20051109,1.3802,1.3439,1.3947,1.3439,1.3657,-1.5963,8641.65,1626.769,-0.02179999999999982,湖南,纺织,19980527,
600156.SH,华升股份,20051108,1.3439,1.3657,1.3802,1.3221,1.3366,2.1772,8912.27,1660.366,0.029099999999999904,湖南,纺织,19980527,
600156.SH,华升股份,20051107,1.3221,1.3366,1.3511,1.3003,1.3148,1.658,5270.53,964.296,0.02180000000000004,湖南,纺织,19980527,
600156.SH,华升股份,20051104,1.3148,1.3148,1.3221,1.2857,1.3148,0.0,3982.77,716.785,0.0,湖南,纺织,19980527,
600156.SH,华升股份,20051103,1.3221,1.3148,1.3439,1.3003,1.3221,-0.5522,4202.38,762.642,-0.007300000000000084,湖南,纺织,19980527,
600156.SH,华升股份,20051102,1.2857,1.3221,1.3293,1.2857,1.3003,1.6765,8889.38,1608.319,0.02180000000000004,湖南,纺织,19980527,
600156.SH,华升股份,20051101,1.3075,1.3003,1.3221,1.2712,1.3148,-1.1028,5214.0,924.617,-0.014499999999999957,湖南,纺织,19980527,
600156.SH,华升股份,20051031,1.293,1.3148,1.3293,1.2494,1.3221,-0.5522,7478.0,1341.069,-0.007300000000000084,湖南,纺织,19980527,
600156.SH,华升股份,20051028,1.4528,1.3221,1.4601,1.3075,1.4528,-8.9964,33986.47,6449.496,-0.13070000000000004,湖南,纺织,19980527,
600156.SH,华升股份,20051027,1.4383,1.4528,1.4673,1.4092,1.4383,1.0081,14658.88,2908.399,0.01450000000000018,湖南,纺织,19980527,
600156.SH,华升股份,20051026,1.402,1.4383,1.4601,1.3584,1.4092,2.065,24799.15,4875.327,0.029099999999999904,湖南,纺织,19980527,
600156.SH,华升股份,20051025,1.4673,1.4092,1.4673,1.4092,1.4673,-3.9597,7980.61,1559.834,-0.05810000000000004,湖南,纺织,19980527,
600156.SH,华升股份,20051024,1.4528,1.4673,1.4891,1.3947,1.4819,-0.9852,7546.28,1509.607,-0.014599999999999946,湖南,纺织,19980527,
600156.SH,华升股份,20051021,1.4746,1.4819,1.5037,1.4673,1.4746,0.495,6482.19,1329.055,0.007300000000000084,湖南,纺织,19980527,
600156.SH,华升股份,20051020,1.4819,1.4746,1.4819,1.4528,1.4819,-0.4926,5891.58,1189.905,-0.007300000000000084,湖南,纺织,19980527,
600156.SH,华升股份,20051019,1.4673,1.4819,1.5109,1.4673,1.4819,0.0,8371.63,1720.365,0.0,湖南,纺织,19980527,
600156.SH,华升股份,20051018,1.4528,1.4819,1.4819,1.4383,1.4528,2.003,6055.22,1221.648,0.029099999999999904,湖南,纺织,19980527,
600156.SH,华升股份,20051017,1.4456,1.4528,1.4964,1.4383,1.4456,0.4981,5910.31,1184.17,0.007200000000000095,湖南,纺织,19980527,
600156.SH,华升股份,20051014,1.4964,1.4456,1.4964,1.431,1.5037,-3.8638,8380.9,1674.595,-0.05810000000000004,湖南,纺织,19980527,
600156.SH,华升股份,20051013,1.5037,1.5037,1.5182,1.4819,1.4891,0.9805,8919.88,1846.309,0.014599999999999946,湖南,纺织,19980527,
600156.SH,华升股份,20051012,1.4528,1.4891,1.4964,1.4456,1.4601,1.9862,8911.86,1800.8,0.029000000000000137,湖南,纺织,19980527,
600156.SH,华升股份,20051011,1.431,1.4601,1.4673,1.4238,1.4092,3.612,9026.18,1804.715,0.050899999999999945,湖南,纺织,19980527,
600156.SH,华升股份,20051010,1.4383,1.4092,1.4383,1.402,1.4383,-2.0232,3874.99,758.402,-0.029099999999999904,湖南,纺织,19980527,
600156.SH,华升股份,20050930,1.4601,1.4383,1.4601,1.4238,1.431,0.5101,9999.0,1982.72,0.007299999999999862,湖南,纺织,19980527,
600156.SH,华升股份,20050929,1.402,1.431,1.4383,1.3874,1.4092,1.547,12398.59,2424.814,0.02180000000000004,湖南,纺织,19980527,
600156.SH,华升股份,20050927,1.5037,1.4092,1.5255,1.4092,1.5037,-6.2845,14802.8,2945.774,-0.09450000000000003,湖南,纺织,19980527,
600156.SH,华升股份,20050926,1.4891,1.5037,1.5182,1.4819,1.5182,-0.9551,6781.13,1397.284,-0.014499999999999957,湖南,纺织,19980527,
600156.SH,华升股份,20050923,1.5618,1.5182,1.569,1.4601,1.5618,-2.7917,20441.97,4258.301,-0.04360000000000008,湖南,纺织,19980527,
600156.SH,华升股份,20050922,1.6562,1.5618,1.6707,1.5327,1.6562,-5.6998,21852.32,4784.996,-0.09439999999999982,湖南,纺织,19980527,
600156.SH,华升股份,20050921,1.6417,1.6562,1.7071,1.6126,1.649,0.4366,35210.4,8041.648,0.007199999999999873,湖南,纺织,19980527,
600156.SH,华升股份,20050920,1.6562,1.649,1.6707,1.6126,1.649,0.0,17130.24,3843.045,0.0,湖南,纺织,19980527,
600156.SH,华升股份,20050919,1.6272,1.649,1.6635,1.6272,1.6344,0.8933,18754.64,4248.234,0.014599999999999946,湖南,纺织,19980527,
600156.SH,华升股份,20050916,1.6126,1.6344,1.6562,1.5908,1.6199,0.8951,27497.1,6166.995,0.01450000000000018,湖南,纺织,19980527,
600156.SH,华升股份,20050915,1.6126,1.6199,1.6272,1.5836,1.6126,0.4527,21581.67,4773.79,0.007299999999999862,湖南,纺织,19980527,
600156.SH,华升股份,20050914,1.6272,1.6126,1.6272,1.5836,1.6272,-0.8972,27364.33,6042.818,-0.014599999999999946,湖南,纺织,19980527,
600156.SH,华升股份,20050913,1.569,1.6272,1.6272,1.5618,1.569,3.7094,26342.28,5795.744,0.05820000000000003,湖南,纺织,19980527,
600156.SH,华升股份,20050912,1.5618,1.569,1.6344,1.5618,1.5908,-1.3704,22936.7,5040.108,-0.02180000000000004,湖南,纺织,19980527,
600156.SH,华升股份,20050909,1.5109,1.5908,1.5981,1.5037,1.5327,3.7907,32109.83,6922.63,0.05810000000000004,湖南,纺织,19980527,
600156.SH,华升股份,20050908,1.569,1.5327,1.5763,1.5182,1.5545,-1.4024,14368.37,3044.296,-0.02180000000000004,湖南,纺织,19980527,
600156.SH,华升股份,20050907,1.5037,1.5545,1.5618,1.4819,1.5182,2.391,21116.59,4412.255,0.0363,湖南,纺织,19980527,
600156.SH,华升股份,20050906,1.5981,1.5182,1.6054,1.5109,1.5908,-4.5637,26802.2,5780.785,-0.0726,湖南,纺织,19980527,
600156.SH,华升股份,20050905,1.5836,1.5908,1.5981,1.5473,1.5908,0.0,26550.53,5739.289,0.0,湖南,纺织,19980527,
600156.SH,华升股份,20050902,1.6272,1.5908,1.6272,1.5618,1.6272,-2.237,34134.18,7490.858,-0.03639999999999999,湖南,纺织,19980527,
600156.SH,华升股份,20050901,1.5763,1.6272,1.6344,1.5618,1.5763,3.2291,82773.82,18177.042,0.050899999999999945,湖南,纺织,19980527,
600156.SH,华升股份,20050831,1.54,1.5763,1.5908,1.4964,1.5473,1.8742,63400.4,13613.551,0.029000000000000137,湖南,纺织,19980527,
600156.SH,华升股份,20050830,1.4673,1.5473,1.5545,1.4383,1.4819,4.4133,47389.36,9850.353,0.0653999999999999,湖南,纺织,19980527,
600156.SH,华升股份,20050829,1.5763,1.4819,1.5763,1.4601,1.4746,0.495,39575.83,8164.286,0.007300000000000084,湖南,纺织,19980527,
600156.SH,华升股份,20050826,1.4238,1.4746,1.4891,1.4092,1.4238,3.5679,48260.01,9709.595,0.050799999999999956,湖南,纺织,19980527,
600156.SH,华升股份,20050825,1.3366,1.4238,1.431,1.3366,1.402,1.5549,22308.06,4315.944,0.02180000000000004,湖南,纺织,19980527,
600156.SH,华升股份,20050824,1.402,1.402,1.4383,1.3802,1.4092,-0.5109,17476.57,3368.529,-0.007200000000000095,湖南,纺织,19980527,
600156.SH,华升股份,20050823,1.402,1.4092,1.4456,1.3802,1.3947,1.0397,22935.68,4462.907,0.014499999999999957,湖南,纺织,19980527,
600156.SH,华升股份,20050822,1.3657,1.3947,1.402,1.3511,1.3657,2.1235,12335.63,2350.53,0.029000000000000137,湖南,纺织,19980527,
600156.SH,华升股份,20050819,1.3584,1.3657,1.3947,1.3293,1.3802,-1.0506,19380.91,3625.629,-0.01450000000000018,湖南,纺织,19980527,
600156.SH,华升股份,20050818,1.4092,1.3802,1.4746,1.3729,1.4092,-2.0579,42807.64,8456.896,-0.028999999999999915,湖南,纺织,19980527,
600156.SH,华升股份,20050817,1.3729,1.4092,1.4165,1.3439,1.3802,2.1011,22259.33,4242.344,0.028999999999999915,湖南,纺织,19980527,
600156.SH,华升股份,20050816,1.3947,1.3802,1.402,1.3657,1.3947,-1.0397,21152.5,4024.516,-0.014499999999999957,湖南,纺织,19980527,
600156.SH,华升股份,20050815,1.3439,1.3947,1.402,1.3439,1.3657,2.1235,18754.08,3532.392,0.029000000000000137,湖南,纺织,19980527,
600156.SH,华升股份,20050812,1.4383,1.3657,1.4456,1.3584,1.4456,-5.5271,28047.0,5401.062,-0.07990000000000008,湖南,纺织,19980527,
600156.SH,华升股份,20050811,1.4238,1.4456,1.4673,1.4092,1.4238,1.5311,36489.0,7216.469,0.02180000000000004,湖南,纺织,19980527,
600156.SH,华升股份,20050810,1.4165,1.4238,1.431,1.3802,1.4238,0.0,28430.4,5506.143,0.0,湖南,纺织,19980527,
600156.SH,华升股份,20050809,1.3802,1.4238,1.4238,1.3584,1.3802,3.159,25631.62,4924.736,0.04359999999999986,湖南,纺织,19980527,
600156.SH,华升股份,20050808,1.3802,1.3802,1.402,1.3439,1.3802,0.0,19513.44,3684.446,0.0,湖南,纺织,19980527,
600156.SH,华升股份,20050805,1.3439,1.3802,1.3802,1.3439,1.3584,1.6048,19881.17,3744.439,0.02180000000000004,湖南,纺织,19980527,
600156.SH,华升股份,20050804,1.3802,1.3584,1.3802,1.3439,1.3947,-2.6027,23985.92,4478.705,-0.0363,湖南,纺织,19980527,
600156.SH,华升股份,20050803,1.3584,1.3947,1.431,1.3584,1.3511,3.227,69204.87,13302.154,0.04360000000000008,湖南,纺织,19980527,
600156.SH,华升股份,20050802,1.3221,1.3511,1.3729,1.3075,1.3293,1.64,54469.29,10107.425,0.02180000000000004,湖南,纺织,19980527,
600156.SH,华升股份,20050801,1.2494,1.3293,1.3511,1.2494,1.2567,5.777,33509.31,5990.421,0.0726,湖南,纺织,19980527,
600156.SH,华升股份,20050729,1.293,1.2567,1.293,1.2494,1.293,-2.8074,17102.0,2978.22,-0.0363,湖南,纺织,19980527,
600156.SH,华升股份,20050728,1.2712,1.293,1.3148,1.2494,1.264,2.2943,31480.25,5581.668,0.028999999999999915,湖南,纺织,19980527,
600156.SH,华升股份,20050727,1.2349,1.264,1.2712,1.2349,1.2422,1.755,18526.59,3197.372,0.02180000000000004,湖南,纺织,19980527,
600156.SH,华升股份,20050726,1.2204,1.2422,1.2567,1.2058,1.2058,3.0187,20917.53,3562.829,0.03639999999999999,湖南,纺织,19980527,
600156.SH,华升股份,20050725,1.2204,1.2058,1.2204,1.184,1.2204,-1.1963,11722.87,1932.847,-0.014599999999999946,湖南,纺织,19980527,
600156.SH,华升股份,20050722,1.2131,1.2204,1.264,1.1695,1.2131,0.6018,33179.46,5584.228,0.007299999999999862,湖南,纺织,19980527,
600156.SH,华升股份,20050721,1.1986,1.2131,1.2204,1.1768,1.1986,1.2097,11803.05,1941.44,0.014499999999999957,湖南,纺织,19980527,
600156.SH,华升股份,20050720,1.2204,1.1986,1.2349,1.184,1.2349,-2.9395,11442.3,1901.106,-0.0363,湖南,纺织,19980527,
600156.SH,华升股份,20050719,1.2058,1.2349,1.2567,1.1986,1.2349,0.0,12250.52,2059.713,0.0,湖南,纺织,19980527,
600156.SH,华升股份,20050718,1.2349,1.2349,1.2567,1.1695,1.2349,0.0,16230.07,2683.407,0.0,湖南,纺织,19980527,
600156.SH,华升股份,20050715,1.2857,1.2349,1.3075,1.2058,1.293,-4.4934,20028.04,3444.83,-0.05809999999999982,湖南,纺织,19980527,
600156.SH,华升股份,20050714,1.3221,1.293,1.3366,1.2712,1.3511,-4.3002,31183.9,5597.919,-0.05810000000000004,湖南,纺织,19980527,
600156.SH,华升股份,20050713,1.2712,1.3511,1.3802,1.2131,1.293,4.4934,77182.38,13864.305,0.05810000000000004,湖南,纺织,19980527,
600156.SH,华升股份,20050712,1.184,1.293,1.3003,1.1332,1.2567,2.8885,58809.55,9725.7,0.0363,湖南,纺织,19980527,
600156.SH,华升股份,20050711,1.2567,1.2567,1.3221,1.2567,1.3947,-9.8946,39066.22,6877.661,-0.13800000000000012,湖南,纺织,19980527,
600156.SH,华升股份,20050708,1.4383,1.3947,1.4383,1.3729,1.4383,-3.0314,7206.41,1380.689,-0.04359999999999986,湖南,纺织,19980527,
600156.SH,华升股份,20050707,1.4092,1.4383,1.4456,1.4092,1.4092,2.065,7459.38,1468.899,0.029099999999999904,湖南,纺织,19980527,
600156.SH,华升股份,20050706,1.4092,1.4092,1.4238,1.3874,1.402,0.5136,8768.9,1699.654,0.007200000000000095,湖南,纺织,19980527,
600156.SH,华升股份,20050705,1.3947,1.402,1.4165,1.3439,1.3947,0.5234,7340.63,1403.192,0.007299999999999862,湖南,纺织,19980527,
600156.SH,华升股份,20050704,1.431,1.3947,1.4383,1.3075,1.4456,-3.521,10994.47,2072.988,-0.050899999999999945,湖南,纺织,19980527,
600156.SH,华升股份,20050701,1.4528,1.4456,1.5037,1.4383,1.4746,-1.9666,7424.51,1492.799,-0.028999999999999915,湖南,纺织,19980527,
600156.SH,华升股份,20050630,1.5545,1.4746,1.5545,1.4746,1.569,-6.0166,7294.0,1513.314,-0.09440000000000004,湖南,纺织,19980527,
600156.SH,华升股份,20050629,1.5618,1.569,1.5836,1.5473,1.5545,0.9328,3131.75,674.548,0.014499999999999957,湖南,纺织,19980527,
600156.SH,华升股份,20050628,1.5981,1.5545,1.5981,1.5473,1.5981,-2.7282,6090.47,1309.848,-0.04360000000000008,湖南,纺织,19980527,
600156.SH,华升股份,20050627,1.5908,1.5981,1.6272,1.5836,1.569,1.8547,13129.38,2903.244,0.029100000000000126,湖南,纺织,19980527,
600156.SH,华升股份,20050624,1.5908,1.569,1.5908,1.5473,1.5763,-0.4631,3946.96,850.389,-0.007300000000000084,湖南,纺织,19980527,
600156.SH,华升股份,20050623,1.5836,1.5763,1.6126,1.569,1.6054,-1.8126,4955.57,1085.939,-0.029099999999999904,湖南,纺织,19980527,
600156.SH,华升股份,20050622,1.569,1.6054,1.6126,1.569,1.5908,0.9178,6719.34,1468.255,0.014599999999999946,湖南,纺织,19980527,
600156.SH,华升股份,20050621,1.6272,1.5908,1.6344,1.5618,1.6126,-1.3519,7980.5,1746.451,-0.02180000000000004,湖南,纺织,19980527,
600156.SH,华升股份,20050620,1.5981,1.6126,1.6126,1.54,1.5618,3.2527,7765.67,1701.232,0.050799999999999956,湖南,纺织,19980527,
600156.SH,华升股份,20050617,1.6199,1.5618,1.6199,1.5545,1.6054,-2.7158,7476.0,1630.285,-0.04359999999999986,湖南,纺织,19980527,
600156.SH,华升股份,20050616,1.6126,1.6054,1.6272,1.5618,1.6054,0.0,10620.86,2325.041,0.0,湖南,纺织,19980527,
600156.SH,华升股份,20050615,1.6344,1.6054,1.6562,1.5908,1.678,-4.3266,14979.96,3330.901,-0.0726,湖南,纺织,19980527,
600156.SH,华升股份,20050614,1.7434,1.678,1.7797,1.6707,1.7724,-5.3261,29533.95,7064.283,-0.09440000000000004,湖南,纺织,19980527,
600156.SH,华升股份,20050613,1.6998,1.7724,1.7797,1.6998,1.6925,4.7208,28645.81,6884.823,0.07990000000000008,湖南,纺织,19980527,
600156.SH,华升股份,20050610,1.6925,1.6925,1.7216,1.6417,1.6925,0.0,15870.08,3662.319,0.0,湖南,纺织,19980527,
600156.SH,华升股份,20050609,1.7289,1.6925,1.7289,1.6635,1.7216,-1.6903,30699.95,7189.424,-0.029100000000000126,湖南,纺织,19980527,
600156.SH,华升股份,20050608,1.5763,1.7216,1.7361,1.5545,1.5763,9.2178,35968.2,8205.102,0.14529999999999998,湖南,纺织,19980527,
600156.SH,华升股份,20050607,1.5763,1.5763,1.5836,1.5545,1.5763,0.0,9545.03,2067.298,0.0,湖南,纺织,19980527,
600156.SH,华升股份,20050606,1.5836,1.5763,1.5981,1.5618,1.5763,0.0,20850.63,4525.196,0.0,湖南,纺织,19980527,
600156.SH,华升股份,20050603,1.5545,1.5763,1.5908,1.5255,1.5618,0.9284,10829.24,2333.671,0.014499999999999957,湖南,纺织,19980527,
600156.SH,华升股份,20050602,1.5255,1.5618,1.569,1.5255,1.5109,3.3689,13280.4,2828.124,0.05090000000000017,湖南,纺织,19980527,
600156.SH,华升股份,20050601,1.5327,1.5109,1.5473,1.4891,1.5473,-2.3525,5898.92,1230.368,-0.03639999999999999,湖南,纺织,19980527,
600156.SH,华升股份,20050531,1.5981,1.5473,1.6344,1.5255,1.5545,-0.4632,8268.1,1780.226,-0.007200000000000095,湖南,纺织,19980527,
600156.SH,华升股份,20050530,1.5255,1.5545,1.5618,1.5109,1.5255,1.901,7908.6,1677.54,0.028999999999999915,湖南,纺织,19980527,
600156.SH,华升股份,20050527,1.5109,1.5255,1.5618,1.5037,1.5109,0.9663,5512.3,1163.946,0.014600000000000168,湖南,纺织,19980527,
600156.SH,华升股份,20050526,1.5255,1.5109,1.5545,1.4964,1.5255,-0.9571,4215.67,880.512,-0.014600000000000168,湖南,纺织,19980527,
600156.SH,华升股份,20050525,1.4891,1.5255,1.5327,1.4746,1.5037,1.4498,5378.9,1121.419,0.02180000000000004,湖南,纺织,19980527,
600156.SH,华升股份,20050524,1.4528,1.5037,1.5182,1.431,1.4601,2.9861,6670.05,1344.081,0.04360000000000008,湖南,纺织,19980527,
600156.SH,华升股份,20050523,1.5255,1.4601,1.5255,1.4165,1.5473,-5.6356,6307.64,1274.739,-0.08719999999999994,湖南,纺织,19980527,
600156.SH,华升股份,20050520,1.5618,1.5473,1.569,1.5473,1.5618,-0.9284,3586.0,770.306,-0.01450000000000018,湖南,纺织,19980527,
600156.SH,华升股份,20050519,1.569,1.5618,1.5836,1.54,1.569,-0.4589,4165.47,892.061,-0.007199999999999873,湖南,纺织,19980527,
600156.SH,华升股份,20050518,1.5255,1.569,1.5763,1.5255,1.54,1.8831,5144.07,1094.17,0.028999999999999915,湖南,纺织,19980527,
600156.SH,华升股份,20050517,1.5109,1.54,1.569,1.5109,1.5109,1.926,9872.61,2101.544,0.029100000000000126,湖南,纺织,19980527,
600156.SH,华升股份,20050516,1.4891,1.5109,1.5255,1.4673,1.5327,-1.4223,6229.6,1284.963,-0.02180000000000004,湖南,纺织,19980527,
600156.SH,华升股份,20050513,1.5255,1.5327,1.5836,1.4092,1.5473,-0.9436,16997.36,3488.233,-0.014599999999999946,湖南,纺织,19980527,
600156.SH,华升股份,20050512,1.5981,1.5473,1.6344,1.5473,1.6199,-4.4818,7374.0,1600.148,-0.0726,湖南,纺织,19980527,
600156.SH,华升股份,20050511,1.6272,1.6199,1.6925,1.6126,1.6344,-0.8872,5177.85,1166.19,-0.01450000000000018,湖南,纺织,19980527,
600156.SH,华升股份,20050509,1.7071,1.6344,1.7289,1.6199,1.7071,-4.2587,6389.12,1451.019,-0.07269999999999999,湖南,纺织,19980527,
600156.SH,华升股份,20050429,1.6853,1.7071,1.7216,1.678,1.7071,0.0,5178.03,1208.848,0.0,湖南,纺织,19980527,
600156.SH,华升股份,20050428,1.649,1.7071,1.7434,1.6344,1.649,3.5233,9824.13,2301.353,0.05810000000000004,湖南,纺织,19980527,
600156.SH,华升股份,20050427,1.7361,1.649,1.7434,1.6417,1.7216,-4.217,9070.62,2083.324,-0.0726,湖南,纺织,19980527,
600156.SH,华升股份,20050426,1.678,1.7216,1.7434,1.6054,1.678,2.5983,10835.74,2497.13,0.04360000000000008,湖南,纺织,19980527,
600156.SH,华升股份,20050425,1.7942,1.678,1.7942,1.6126,1.7942,-6.4764,14491.29,3380.3,-0.11620000000000008,湖南,纺织,19980527,
600156.SH,华升股份,20050422,1.7434,1.7942,1.8015,1.7143,1.787,0.4029,23474.96,5699.017,0.007200000000000095,湖南,纺织,19980527,
600156.SH,华升股份,20050421,1.8887,1.787,1.8887,1.7652,1.7143,4.2408,59091.75,14837.032,0.07269999999999999,湖南,纺织,19980527,
600156.SH,华升股份,20050419,1.6707,1.7143,1.7289,1.6417,1.6707,2.6097,7452.85,1716.693,0.04359999999999986,湖南,纺织,19980527,
600156.SH,华升股份,20050418,1.678,1.6707,1.7143,1.6417,1.7143,-2.5433,3554.23,814.777,-0.04359999999999986,湖南,纺织,19980527,
600156.SH,华升股份,20050415,1.7724,1.7143,1.7797,1.6707,1.7579,-2.4802,4784.54,1137.442,-0.04360000000000008,湖南,纺织,19980527,
600156.SH,华升股份,20050414,1.8015,1.7579,1.8015,1.7579,1.8015,-2.4202,3671.92,900.059,-0.04360000000000008,湖南,纺织,19980527,
600156.SH,华升股份,20050413,1.7724,1.8015,1.8233,1.7506,1.7797,1.2249,5991.03,1480.031,0.02180000000000004,湖南,纺织,19980527,
600156.SH,华升股份,20050412,1.8233,1.7797,1.8378,1.7579,1.8233,-2.3913,3305.92,812.194,-0.04359999999999986,湖南,纺织,19980527,
600156.SH,华升股份,20050411,1.787,1.8233,1.8451,1.7724,1.787,2.0313,6980.9,1736.663,0.0363,湖南,纺织,19980527,
600156.SH,华升股份,20050408,1.7579,1.787,1.7942,1.7289,1.7652,1.235,4057.53,984.515,0.02179999999999982,湖南,纺织,19980527,
600156.SH,华升股份,20050407,1.7579,1.7652,1.7942,1.7434,1.7434,1.2504,6100.06,1489.211,0.02180000000000004,湖南,纺织,19980527,
600156.SH,华升股份,20050406,1.7434,1.7434,1.7652,1.7071,1.7579,-0.8248,3766.16,898.103,-0.014499999999999957,湖南,纺织,19980527,
600156.SH,华升股份,20050405,1.7434,1.7579,1.8015,1.7434,1.7724,-0.8181,5325.87,1297.649,-0.014499999999999957,湖南,纺织,19980527,
600156.SH,华升股份,20050404,1.7361,1.7724,1.7797,1.7071,1.7361,2.0909,4710.07,1133.223,0.0363,湖南,纺织,19980527,
600156.SH,华升股份,20050401,1.6853,1.7361,1.7652,1.6853,1.6853,3.0143,5740.67,1355.916,0.050799999999999956,湖南,纺织,19980527,
600156.SH,华升股份,20050331,1.8088,1.6853,1.816,1.6635,1.7361,-2.9261,6004.85,1399.872,-0.050799999999999956,湖南,纺织,19980527,
600156.SH,华升股份,20050330,1.7361,1.7361,1.7797,1.6853,1.7724,-2.0481,7843.82,1846.213,-0.0363,湖南,纺织,19980527,
600156.SH,华升股份,20050329,1.816,1.7724,1.8451,1.7724,1.8233,-2.7916,3381.69,840.538,-0.050899999999999945,湖南,纺织,19980527,
600156.SH,华升股份,20050328,1.816,1.8233,1.8451,1.7652,1.816,0.402,3119.39,768.48,0.007299999999999862,湖南,纺织,19980527,
600156.SH,华升股份,20050325,1.7579,1.816,1.8378,1.7579,1.7506,3.7359,7027.19,1740.135,0.06540000000000012,湖南,纺织,19980527,
600156.SH,华升股份,20050324,1.6998,1.7506,1.7579,1.6998,1.7289,1.2551,4749.48,1134.311,0.02169999999999983,湖南,纺织,19980527,
600156.SH,华升股份,20050323,1.7143,1.7289,1.7434,1.6199,1.7071,1.277,11925.63,2764.709,0.02180000000000004,湖南,纺织,19980527,
600156.SH,华升股份,20050322,1.787,1.7071,1.8741,1.6998,1.787,-4.4712,17744.15,4302.954,-0.07989999999999986,湖南,纺织,19980527,
600156.SH,华升股份,20050318,1.787,1.787,1.787,1.787,1.8814,-5.0175,4929.0,1212.534,-0.09440000000000004,湖南,纺织,19980527,
600156.SH,华升股份,20050317,1.9831,1.8814,1.9976,1.8814,1.9831,-5.1283,7543.15,1996.09,-0.10170000000000012,湖南,纺织,19980527,
600156.SH,华升股份,20050316,1.9904,1.9831,1.9904,1.9468,1.9831,0.0,3137.98,848.324,0.0,湖南,纺织,19980527,
600156.SH,华升股份,20050315,2.0485,1.9831,2.0557,1.9758,2.0485,-3.1926,5914.64,1633.815,-0.06540000000000012,湖南,纺织,19980527,
600156.SH,华升股份,20050314,2.0339,2.0485,2.0921,2.0194,2.063,-0.7029,7230.39,2040.332,-0.014499999999999957,湖南,纺织,19980527,
600156.SH,华升股份,20050311,2.0267,2.063,2.0775,2.0194,2.0267,1.7911,4972.17,1404.377,0.03630000000000022,湖南,纺织,19980527,
600156.SH,华升股份,20050310,2.1284,2.0267,2.1429,2.0122,2.1211,-4.4505,10765.69,3069.012,-0.09440000000000026,湖南,纺织,19980527,
600156.SH,华升股份,20050309,2.0412,2.1211,2.1211,2.0412,2.0339,4.2873,11841.87,3404.296,0.08720000000000017,湖南,纺织,19980527,
600156.SH,华升股份,20050308,2.0122,2.0339,2.0339,2.0049,2.0122,1.0784,5468.05,1525.169,0.021700000000000053,湖南,纺织,19980527,
600156.SH,华升股份,20050307,2.0339,2.0122,2.0557,1.9904,2.0267,-0.7154,4525.73,1260.068,-0.014499999999999957,湖南,纺织,19980527,
600156.SH,华升股份,20050304,1.9758,2.0267,2.0412,1.9758,2.0049,1.0873,5202.62,1441.985,0.02179999999999982,湖南,纺织,19980527,
600156.SH,华升股份,20050303,1.9904,2.0049,2.0339,1.9758,1.9904,0.7285,4714.96,1301.528,0.01450000000000018,湖南,纺织,19980527,
600156.SH,华升股份,20050302,2.0267,1.9904,2.0485,1.9831,2.0412,-2.4887,8276.52,2293.336,-0.050799999999999956,湖南,纺织,19980527,
600156.SH,华升股份,20050301,2.0557,2.0412,2.0775,2.0122,2.0412,0.0,7258.0,2037.009,0.0,湖南,纺织,19980527,
600156.SH,华升股份,20050228,1.9976,2.0412,2.0775,1.9976,1.9976,2.1826,11998.0,3370.28,0.04359999999999986,湖南,纺织,19980527,
600156.SH,华升股份,20050225,1.9395,1.9976,2.0339,1.9395,1.9395,2.9956,17694.39,4892.501,0.05810000000000004,湖南,纺织,19980527,
600156.SH,华升股份,20050224,1.925,1.9395,1.9468,1.9177,1.9468,-0.375,5839.12,1554.083,-0.007300000000000084,湖南,纺织,19980527,
600156.SH,华升股份,20050223,1.925,1.9468,1.9613,1.9105,1.925,1.1325,7401.2,1978.575,0.02180000000000004,湖南,纺织,19980527,
600156.SH,华升股份,20050222,1.8669,1.925,1.925,1.8596,1.8814,2.3174,5897.96,1546.664,0.04360000000000008,湖南,纺织,19980527,
600156.SH,华升股份,20050221,1.8596,1.8814,1.8959,1.8596,1.8669,0.7767,2951.08,765.956,0.014499999999999957,湖南,纺织,19980527,
600156.SH,华升股份,20050218,1.8669,1.8669,1.9032,1.8669,1.8887,-1.1542,2424.86,628.413,-0.02180000000000004,湖南,纺织,19980527,
600156.SH,华升股份,20050217,1.954,1.8887,1.954,1.8596,1.8814,0.388,3490.38,902.895,0.007300000000000084,湖南,纺织,19980527,
600156.SH,华升股份,20050216,1.8523,1.8814,1.8959,1.8378,1.8233,3.1865,4130.92,1062.411,0.05810000000000004,湖南,纺织,19980527,
600156.SH,华升股份,20050204,1.7942,1.8233,1.8523,1.7942,1.8015,1.2101,4021.58,1005.065,0.02179999999999982,湖南,纺织,19980527,
600156.SH,华升股份,20050203,1.8451,1.8015,1.8741,1.7942,1.8451,-2.363,6485.0,1638.967,-0.04359999999999986,湖南,纺织,19980527,
600156.SH,华升股份,20050202,1.7579,1.8451,1.8451,1.7579,1.7579,4.9605,6638.21,1653.293,0.08719999999999994,湖南,纺织,19980527,
600156.SH,华升股份,20050201,1.7652,1.7579,1.8814,1.7434,1.7942,-2.0232,6003.53,1482.587,-0.0363,湖南,纺织,19980527,
600156.SH,华升股份,20050131,1.816,1.7942,1.8523,1.7942,1.8887,-5.0034,5032.0,1259.141,-0.09450000000000003,湖南,纺织,19980527,
600156.SH,华升股份,20050128,1.9686,1.8887,1.9686,1.8669,1.9613,-3.7016,9766.59,2556.089,-0.0726,湖南,纺织,19980527,
600156.SH,华升股份,20050127,1.9468,1.9613,1.9976,1.9468,1.9613,0.0,10441.36,2828.404,0.0,湖南,纺织,19980527,
600156.SH,华升股份,20050126,1.9395,1.9613,1.9904,1.9395,1.9686,-0.3708,6228.77,1686.833,-0.007299999999999862,湖南,纺织,19980527,
600156.SH,华升股份,20050125,1.9323,1.9686,2.0049,1.8959,1.9323,1.8786,10494.67,2841.924,0.0363,湖南,纺织,19980527,
600156.SH,华升股份,20050124,1.9468,1.9323,1.9468,1.8887,1.8959,1.9199,6783.81,1782.028,0.03639999999999999,湖南,纺织,19980527,
600156.SH,华升股份,20050121,1.8596,1.8959,1.8959,1.8451,1.8669,1.5534,5083.87,1311.452,0.028999999999999915,湖南,纺织,19980527,
600156.SH,华升股份,20050120,1.9468,1.8669,1.9686,1.8523,1.9468,-4.1042,8689.11,2267.324,-0.07990000000000008,湖南,纺织,19980527,
600156.SH,华升股份,20050119,1.9323,1.9468,1.9758,1.925,1.925,1.1325,6102.34,1639.052,0.02180000000000004,湖南,纺织,19980527,
600156.SH,华升股份,20050118,1.9105,1.925,1.9613,1.9032,1.9468,-1.1198,9176.8,2452.309,-0.02180000000000004,湖南,纺织,19980527,
600156.SH,华升股份,20050117,1.8887,1.9468,1.954,1.8669,1.8959,2.6847,14152.51,3744.989,0.05090000000000017,湖南,纺织,19980527,
600156.SH,华升股份,20050114,1.9032,1.8959,1.925,1.8741,1.9032,-0.3836,3185.9,830.989,-0.007300000000000084,湖南,纺织,19980527,
600156.SH,华升股份,20050113,1.9177,1.9032,1.9323,1.8378,1.9105,-0.3821,6083.14,1574.745,-0.007300000000000084,湖南,纺织,19980527,
600156.SH,华升股份,20050112,1.9032,1.9105,1.954,1.8887,1.8959,0.7701,10393.4,2746.607,0.014600000000000168,湖南,纺织,19980527,
600156.SH,华升股份,20050111,1.8306,1.8959,1.8959,1.8088,1.8088,4.8153,14638.95,3790.313,0.08709999999999996,湖南,纺织,19980527,
600156.SH,华升股份,20050110,1.816,1.8088,1.816,1.787,1.8088,0.0,3322.0,823.436,0.0,湖南,纺织,19980527,
600156.SH,华升股份,20050107,1.8015,1.8088,1.816,1.7942,1.8088,0.0,2688.49,668.648,0.0,湖南,纺织,19980527,
600156.SH,华升股份,20050106,1.816,1.8088,1.8233,1.787,1.8233,-0.7953,2472.33,615.07,-0.014499999999999957,湖南,纺织,19980527,
600156.SH,华升股份,20050105,1.8015,1.8233,1.8306,1.787,1.8015,1.2101,3939.01,983.575,0.02179999999999982,湖南,纺织,19980527,
600156.SH,华升股份,20050104,1.816,1.8015,1.8378,1.7652,1.8088,-0.4036,2658.46,659.905,-0.007299999999999862,湖南,纺织,19980527,
600156.SH,华升股份,20041231,1.7797,1.8088,1.8306,1.7724,1.7942,0.8137,3720.43,920.907,0.014599999999999946,湖南,纺织,19980527,
600156.SH,华升股份,20041230,1.8233,1.7942,1.8306,1.7724,1.8306,-1.9884,3849.23,956.951,-0.03639999999999999,湖南,纺织,19980527,
600156.SH,华升股份,20041229,1.8741,1.8306,1.8814,1.8233,1.8741,-2.3211,2861.24,725.827,-0.043500000000000094,湖南,纺织,19980527,
600156.SH,华升股份,20041228,1.8233,1.8741,1.8814,1.816,1.8596,0.7797,2982.31,756.362,0.01450000000000018,湖南,纺织,19980527,
600156.SH,华升股份,20041227,1.8596,1.8596,1.8741,1.8378,1.8814,-1.1587,2510.44,641.151,-0.02180000000000004,湖南,纺织,19980527,
600156.SH,华升股份,20041224,1.8451,1.8814,1.9177,1.8451,1.8959,-0.7648,3001.07,774.745,-0.014499999999999957,湖南,纺织,19980527,
600156.SH,华升股份,20041223,1.8596,1.8959,1.925,1.8596,1.8523,2.3538,7203.07,1875.617,0.04359999999999986,湖南,纺织,19980527,
600156.SH,华升股份,20041222,1.787,1.8523,1.8596,1.787,1.8233,1.5905,5842.31,1481.187,0.029000000000000137,湖南,纺织,19980527,
600156.SH,华升股份,20041221,1.816,1.8233,1.8669,1.7652,1.8596,-1.952,10018.0,2485.829,-0.0363,湖南,纺织,19980527,
600156.SH,华升股份,20041220,1.8887,1.8596,1.8887,1.816,1.9105,-2.6642,19714.22,4951.217,-0.05090000000000017,湖南,纺织,19980527,
600156.SH,华升股份,20041217,1.9105,1.9105,1.9686,1.8741,1.9758,-3.305,19209.72,5026.537,-0.06529999999999991,湖南,纺织,19980527,
600156.SH,华升股份,20041216,2.0267,1.9758,2.0412,1.9613,1.9468,1.4896,37536.36,10449.839,0.028999999999999915,湖南,纺织,19980527,
600156.SH,华升股份,20041215,1.8959,1.9468,1.9468,1.8887,1.8523,5.1018,6630.98,1773.809,0.09450000000000003,湖南,纺织,19980527,
600156.SH,华升股份,20041214,1.8378,1.8523,1.8887,1.816,1.8451,0.3902,4823.65,1227.332,0.007200000000000095,湖南,纺织,19980527,
600156.SH,华升股份,20041213,1.9323,1.8451,1.9395,1.8378,1.9323,-4.5128,10399.66,2656.613,-0.08719999999999994,湖南,纺织,19980527,
600156.SH,华升股份,20041210,1.9613,1.9323,1.9686,1.8959,1.9831,-2.5616,11890.15,3167.306,-0.05080000000000018,湖南,纺织,19980527,
600156.SH,华升股份,20041208,1.9758,1.9831,1.9976,1.9758,1.9758,0.3695,8366.76,2290.743,0.007300000000000084,湖南,纺织,19980527,
600156.SH,华升股份,20041207,1.9613,1.9758,1.9976,1.9395,1.9613,0.7393,8958.19,2437.475,0.014499999999999957,湖南,纺织,19980527,
600156.SH,华升股份,20041206,1.9323,1.9613,1.9758,1.925,1.9323,1.5008,5711.68,1537.688,0.029000000000000137,湖南,纺织,19980527,
600156.SH,华升股份,20041203,1.9105,1.9323,1.9468,1.8887,1.9105,1.1411,8955.31,2368.503,0.02179999999999982,湖南,纺织,19980527,
600156.SH,华升股份,20041202,1.9758,1.9105,1.9758,1.8887,1.9758,-3.305,14873.31,3928.484,-0.06529999999999991,湖南,纺织,19980527,
600156.SH,华升股份,20041201,2.0049,1.9758,2.063,1.954,2.0049,-1.4514,10132.24,2793.607,-0.029100000000000126,湖南,纺织,19980527,
600156.SH,华升股份,20041129,1.9758,2.0049,2.0194,1.954,1.9976,0.3654,5261.14,1442.189,0.007300000000000084,湖南,纺织,19980527,
600156.SH,华升股份,20041126,1.9468,1.9976,2.0267,1.925,1.9323,3.3794,9208.07,2535.216,0.06530000000000014,湖南,纺织,19980527,
600156.SH,华升股份,20041125,1.9323,1.9323,1.9613,1.9032,1.9395,-0.3712,7589.99,2014.037,-0.007200000000000095,湖南,纺织,19980527,
600156.SH,华升股份,20041124,2.0339,1.9395,2.0412,1.9395,2.0412,-4.9824,15679.0,4285.431,-0.1016999999999999,湖南,纺织,19980527,
600156.SH,华升股份,20041123,1.954,2.0412,2.0412,1.925,1.9468,4.849,20593.49,5708.144,0.09439999999999982,湖南,纺织,19980527,
600156.SH,华升股份,20041122,1.925,1.9468,1.9686,1.9177,1.9177,1.5174,7085.53,1895.702,0.029100000000000126,湖南,纺织,19980527,
600156.SH,华升股份,20041119,1.954,1.9177,1.954,1.8959,1.9395,-1.124,6672.14,1760.568,-0.02180000000000004,湖南,纺织,19980527,
600156.SH,华升股份,20041118,1.8887,1.9395,1.9613,1.8887,1.8959,2.2997,5607.49,1490.791,0.04360000000000008,湖南,纺织,19980527,
600156.SH,华升股份,20041117,1.8959,1.8959,1.954,1.8959,1.9032,-0.3836,6248.35,1645.441,-0.007300000000000084,湖南,纺织,19980527,
600156.SH,华升股份,20041116,1.9395,1.9032,1.9395,1.8887,1.9395,-1.8716,14076.56,3714.217,-0.0363,湖南,纺织,19980527,
600156.SH,华升股份,20041115,2.0194,1.9395,2.0194,1.9323,1.9831,-2.1986,11906.15,3232.103,-0.04360000000000008,湖南,纺织,19980527,
600156.SH,华升股份,20041112,1.8814,1.9831,1.9831,1.8741,1.8887,4.9981,12309.66,3321.34,0.09440000000000004,湖南,纺织,19980527,
600156.SH,华升股份,20041111,1.8741,1.8887,1.9105,1.8669,1.8814,0.388,9276.27,2409.684,0.007300000000000084,湖南,纺织,19980527,
600156.SH,华升股份,20041110,1.8669,1.8814,1.9032,1.8306,1.8378,2.3724,7717.79,1988.475,0.04359999999999986,湖南,纺织,19980527,
600156.SH,华升股份,20041109,1.8741,1.8378,1.8741,1.8233,1.8088,1.6033,2613.24,659.152,0.029000000000000137,湖南,纺织,19980527,
600156.SH,华升股份,20041108,1.7434,1.8088,1.816,1.7434,1.8015,0.4052,4444.05,1104.123,0.007299999999999862,湖南,纺织,19980527,
600156.SH,华升股份,20041105,1.7942,1.8015,1.816,1.7506,1.8088,-0.4036,6628.34,1629.263,-0.007299999999999862,湖南,纺织,19980527,
600156.SH,华升股份,20041104,1.8378,1.8088,1.8523,1.7942,1.8378,-1.578,6422.0,1619.576,-0.029000000000000137,湖南,纺织,19980527,
600156.SH,华升股份,20041103,1.8088,1.8378,1.8451,1.8015,1.8233,0.7953,5452.18,1371.626,0.01450000000000018,湖南,纺织,19980527,
600156.SH,华升股份,20041102,1.8378,1.8233,1.8596,1.787,1.8088,0.8016,6629.36,1659.989,0.014499999999999957,湖南,纺织,19980527,
600156.SH,华升股份,20041101,1.7216,1.8088,1.8088,1.7216,1.7216,5.0651,9703.47,2399.057,0.08719999999999994,湖南,纺织,19980527,
600156.SH,华升股份,20041029,1.7071,1.7216,1.7506,1.6998,1.7506,-1.6566,4073.85,969.38,-0.028999999999999915,湖南,纺织,19980527,
600156.SH,华升股份,20041028,1.8015,1.7506,1.8015,1.7506,1.8088,-3.2176,7196.25,1748.432,-0.05820000000000003,湖南,纺织,19980527,
600156.SH,华升股份,20041027,1.7797,1.8088,1.816,1.7434,1.7579,2.8955,8052.37,1979.828,0.050899999999999945,湖南,纺织,19980527,
600156.SH,华升股份,20041026,1.7361,1.7579,1.8015,1.7071,1.7361,1.2557,15103.9,3656.188,0.02180000000000004,湖南,纺织,19980527,
600156.SH,华升股份,20041025,1.649,1.7361,1.7361,1.5981,1.6562,4.8243,13454.82,3172.384,0.07990000000000008,湖南,纺织,19980527,
600156.SH,华升股份,20041022,1.5473,1.6562,1.678,1.5473,1.6272,1.7822,13683.91,2978.355,0.028999999999999915,湖南,纺织,19980527,
600156.SH,华升股份,20041021,1.678,1.6272,1.7216,1.6272,1.7143,-5.0808,8124.0,1846.36,-0.08709999999999996,湖南,纺织,19980527,
600156.SH,华升股份,20041020,1.7652,1.7143,1.8088,1.6925,1.7797,-3.6748,9870.84,2330.147,-0.06540000000000012,湖南,纺织,19980527,
600156.SH,华升股份,20041019,1.8596,1.7797,1.8887,1.7652,1.8596,-4.2966,14974.39,3695.889,-0.07989999999999986,湖南,纺织,19980527,
600156.SH,华升股份,20041018,1.8233,1.8596,1.8741,1.7579,1.8233,1.9909,5598.59,1425.223,0.0363,湖南,纺织,19980527,
600156.SH,华升股份,20041015,1.8451,1.8233,1.8887,1.8233,1.9177,-4.9226,9499.16,2396.595,-0.09440000000000004,湖南,纺织,19980527,
600156.SH,华升股份,20041014,1.9613,1.9177,1.9976,1.9177,2.0194,-5.0361,11317.05,3011.433,-0.10170000000000012,湖南,纺织,19980527,
600156.SH,华升股份,20041013,2.0921,2.0194,2.1429,2.0194,2.1284,-5.1212,10622.01,2973.466,-0.10899999999999999,湖南,纺织,19980527,
600156.SH,华升股份,20041012,2.1938,2.1284,2.201,2.1066,2.2083,-3.6182,9772.02,2892.036,-0.07989999999999986,湖南,纺织,19980527,
600156.SH,华升股份,20041011,2.1865,2.2083,2.2301,2.1865,2.2301,-0.9775,7592.76,2307.158,-0.021800000000000264,湖南,纺织,19980527,
600156.SH,华升股份,20041008,2.2519,2.2301,2.2519,2.1647,2.2809,-2.2272,11682.83,3533.124,-0.050799999999999734,湖南,纺织,19980527,
600156.SH,华升股份,20040930,2.3318,2.2809,2.3754,2.2519,2.3027,-0.9467,37367.27,11963.765,-0.021800000000000264,湖南,纺织,19980527,
600156.SH,华升股份,20040929,2.2446,2.3027,2.31,2.1792,2.2446,2.5884,7935.6,2443.814,0.05810000000000004,湖南,纺织,19980527,
600156.SH,华升股份,20040928,2.2664,2.2446,2.3245,2.1647,2.2301,0.6502,12275.61,3704.638,0.014499999999999957,湖南,纺织,19980527,
600156.SH,华升股份,20040927,2.3681,2.2301,2.3754,2.2301,2.3463,-4.9525,11892.32,3708.753,-0.11619999999999964,湖南,纺织,19980527,
600156.SH,华升股份,20040924,2.4335,2.3463,2.4335,2.3463,2.4117,-2.7118,14898.43,4884.628,-0.06540000000000035,湖南,纺织,19980527,
600156.SH,华升股份,20040923,2.3899,2.4117,2.4189,2.339,2.3754,1.5282,6672.7,2183.826,0.03630000000000022,湖南,纺织,19980527,
600156.SH,华升股份,20040922,2.3754,2.3754,2.3972,2.3245,2.3754,0.0,9541.02,3100.322,0.0,湖南,纺织,19980527,
600156.SH,华升股份,20040921,2.4407,2.3754,2.448,2.3536,2.4335,-2.3875,14179.46,4666.64,-0.05810000000000004,湖南,纺织,19980527,
600156.SH,华升股份,20040920,2.4335,2.4335,2.448,2.3681,2.3899,1.8243,13215.77,4389.604,0.04360000000000008,湖南,纺织,19980527,
600156.SH,华升股份,20040917,2.2882,2.3899,2.4189,2.2882,2.3027,3.7869,13845.31,4500.962,0.08719999999999972,湖南,纺织,19980527,
600156.SH,华升股份,20040916,2.3245,2.3027,2.3318,2.2809,2.3245,-0.9378,4037.6,1280.586,-0.02179999999999982,湖南,纺织,19980527,
600156.SH,华升股份,20040915,2.2301,2.3245,2.3318,2.2083,2.2228,4.5753,8457.57,2669.955,0.10170000000000012,湖南,纺织,19980527,
600156.SH,华升股份,20040914,2.2809,2.2228,2.2809,2.2083,2.172,2.3389,2400.23,734.771,0.050799999999999734,湖南,纺织,19980527,
600156.SH,华升股份,20040910,2.1502,2.172,2.172,2.1066,2.172,0.0,3082.63,907.642,0.0,湖南,纺织,19980527,
600156.SH,华升股份,20040909,2.2156,2.172,2.2373,2.172,2.2228,-2.2854,2477.2,750.78,-0.050799999999999734,湖南,纺织,19980527,
600156.SH,华升股份,20040908,2.2156,2.2228,2.2301,2.2156,2.2373,-0.6481,720.61,220.532,-0.014499999999999957,湖南,纺织,19980527,
600156.SH,华升股份,20040907,2.2373,2.2373,2.2373,2.2083,2.2228,0.6523,781.08,238.34,0.014499999999999957,湖南,纺织,19980527,
600156.SH,华升股份,20040906,2.201,2.2228,2.2301,2.1938,2.2228,0.0,3073.75,931.354,0.0,湖南,纺织,19980527,
600156.SH,华升股份,20040903,2.2373,2.2228,2.2591,2.1865,2.2591,-1.6068,4440.58,1354.117,-0.03630000000000022,湖南,纺织,19980527,
600156.SH,华升股份,20040902,2.2519,2.2591,2.2737,2.2083,2.2591,0.0,1840.44,564.311,0.0,湖南,纺织,19980527,
600156.SH,华升股份,20040901,2.2373,2.2591,2.2809,2.2301,2.2664,-0.3221,1475.51,457.521,-0.007299999999999862,湖南,纺织,19980527,
600156.SH,华升股份,20040831,2.31,2.2664,2.31,2.2446,2.2156,2.2928,5380.89,1675.8,0.05080000000000018,湖南,纺织,19980527,
600156.SH,华升股份,20040830,2.2228,2.2156,2.2446,2.2083,2.2373,-0.9699,1612.23,492.599,-0.021700000000000053,湖南,纺织,19980527,
600156.SH,华升股份,20040827,2.2664,2.2373,2.31,2.2301,2.2737,-1.6009,1672.59,518.438,-0.03639999999999999,湖南,纺织,19980527,
600156.SH,华升股份,20040826,2.2301,2.2737,2.2737,2.2083,2.2591,0.6463,1910.12,591.612,0.014599999999999724,湖南,纺织,19980527,
600156.SH,华升股份,20040825,2.2519,2.2591,2.2737,2.2156,2.2664,-0.3221,2261.33,698.524,-0.007299999999999862,湖南,纺织,19980527,
600156.SH,华升股份,20040824,2.2156,2.2664,2.3027,2.2156,2.2228,1.9615,3903.42,1218.077,0.04360000000000008,湖南,纺织,19980527,
600156.SH,华升股份,20040823,2.2519,2.2228,2.2519,2.2083,2.2737,-2.2386,2598.7,793.754,-0.050899999999999945,湖南,纺织,19980527,
600156.SH,华升股份,20040820,2.2882,2.2737,2.2882,2.2228,2.2519,0.9681,2285.15,709.232,0.02179999999999982,湖南,纺织,19980527,
600156.SH,华升股份,20040819,2.2301,2.2519,2.3027,2.2156,2.2446,0.3252,3345.89,1041.061,0.007299999999999862,湖南,纺织,19980527,
600156.SH,华升股份,20040818,2.2228,2.2446,2.2519,2.201,2.2446,0.0,1018.01,313.815,0.0,湖南,纺织,19980527,
600156.SH,华升股份,20040817,2.2519,2.2446,2.2519,2.201,2.2519,-0.3242,1282.68,393.873,-0.007299999999999862,湖南,纺织,19980527,
600156.SH,华升股份,20040816,2.2156,2.2519,2.2664,2.2156,2.2156,1.6384,2285.31,705.047,0.03630000000000022,湖南,纺织,19980527,
600156.SH,华升股份,20040813,2.1865,2.2156,2.2809,2.1865,2.2228,-0.3239,1236.58,381.131,-0.007200000000000095,湖南,纺织,19980527,
600156.SH,华升股份,20040812,2.2373,2.2228,2.2519,2.1792,2.2519,-1.2922,4511.52,1381.007,-0.029100000000000126,湖南,纺织,19980527,
600156.SH,华升股份,20040811,2.3681,2.2519,2.3681,2.2446,2.3608,-4.6128,4026.0,1258.774,-0.10889999999999977,湖南,纺织,19980527,
600156.SH,华升股份,20040810,2.4335,2.3608,2.5061,2.3245,2.4117,-2.1105,2122.32,689.185,-0.05090000000000039,湖南,纺织,19980527,
600156.SH,华升股份,20040809,2.4117,2.4117,2.4189,2.3245,2.4117,0.0,4069.8,1334.833,0.0,湖南,纺织,19980527,
600156.SH,华升股份,20040806,2.3972,2.4117,2.4189,2.339,2.3608,2.156,2421.07,796.31,0.05090000000000039,湖南,纺织,19980527,
600156.SH,华升股份,20040805,2.3972,2.3608,2.3972,2.3536,2.3972,-1.5184,2866.18,938.776,-0.03640000000000043,湖南,纺织,19980527,
600156.SH,华升股份,20040804,2.3463,2.3972,2.4625,2.3463,2.3463,2.1694,9267.69,3076.228,0.05090000000000039,湖南,纺织,19980527,
600156.SH,华升股份,20040803,2.2373,2.3463,2.3463,2.2373,2.2373,4.8719,18958.13,6115.469,0.10899999999999999,湖南,纺织,19980527,
600156.SH,华升股份,20040802,2.172,2.2373,2.2373,2.1502,2.1647,3.3538,3865.64,1170.376,0.0726,湖南,纺织,19980527,
600156.SH,华升股份,20040730,2.1792,2.1647,2.2301,2.1429,2.201,-1.6493,2921.19,874.953,-0.03630000000000022,湖南,纺织,19980527,
600156.SH,华升股份,20040729,2.2301,2.201,2.2301,2.1211,2.2301,-1.3049,7463.47,2227.704,-0.029100000000000126,湖南,纺织,19980527,
600156.SH,华升股份,20040728,2.1792,2.2301,2.2809,2.1792,2.201,1.3221,3578.2,1102.246,0.029100000000000126,湖南,纺织,19980527,
600156.SH,华升股份,20040727,2.3172,2.201,2.3245,2.1792,2.2955,-4.1168,8867.85,2685.034,-0.09450000000000003,湖南,纺织,19980527,
600156.SH,华升股份,20040726,2.3245,2.2955,2.3536,2.2664,2.3826,-3.6557,3168.7,1000.001,-0.08709999999999996,湖南,纺织,19980527,
600156.SH,华升股份,20040723,2.3681,2.3826,2.3972,2.3608,2.3899,-0.3055,2265.53,741.585,-0.007299999999999862,湖南,纺织,19980527,
600156.SH,华升股份,20040722,2.4771,2.3899,2.5134,2.3754,2.4916,-4.0817,3467.96,1163.863,-0.10170000000000012,湖南,纺织,19980527,
600156.SH,华升股份,20040721,2.4335,2.4916,2.5134,2.4189,2.4625,1.1817,3508.08,1203.765,0.029100000000000126,湖南,纺织,19980527,
600156.SH,华升股份,20040720,2.5061,2.4625,2.5424,2.4625,2.5352,-2.8676,3150.15,1077.673,-0.07270000000000021,湖南,纺织,19980527,
600156.SH,华升股份,20040719,2.5061,2.5352,2.5424,2.4407,2.5061,1.1612,4621.01,1585.348,0.029100000000000126,湖南,纺织,19980527,
600156.SH,华升股份,20040716,2.3899,2.5061,2.5061,2.3826,2.3899,4.8621,9979.26,3405.83,0.11620000000000008,湖南,纺织,19980527,
600156.SH,华升股份,20040715,2.2955,2.3899,2.3899,2.2373,2.2955,4.1124,5959.38,1897.406,0.09439999999999982,湖南,纺织,19980527,
600156.SH,华升股份,20040714,2.3318,2.2955,2.3463,2.2301,2.3463,-2.1651,17519.25,5405.114,-0.050799999999999734,湖南,纺织,19980527,
600156.SH,华升股份,20040713,2.4698,2.3463,2.4698,2.3463,2.4698,-5.0004,6661.46,2162.495,-0.12350000000000039,湖南,纺织,19980527,
600156.SH,华升股份,20040712,2.5424,2.4698,2.5715,2.4698,2.6005,-5.026,3058.12,1050.813,-0.1306999999999996,湖南,纺织,19980527,
600156.SH,华升股份,20040709,2.5642,2.6005,2.6005,2.4407,2.5642,1.4156,6829.59,2367.261,0.03629999999999978,湖南,纺织,19980527,
600156.SH,华升股份,20040708,2.6369,2.5642,2.6369,2.5642,2.7022,-5.1069,15021.13,5315.295,-0.1379999999999999,湖南,纺织,19980527,
600156.SH,华升股份,20040707,2.8403,2.7022,2.8403,2.7022,2.8475,-5.1027,6289.0,2358.609,-0.1453000000000002,湖南,纺织,19980527,
600156.SH,华升股份,20040706,2.8693,2.8475,2.8766,2.8112,2.8693,-0.7598,5290.4,2066.431,-0.02179999999999982,湖南,纺织,19980527,
600156.SH,华升股份,20040705,2.8693,2.8693,2.9274,2.8475,2.9056,-1.2493,1103.0,435.837,-0.03630000000000022,湖南,纺织,19980527,
600156.SH,华升股份,20040702,3.0219,2.9056,3.0219,2.8838,2.9347,-0.9916,2786.17,1129.358,-0.02909999999999968,湖南,纺织,19980527,
600156.SH,华升股份,20040701,2.8185,2.9347,2.9638,2.8185,2.833,3.5898,3392.57,1340.104,0.10169999999999968,湖南,纺织,19980527,
600156.SH,华升股份,20040630,2.8693,2.833,2.942,2.8257,2.8475,-0.5092,2141.45,851.353,-0.014499999999999957,湖南,纺织,19980527,
600156.SH,华升股份,20040629,2.8475,2.8475,2.8911,2.8112,2.8766,-1.0116,2185.35,853.509,-0.02909999999999968,湖南,纺织,19980527,
600156.SH,华升股份,20040628,2.9202,2.8766,2.971,2.833,2.971,-3.1774,3131.41,1237.88,-0.09440000000000026,湖南,纺织,19980527,
600156.SH,华升股份,20040625,2.971,2.971,2.9783,2.833,2.971,0.0,2999.56,1211.065,0.0,湖南,纺织,19980527,
600156.SH,华升股份,20040624,2.9855,2.971,3.0146,2.942,3.0073,-1.2071,2830.87,1159.683,-0.03629999999999978,湖南,纺织,19980527,
600156.SH,华升股份,20040623,3.0582,3.0073,3.1018,2.9855,3.0582,-1.6644,1793.0,743.898,-0.050899999999999945,湖南,纺织,19980527,
600156.SH,华升股份,20040622,3.2543,3.0582,3.2543,3.0364,3.1018,-1.4056,5365.45,2312.906,-0.04360000000000008,湖南,纺织,19980527,
600156.SH,华升股份,20040621,2.9565,3.1018,3.109,2.942,2.9638,4.6562,7941.61,3339.401,0.1379999999999999,湖南,纺织,19980527,
600156.SH,华升股份,20040618,3.0001,2.9638,3.0001,2.9347,2.971,-0.2423,2652.66,1079.442,-0.007200000000000095,湖南,纺织,19980527,
600156.SH,华升股份,20040617,3.0146,2.971,3.0437,2.9565,3.0219,-1.6844,5316.1,2190.021,-0.050899999999999945,湖南,纺织,19980527,
600156.SH,华升股份,20040616,2.9347,3.0219,3.0364,2.9347,2.9129,3.742,7026.41,2895.741,0.10899999999999999,湖南,纺织,19980527,
600156.SH,华升股份,20040615,2.8911,2.9129,2.942,2.8548,2.8548,2.0352,3008.32,1195.605,0.05810000000000004,湖南,纺织,19980527,
600156.SH,华升股份,20040614,2.8548,2.8548,2.9056,2.833,2.8548,0.0,2994.77,1177.531,0.0,湖南,纺织,19980527,
600156.SH,华升股份,20040611,2.8548,2.8548,2.9202,2.8185,2.8475,0.2564,3920.65,1547.196,0.007299999999999862,湖南,纺织,19980527,
600156.SH,华升股份,20040610,2.8911,2.8475,2.9056,2.8185,2.8838,-1.2588,3808.85,1492.992,-0.03629999999999978,湖南,纺织,19980527,
600156.SH,华升股份,20040609,2.9783,2.8838,3.0364,2.8766,2.942,-1.9782,4149.0,1695.472,-0.05820000000000025,湖南,纺织,19980527,
600156.SH,华升股份,20040608,3.0073,2.942,3.0073,2.8766,2.9855,-1.457,3466.78,1400.282,-0.04349999999999987,湖南,纺织,19980527,
600156.SH,华升股份,20040607,2.971,2.9855,3.0582,2.9274,2.971,0.4881,3578.02,1469.559,0.014499999999999957,湖南,纺织,19980527,
600156.SH,华升股份,20040604,2.9928,2.971,3.0001,2.942,2.9928,-0.7284,2677.26,1093.574,-0.02179999999999982,湖南,纺织,19980527,
600156.SH,华升股份,20040603,2.9638,2.9928,3.0364,2.9638,2.9638,0.9785,7060.88,2921.408,0.028999999999999915,湖南,纺织,19980527,
600156.SH,华升股份,20040602,2.9129,2.9638,2.9783,2.9056,2.9056,2.003,3397.93,1376.471,0.05819999999999981,湖南,纺织,19980527,
600156.SH,华升股份,20040601,2.7894,2.9056,2.9347,2.724,2.7967,3.8939,4962.51,1959.252,0.10890000000000022,湖南,纺织,19980527,
600156.SH,华升股份,20040531,2.9202,2.7967,2.9347,2.7749,2.9202,-4.2292,5636.01,2195.471,-0.12349999999999994,湖南,纺织,19980527,
600156.SH,华升股份,20040528,2.9565,2.9202,2.9565,2.8984,2.9565,-1.2278,2297.69,924.046,-0.03630000000000022,湖南,纺织,19980527,
600156.SH,华升股份,20040527,2.9056,2.9565,2.9855,2.8693,2.9129,1.4968,3076.75,1244.508,0.04360000000000008,湖南,纺织,19980527,
600156.SH,华升股份,20040526,2.9274,2.9129,2.9274,2.7967,2.9274,-0.4953,6171.67,2441.95,-0.014499999999999957,湖南,纺织,19980527,
600156.SH,华升股份,20040525,3.0655,2.9274,3.0655,2.9129,3.0655,-4.505,3599.74,1483.97,-0.1381000000000001,湖南,纺织,19980527,
600156.SH,华升股份,20040524,3.1308,3.0655,3.1308,3.0509,3.1308,-2.0857,3109.75,1318.639,-0.06529999999999969,湖南,纺织,19980527,
600156.SH,华升股份,20040521,3.1236,3.1308,3.1599,3.0582,3.1236,0.2305,1600.34,686.489,0.007199999999999651,湖南,纺织,19980527,
600156.SH,华升股份,20040520,3.1454,3.1236,3.1889,3.109,3.1454,-0.6931,1967.97,851.423,-0.02179999999999982,湖南,纺织,19980527,
600156.SH,华升股份,20040519,3.1236,3.1454,3.1817,3.1163,3.1236,0.6979,3379.38,1469.898,0.02179999999999982,湖南,纺织,19980527,
600156.SH,华升股份,20040518,3.0945,3.1236,3.1308,3.0509,3.1308,-0.23,5629.31,2387.346,-0.007199999999999651,湖南,纺织,19980527,
600156.SH,华升股份,20040517,3.218,3.1308,3.218,3.1236,3.218,-2.7098,2602.0,1129.405,-0.08720000000000017,湖南,纺织,19980527,
600156.SH,华升股份,20040514,3.2688,3.218,3.2834,3.1889,3.2688,-1.5541,2553.23,1129.281,-0.05080000000000018,湖南,纺织,19980527,
600156.SH,华升股份,20040513,3.3124,3.2688,3.3415,3.2325,3.3052,-1.1013,4951.94,2225.686,-0.03639999999999999,湖南,纺织,19980527,
600156.SH,华升股份,20040512,3.2543,3.3052,3.3197,3.2325,3.2543,1.5641,5202.81,2353.188,0.050899999999999945,湖南,纺织,19980527,
600156.SH,华升股份,20040511,3.4069,3.2543,3.4069,3.2325,3.3996,-4.274,6346.49,2897.748,-0.14529999999999976,湖南,纺织,19980527,
600156.SH,华升股份,20040510,3.4069,3.3996,3.4795,3.3851,3.4069,-0.2143,4670.49,2202.394,-0.007299999999999862,湖南,纺织,19980527,
600156.SH,华升股份,20040430,3.4141,3.4069,3.4287,3.3705,3.3923,0.4304,2261.3,1056.203,0.014599999999999724,湖南,纺织,19980527,
600156.SH,华升股份,20040429,3.4141,3.3923,3.4795,3.3488,3.4141,-0.6385,5086.66,2385.657,-0.02179999999999982,湖南,纺织,19980527,
600156.SH,华升股份,20040428,3.3124,3.4141,3.5158,3.3124,3.3488,1.95,5322.92,2518.037,0.06529999999999969,湖南,纺织,19980527,
600156.SH,华升股份,20040427,3.3415,3.3488,3.3705,3.1744,3.3415,0.2185,9021.14,4104.454,0.007300000000000306,湖南,纺织,19980527,
600156.SH,华升股份,20040426,3.3415,3.3415,3.3996,3.2761,3.3342,0.2189,3785.87,1735.713,0.007299999999999862,湖南,纺织,19980527,
600156.SH,华升股份,20040423,3.4287,3.3342,3.4504,3.3124,3.4287,-2.7561,11661.87,5404.444,-0.09450000000000003,湖南,纺织,19980527,
600156.SH,华升股份,20040422,3.3996,3.4287,3.4795,3.3923,3.4504,-0.6289,8254.31,3892.591,-0.021700000000000053,湖南,纺织,19980527,
600156.SH,华升股份,20040421,3.465,3.4504,3.5231,3.3923,3.4795,-0.8363,5638.23,2685.778,-0.02909999999999968,湖南,纺织,19980527,
600156.SH,华升股份,20040419,3.3996,3.4795,3.5086,3.3415,3.4359,1.269,7999.23,3749.784,0.04359999999999964,湖南,纺织,19980527,
600156.SH,华升股份,20040416,3.4141,3.4359,3.5086,3.2906,3.465,-0.8398,20677.66,9737.486,-0.02909999999999968,湖南,纺织,19980527,
600156.SH,华升股份,20040415,3.6248,3.465,3.6684,3.465,3.6466,-4.98,16244.74,7996.652,-0.18159999999999998,湖南,纺织,19980527,
600156.SH,华升股份,20040414,3.741,3.6466,3.7628,3.5739,3.7337,-2.3328,18372.17,9218.971,-0.08709999999999996,湖南,纺织,19980527,
600156.SH,华升股份,20040413,3.5957,3.7337,3.7337,3.5739,3.603,3.6275,22838.89,11582.218,0.1306999999999996,湖南,纺织,19980527,
600156.SH,华升股份,20040412,3.5667,3.603,3.603,3.5086,3.5667,1.0177,14764.92,7248.326,0.03630000000000022,湖南,纺织,19980527,
600156.SH,华升股份,20040409,3.5449,3.5667,3.6611,3.494,3.5449,0.615,26946.04,13272.792,0.02179999999999982,湖南,纺织,19980527,
600156.SH,华升股份,20040408,3.4141,3.5449,3.5885,3.3996,3.4141,3.8312,27017.24,13053.727,0.13080000000000025,湖南,纺织,19980527,
600156.SH,华升股份,20040407,3.4069,3.4141,3.4432,3.3778,3.4069,0.2113,14041.13,6598.211,0.007200000000000095,湖南,纺织,19980527,
600156.SH,华升股份,20040406,3.4504,3.4069,3.4504,3.3415,3.4432,-1.0543,14477.81,6776.525,-0.03630000000000022,湖南,纺织,19980527,
600156.SH,华升股份,20040405,3.4504,3.4432,3.5013,3.4287,3.4504,-0.2087,14216.53,6777.683,-0.007200000000000095,湖南,纺织,19980527,
600156.SH,华升股份,20040402,3.4069,3.4504,3.5013,3.3923,3.4069,1.2768,21876.24,10449.296,0.043500000000000316,湖南,纺织,19980527,
600156.SH,华升股份,20040401,3.3996,3.4069,3.4504,3.3778,3.4069,0.0,17016.19,7996.384,0.0,湖南,纺织,19980527,
600156.SH,华升股份,20040331,3.4214,3.4069,3.4504,3.3488,3.3996,0.2147,21898.72,10248.503,0.007299999999999862,湖南,纺织,19980527,
600156.SH,华升股份,20040330,3.2398,3.3996,3.4214,3.2398,3.2688,4.0015,41015.46,19061.705,0.1307999999999998,湖南,纺织,19980527,
600156.SH,华升股份,20040329,3.1671,3.2688,3.3052,3.1671,3.1817,2.7375,32910.1,14746.955,0.08709999999999996,湖南,纺织,19980527,
600156.SH,华升股份,20040326,3.2325,3.1817,3.2398,3.1454,3.2253,-1.3518,12607.45,5512.926,-0.04359999999999964,湖南,纺织,19980527,
600156.SH,华升股份,20040325,3.2253,3.2253,3.2688,3.1962,3.1962,0.9105,54154.5,24120.506,0.02909999999999968,湖南,纺织,19980527,
600156.SH,华升股份,20040324,3.0727,3.1962,3.2035,3.0582,3.0727,4.0193,31703.61,13664.38,0.12349999999999994,湖南,纺织,19980527,
600156.SH,华升股份,20040323,3.0582,3.0727,3.0945,3.0219,3.0582,0.4741,17285.0,7288.447,0.014500000000000401,湖南,纺织,19980527,
600156.SH,华升股份,20040322,3.1236,3.0582,3.1236,3.0146,3.1454,-2.7723,27631.51,11631.568,-0.08720000000000017,湖南,纺织,19980527,
600156.SH,华升股份,20040319,3.1962,3.1454,3.2035,3.0945,3.109,1.1708,23951.2,10381.381,0.03639999999999999,湖南,纺织,19980527,
600156.SH,华升股份,20040318,3.0219,3.109,3.1817,3.0219,3.1744,-2.0602,79335.74,33761.228,-0.0653999999999999,湖南,纺织,19980527,
600156.SH,华升股份,20040316,3.2253,3.1744,3.2253,3.1236,3.2107,-1.1306,16419.02,7158.021,-0.03630000000000022,湖南,纺织,19980527,
600156.SH,华升股份,20040315,3.1308,3.2107,3.2253,3.1236,3.1308,2.5521,7889.05,3453.967,0.0799000000000003,湖南,纺织,19980527,
600156.SH,华升股份,20040312,3.1744,3.1308,3.1817,3.109,3.1671,-1.1462,5518.11,2380.166,-0.03630000000000022,湖南,纺织,19980527,
600156.SH,华升股份,20040311,3.0945,3.1671,3.1962,3.0945,3.1163,1.6301,5748.8,2493.873,0.05080000000000018,湖南,纺织,19980527,
600156.SH,华升股份,20040310,3.0291,3.1163,3.1381,3.0291,3.0509,2.1436,5416.67,2304.912,0.0653999999999999,湖南,纺织,19980527,
600156.SH,华升股份,20040309,3.0945,3.0509,3.1381,3.0509,3.109,-1.8688,7174.42,3044.876,-0.05810000000000004,湖南,纺织,19980527,
600156.SH,华升股份,20040308,3.2398,3.109,3.2398,3.109,3.2543,-4.4649,7580.11,3296.137,-0.1453000000000002,湖南,纺织,19980527,
600156.SH,华升股份,20040305,3.2834,3.2543,3.2979,3.2325,3.2979,-1.3221,7355.47,3292.825,-0.04359999999999964,湖南,纺织,19980527,
600156.SH,华升股份,20040304,3.2543,3.2979,3.3052,3.2325,3.2543,1.3398,7253.8,3262.21,0.04359999999999964,湖南,纺织,19980527,
600156.SH,华升股份,20040303,3.3778,3.2543,3.3778,3.2325,3.3778,-3.6562,9491.8,4307.513,-0.12349999999999994,湖南,纺织,19980527,
600156.SH,华升股份,20040302,3.3778,3.3778,3.4069,3.327,3.3778,0.0,9610.18,4452.433,0.0,湖南,纺织,19980527,
600156.SH,华升股份,20040301,3.3197,3.3778,3.3923,3.2688,3.3124,1.9744,9006.01,4128.61,0.06540000000000035,湖南,纺织,19980527,
600156.SH,华升股份,20040227,3.2688,3.3124,3.3197,3.2107,3.2834,0.8832,11887.19,5346.793,0.028999999999999915,湖南,纺织,19980527,
600156.SH,华升股份,20040226,3.3052,3.2834,3.327,3.1236,3.3197,-1.0935,14393.07,6416.171,-0.03630000000000022,湖南,纺织,19980527,
600156.SH,华升股份,20040225,3.356,3.3197,3.5013,3.2834,3.3415,-0.6524,20494.4,9627.874,-0.02179999999999982,湖南,纺织,19980527,
600156.SH,华升股份,20040224,3.3996,3.3415,3.4504,3.2834,3.4287,-2.5432,20601.37,9541.226,-0.08720000000000017,湖南,纺织,19980527,
600156.SH,华升股份,20040223,3.4577,3.4287,3.5957,3.4214,3.465,-1.0476,23150.34,11207.221,-0.03629999999999978,湖南,纺织,19980527,
600156.SH,华升股份,20040220,3.4868,3.465,3.5013,3.3996,3.5158,-1.4449,21716.69,10264.823,-0.05080000000000018,湖南,纺织,19980527,
600156.SH,华升股份,20040219,3.5521,3.5158,3.5594,3.4868,3.5594,-1.2249,17810.67,8611.735,-0.04360000000000008,湖南,纺织,19980527,
600156.SH,华升股份,20040218,3.4141,3.5594,3.5885,3.4141,3.4069,4.4762,35529.31,17097.495,0.1525000000000003,湖南,纺织,19980527,
600156.SH,华升股份,20040217,3.3415,3.4069,3.4359,3.3415,3.3415,1.9572,24352.29,11400.569,0.0653999999999999,湖南,纺织,19980527,
600156.SH,华升股份,20040216,3.2688,3.3415,3.3415,3.218,3.2688,2.2241,17376.9,7871.7,0.07269999999999976,湖南,纺织,19980527,
600156.SH,华升股份,20040213,3.3633,3.2688,3.4577,3.2543,3.3633,-2.8097,24566.87,11285.952,-0.09450000000000003,湖南,纺织,19980527,
600156.SH,华升股份,20040212,3.2834,3.3633,3.3923,3.2325,3.2834,2.4335,25403.99,11645.084,0.0799000000000003,湖南,纺织,19980527,
600156.SH,华升股份,20040211,3.2543,3.2834,3.2834,3.1962,3.2616,0.6684,18391.42,8177.654,0.02179999999999982,湖南,纺织,19980527,
600156.SH,华升股份,20040210,3.327,3.2616,3.3415,3.2398,3.2979,-1.1007,14749.48,6657.809,-0.03629999999999978,湖南,纺织,19980527,
600156.SH,华升股份,20040209,3.2688,3.2979,3.3124,3.2107,3.2543,1.3398,20647.42,9263.566,0.04359999999999964,湖南,纺织,19980527,
600156.SH,华升股份,20040206,3.327,3.2543,3.4069,3.1599,3.3197,-1.9701,46485.16,21179.625,-0.0653999999999999,湖南,纺织,19980527,
600156.SH,华升股份,20040205,3.0727,3.3197,3.3778,3.0509,3.0727,8.0385,66161.7,29850.3,0.2469999999999999,湖南,纺织,19980527,
600156.SH,华升股份,20040204,3.0509,3.0727,3.109,2.9928,3.0437,0.9528,27474.51,11554.907,0.02900000000000036,湖南,纺织,19980527,
600156.SH,华升股份,20040203,2.9565,3.0437,3.0509,2.9129,2.9565,2.9494,21565.82,8870.149,0.08719999999999972,湖南,纺织,19980527,
600156.SH,华升股份,20040202,2.9056,2.9565,2.9855,2.9056,2.8548,3.5624,24430.05,9909.213,0.10170000000000012,湖南,纺织,19980527,
600156.SH,华升股份,20040130,2.7894,2.8548,2.9129,2.7822,2.7894,2.3446,24117.34,9531.541,0.0653999999999999,湖南,纺织,19980527,
600156.SH,华升股份,20040129,2.7168,2.7894,2.8039,2.6296,2.7095,2.9489,9018.75,3421.002,0.0799000000000003,湖南,纺织,19980527,
600156.SH,华升股份,20040116,2.6877,2.7095,2.7458,2.6514,2.695,0.538,10413.75,3837.77,0.014499999999999957,湖南,纺织,19980527,
600156.SH,华升股份,20040115,2.724,2.695,2.7531,2.6877,2.7531,-2.1103,8971.43,3338.496,-0.05810000000000004,湖南,纺织,19980527,
600156.SH,华升股份,20040114,2.7967,2.7531,2.8039,2.7168,2.7894,-1.3014,8265.62,3128.292,-0.03630000000000022,湖南,纺织,19980527,
600156.SH,华升股份,20040113,2.7168,2.7894,2.7967,2.7095,2.7095,2.9489,14086.54,5352.195,0.0799000000000003,湖南,纺织,19980527,
600156.SH,华升股份,20040112,2.6877,2.7095,2.7313,2.6514,2.6732,1.3579,8459.59,3136.405,0.03629999999999978,湖南,纺织,19980527,
600156.SH,华升股份,20040109,2.6805,2.6732,2.7095,2.6296,2.6805,-0.2723,11416.38,4190.168,-0.007299999999999862,湖南,纺织,19980527,
600156.SH,华升股份,20040108,2.6369,2.6805,2.7022,2.6078,2.6369,1.6535,12928.09,4716.429,0.04360000000000008,湖南,纺织,19980527,
600156.SH,华升股份,20040107,2.6223,2.6369,2.6514,2.5788,2.6151,0.8336,11262.1,4066.156,0.02179999999999982,湖南,纺织,19980527,
600156.SH,华升股份,20040106,2.5933,2.6151,2.6151,2.5279,2.586,1.1253,15184.58,5352.64,0.029100000000000126,湖南,纺织,19980527,
600156.SH,华升股份,20040105,2.6296,2.586,2.7168,2.5788,2.6296,-1.658,8191.87,2934.081,-0.04360000000000008,湖南,纺织,19980527,
600156.SH,华升股份,20040102,2.5788,2.6296,2.6441,2.5788,2.6223,0.2784,4032.75,1452.35,0.007299999999999862,湖南,纺织,19980527,
600156.SH,华升股份,20031231,2.6514,2.6223,2.6877,2.6005,2.6587,-1.3691,7157.51,2587.618,-0.03639999999999999,湖南,纺织,19980527,
600156.SH,华升股份,20031230,2.6877,2.6587,2.7386,2.6514,2.7022,-1.6098,6967.49,2585.756,-0.04349999999999987,湖南,纺织,19980527,
600156.SH,华升股份,20031229,2.7676,2.7022,2.7676,2.6514,2.7749,-2.6199,8515.72,3172.29,-0.07270000000000021,湖南,纺织,19980527,
600156.SH,华升股份,20031226,2.6005,2.7749,2.8185,2.5788,2.6005,6.7064,25576.76,9669.179,0.17440000000000033,湖南,纺织,19980527,
600156.SH,华升股份,20031225,2.6296,2.6005,2.6369,2.5497,2.6296,-1.1066,8323.22,2956.699,-0.029100000000000126,湖南,纺织,19980527,
600156.SH,华升股份,20031224,2.6514,2.6296,2.6514,2.5788,2.6587,-1.0945,8402.67,3019.374,-0.029100000000000126,湖南,纺织,19980527,
600156.SH,华升股份,20031223,2.6877,2.6587,2.6877,2.5788,2.6732,-0.5424,9764.12,3545.191,-0.014499999999999957,湖南,纺织,19980527,
600156.SH,华升股份,20031222,2.5933,2.6732,2.6732,2.5061,2.6151,2.2217,11031.15,3903.258,0.05810000000000004,湖南,纺织,19980527,
600156.SH,华升股份,20031219,2.7604,2.6151,2.7822,2.5497,2.7967,-6.4934,13286.1,4838.964,-0.18159999999999998,湖南,纺织,19980527,
600156.SH,华升股份,20031218,2.9056,2.7967,2.9274,2.7822,2.9202,-4.2292,8994.52,3531.639,-0.12349999999999994,湖南,纺织,19980527,
600156.SH,华升股份,20031217,2.9638,2.9202,3.0073,2.9056,2.9928,-2.4258,8633.25,3492.064,-0.0726,湖南,纺织,19980527,
600156.SH,华升股份,20031216,3.0219,2.9928,3.0219,2.9274,3.0219,-0.963,9173.62,3732.924,-0.029100000000000126,湖南,纺织,19980527,
600156.SH,华升股份,20031215,3.0364,3.0219,3.0872,3.0001,3.0364,-0.4775,4922.69,2047.451,-0.014499999999999957,湖南,纺织,19980527,
600156.SH,华升股份,20031212,3.0073,3.0364,3.08,3.0073,3.0073,0.9676,6597.06,2758.309,0.029100000000000126,湖南,纺织,19980527,
600156.SH,华升股份,20031211,3.08,3.0073,3.08,2.9855,3.0727,-2.1284,12967.54,5382.887,-0.06540000000000035,湖南,纺织,19980527,
600156.SH,华升股份,20031210,3.0219,3.0727,3.0872,2.9783,3.0073,2.1747,8612.28,3589.216,0.06540000000000035,湖南,纺织,19980527,
600156.SH,华升股份,20031209,3.0291,3.0073,3.0291,2.971,3.0219,-0.4831,5731.33,2361.14,-0.014600000000000168,湖南,纺织,19980527,
600156.SH,华升股份,20031208,3.109,3.0219,3.1454,3.0146,3.1163,-3.0292,8163.08,3434.925,-0.09439999999999982,湖南,纺织,19980527,
600156.SH,华升股份,20031205,3.0655,3.1163,3.1962,3.0582,3.0509,2.1436,22203.44,9551.766,0.0653999999999999,湖南,纺织,19980527,
600156.SH,华升股份,20031204,3.0146,3.0509,3.08,3.0001,3.0146,1.2041,8400.78,3507.434,0.03629999999999978,湖南,纺织,19980527,
600156.SH,华升股份,20031203,3.0509,3.0146,3.0872,2.9783,3.0872,-2.3516,13534.87,5650.796,-0.0726,湖南,纺织,19980527,
600156.SH,华升股份,20031202,2.9783,3.0872,3.2107,2.8911,2.942,4.9354,32153.21,13565.872,0.1452,湖南,纺织,19980527,
600156.SH,华升股份,20031201,2.8621,2.942,2.9638,2.8403,2.8621,2.7917,12430.47,4991.999,0.0799000000000003,湖南,纺织,19980527,
600156.SH,华升股份,20031128,2.833,2.8621,2.8838,2.8039,2.8403,0.7675,6303.4,2461.453,0.02179999999999982,湖南,纺织,19980527,
600156.SH,华升股份,20031127,2.9638,2.8403,2.9783,2.8185,2.9565,-3.9303,10202.14,4031.969,-0.11620000000000008,湖南,纺织,19980527,
600156.SH,华升股份,20031126,2.9347,2.9565,2.9855,2.8911,2.942,0.4929,11908.93,4816.031,0.014499999999999957,湖南,纺织,19980527,
600156.SH,华升股份,20031125,2.8984,2.942,3.0146,2.8621,2.8984,1.5043,24356.31,9808.742,0.04360000000000008,湖南,纺织,19980527,
600156.SH,华升股份,20031124,2.8039,2.8984,2.8984,2.7822,2.833,2.3085,13837.86,5414.418,0.0653999999999999,湖南,纺织,19980527,
600156.SH,华升股份,20031121,2.9565,2.833,2.9565,2.8257,2.971,-4.6449,18312.1,7272.546,-0.1379999999999999,湖南,纺织,19980527,
600156.SH,华升股份,20031120,2.8112,2.971,2.971,2.7386,2.8112,5.6844,30839.91,12117.536,0.15980000000000016,湖南,纺织,19980527,
600156.SH,华升股份,20031119,2.6877,2.8112,2.8185,2.6732,2.6877,4.595,27268.68,10430.576,0.12349999999999994,湖南,纺织,19980527,
600156.SH,华升股份,20031118,2.6732,2.6877,2.6877,2.6151,2.6877,0.0,5870.24,2140.658,0.0,湖南,纺织,19980527,
600156.SH,华升股份,20031117,2.6514,2.6877,2.7458,2.6151,2.6587,1.0908,8031.11,2976.81,0.028999999999999915,湖南,纺织,19980527,
600156.SH,华升股份,20031114,2.5933,2.6587,2.6587,2.5206,2.5933,2.5219,6684.36,2411.006,0.0653999999999999,湖南,纺织,19980527,
600156.SH,华升股份,20031113,2.5279,2.5933,2.6078,2.5134,2.5424,2.002,3671.95,1301.758,0.050899999999999945,湖南,纺织,19980527,
600156.SH,华升股份,20031112,2.5642,2.5424,2.6078,2.5352,2.6078,-2.5079,5556.84,1964.764,-0.0653999999999999,湖南,纺织,19980527,
600156.SH,华升股份,20031111,2.5134,2.6078,2.6151,2.4698,2.5134,3.7559,7186.51,2527.676,0.09440000000000026,湖南,纺织,19980527,
600156.SH,华升股份,20031110,2.4843,2.5134,2.5352,2.4553,2.5352,-0.8599,3406.34,1168.729,-0.021800000000000264,湖南,纺织,19980527,
600156.SH,华升股份,20031107,2.4989,2.5352,2.5642,2.4625,2.5715,-1.4116,6335.24,2184.163,-0.03629999999999978,湖南,纺织,19980527,
600156.SH,华升股份,20031106,2.6732,2.5715,2.695,2.5061,2.6732,-3.8044,7715.9,2720.056,-0.10170000000000012,湖南,纺织,19980527,
600156.SH,华升股份,20031105,2.7749,2.6732,2.7749,2.6732,2.7822,-3.9178,4902.54,1830.711,-0.10899999999999999,湖南,纺织,19980527,
600156.SH,华升股份,20031104,2.7458,2.7822,2.833,2.7386,2.7676,0.5275,6246.9,2405.735,0.014600000000000168,湖南,纺织,19980527,
600156.SH,华升股份,20031103,2.7531,2.7676,2.7967,2.7168,2.7604,0.2608,2914.69,1102.846,0.007199999999999651,湖南,纺织,19980527,
600156.SH,华升股份,20031031,2.7022,2.7604,2.8185,2.6877,2.7022,2.1538,3178.83,1203.123,0.05820000000000025,湖南,纺织,19980527,
600156.SH,华升股份,20031030,2.724,2.7022,2.7604,2.6441,2.7386,-1.3291,2958.62,1106.98,-0.03639999999999999,湖南,纺织,19980527,
600156.SH,华升股份,20031029,2.7604,2.7386,2.7676,2.6296,2.8257,-3.0824,4092.84,1530.337,-0.08709999999999996,湖南,纺织,19980527,
600156.SH,华升股份,20031028,2.833,2.8257,2.8766,2.8039,2.833,-0.2577,3000.62,1170.784,-0.007300000000000306,湖南,纺织,19980527,
600156.SH,华升股份,20031027,2.942,2.833,2.942,2.8112,2.942,-3.705,5521.83,2174.028,-0.10899999999999999,湖南,纺织,19980527,
600156.SH,华升股份,20031024,2.9855,2.942,3.0437,2.9129,2.9928,-1.6974,2884.67,1173.911,-0.050799999999999734,湖南,纺织,19980527,
600156.SH,华升股份,20031023,3.0291,2.9928,3.0872,2.9855,3.0291,-1.1984,3248.0,1357.514,-0.03630000000000022,湖南,纺织,19980527,
600156.SH,华升股份,20031022,2.9638,3.0291,3.0437,2.942,2.9565,2.4556,3508.19,1447.464,0.0726,湖南,纺织,19980527,
600156.SH,华升股份,20031021,2.9565,2.9565,2.9638,2.8984,2.9565,0.0,3832.86,1542.023,0.0,湖南,纺织,19980527,
600156.SH,华升股份,20031020,3.0146,2.9565,3.0509,2.9202,3.0364,-2.6314,1908.85,782.705,-0.07989999999999986,湖南,纺织,19980527,
600156.SH,华升股份,20031017,3.0655,3.0364,3.0655,3.0001,3.0655,-0.9493,1659.9,693.256,-0.029100000000000126,湖南,纺织,19980527,
600156.SH,华升股份,20031016,3.0364,3.0655,3.109,3.0291,3.0291,1.2017,3875.13,1642.395,0.03639999999999999,湖南,纺织,19980527,
600156.SH,华升股份,20031015,3.0582,3.0291,3.0872,3.0219,3.0582,-0.9515,1666.0,701.82,-0.02909999999999968,湖南,纺织,19980527,
600156.SH,华升股份,20031014,3.0655,3.0582,3.1018,3.0509,3.0945,-1.173,1806.78,761.715,-0.03630000000000022,湖南,纺织,19980527,
600156.SH,华升股份,20031013,3.1236,3.0945,3.1308,3.0509,3.1163,-0.6995,2336.85,993.926,-0.02179999999999982,湖南,纺织,19980527,
600156.SH,华升股份,20031010,3.0146,3.1163,3.1236,3.0146,3.0509,2.1436,3654.43,1556.225,0.0653999999999999,湖南,纺织,19980527,
600156.SH,华升股份,20031009,3.0509,3.0509,3.0945,3.0146,3.0509,0.0,1407.4,590.714,0.0,湖南,纺织,19980527,
600156.SH,华升股份,20031008,3.0437,3.0509,3.0872,3.0073,3.0437,0.2366,1078.48,451.104,0.007200000000000095,湖南,纺织,19980527,
600156.SH,华升股份,20030930,3.0364,3.0437,3.08,3.0219,3.0291,0.482,2302.85,965.638,0.014599999999999724,湖南,纺织,19980527,
600156.SH,华升股份,20030929,3.0582,3.0291,3.109,3.0146,3.08,-1.6526,2621.0,1100.9,-0.050899999999999945,湖南,纺织,19980527,
600156.SH,华升股份,20030926,3.1381,3.08,3.1526,3.0582,3.1671,-2.7501,3759.27,1602.057,-0.08709999999999996,湖南,纺织,19980527,
600156.SH,华升股份,20030925,3.2471,3.1671,3.2979,3.0364,3.2979,-3.9662,5599.49,2463.1,-0.1307999999999998,湖南,纺织,19980527,
600156.SH,华升股份,20030924,3.1817,3.2979,3.3705,2.9129,3.1817,3.6521,10145.55,4454.784,0.11619999999999964,湖南,纺织,19980527,
600156.SH,华升股份,20030923,3.1817,3.1817,3.1962,3.109,3.2543,-2.2309,5644.39,2442.15,-0.0726,湖南,纺织,19980527,
600156.SH,华升股份,20030922,3.2834,3.2543,3.2834,3.2398,3.2761,-0.6654,1349.61,605.229,-0.02179999999999982,湖南,纺织,19980527,
600156.SH,华升股份,20030919,3.2688,3.2761,3.2906,3.2325,3.2688,0.2233,1224.22,549.412,0.007299999999999862,湖南,纺织,19980527,
600156.SH,华升股份,20030918,3.2906,3.2688,3.3342,3.2325,3.2979,-0.8824,2788.5,1249.096,-0.02909999999999968,湖南,纺织,19980527,
600156.SH,华升股份,20030917,3.3342,3.2979,3.3851,3.2834,3.356,-1.7312,1902.92,866.575,-0.05810000000000004,湖南,纺织,19980527,
600156.SH,华升股份,20030916,3.3778,3.356,3.3778,3.2906,3.3124,1.3163,1359.0,623.23,0.04360000000000008,湖南,纺织,19980527,
600156.SH,华升股份,20030915,3.3415,3.3124,3.4141,3.3052,3.3778,-1.9362,2346.77,1079.709,-0.06540000000000035,湖南,纺织,19980527,
600156.SH,华升股份,20030912,3.5231,3.3778,3.5231,3.3778,3.494,-3.3257,3088.64,1451.58,-0.11620000000000008,湖南,纺织,19980527,
600156.SH,华升股份,20030911,3.5086,3.494,3.5376,3.4868,3.5013,-0.2085,1550.23,748.183,-0.007299999999999862,湖南,纺织,19980527,
600156.SH,华升股份,20030910,3.4795,3.5013,3.5449,3.4577,3.4868,0.4159,2043.99,987.742,0.014499999999999957,湖南,纺织,19980527,
600156.SH,华升股份,20030909,3.494,3.4868,3.5231,3.4432,3.494,-0.2061,2220.69,1065.352,-0.007200000000000095,湖南,纺织,19980527,
600156.SH,华升股份,20030908,3.5086,3.494,3.5231,3.4214,3.5086,-0.4161,2523.76,1207.544,-0.014599999999999724,湖南,纺织,19980527,
600156.SH,华升股份,20030905,3.4868,3.5086,3.603,3.465,3.5086,0.0,8026.12,3918.545,0.0,湖南,纺织,19980527,
600156.SH,华升股份,20030904,3.5304,3.5086,3.5376,3.4868,3.5521,-1.2246,5474.82,2646.014,-0.04349999999999987,湖南,纺织,19980527,
600156.SH,华升股份,20030903,3.4141,3.5521,3.5957,3.3633,3.4287,3.599,13270.71,6444.59,0.12339999999999973,湖南,纺织,19980527,
600156.SH,华升股份,20030902,3.4287,3.4287,3.4359,3.4069,3.4432,-0.4211,2884.33,1358.542,-0.014499999999999957,湖南,纺织,19980527,
600156.SH,华升股份,20030901,3.4577,3.4432,3.4577,3.3342,3.3415,3.0435,3326.12,1559.38,0.10170000000000012,湖南,纺织,19980527,
600156.SH,华升股份,20030829,3.3778,3.3415,3.3778,3.2834,3.3851,-1.288,3077.48,1405.926,-0.04360000000000008,湖南,纺织,19980527,
600156.SH,华升股份,20030828,3.4069,3.3851,3.4141,3.3851,3.3996,-0.4265,1241.0,580.26,-0.014499999999999957,湖南,纺织,19980527,
600156.SH,华升股份,20030827,3.3996,3.3996,3.4141,3.3633,3.4069,-0.2143,1585.56,740.801,-0.007299999999999862,湖南,纺织,19980527,
600156.SH,华升股份,20030826,3.4287,3.4069,3.4287,3.3778,3.4287,-0.6358,2695.0,1261.891,-0.021800000000000264,湖南,纺织,19980527,
600156.SH,华升股份,20030825,3.4577,3.4287,3.4722,3.3996,3.4868,-1.6663,2992.19,1410.686,-0.05810000000000004,湖南,纺织,19980527,
600156.SH,华升股份,20030822,3.5158,3.4868,3.5304,3.4722,3.5158,-0.8248,2574.01,1236.832,-0.028999999999999915,湖南,纺织,19980527,
600156.SH,华升股份,20030821,3.5231,3.5158,3.5449,3.494,3.5013,0.4141,1286.0,622.328,0.014499999999999957,湖南,纺织,19980527,
600156.SH,华升股份,20030820,3.4868,3.5013,3.5304,3.4504,3.5304,-0.8243,1682.58,807.697,-0.029100000000000126,湖南,纺织,19980527,
600156.SH,华升股份,20030819,3.5449,3.5304,3.5449,3.4868,3.4868,1.2504,1547.78,750.256,0.04360000000000008,湖南,纺织,19980527,
600156.SH,华升股份,20030818,3.5086,3.4868,3.5231,3.4795,3.5231,-1.0303,1347.49,647.324,-0.03629999999999978,湖南,纺织,19980527,
600156.SH,华升股份,20030815,3.494,3.5231,3.5376,3.465,3.494,0.8329,2062.89,994.947,0.02909999999999968,湖南,纺织,19980527,
600156.SH,华升股份,20030814,3.5739,3.494,3.6103,3.4868,3.5667,-2.0383,3372.07,1647.975,-0.07269999999999976,湖南,纺织,19980527,
600156.SH,华升股份,20030813,3.5449,3.5667,3.6175,3.5231,3.5304,1.0282,4980.89,2451.895,0.03629999999999978,湖南,纺织,19980527,
600156.SH,华升股份,20030812,3.4868,3.5304,3.5812,3.4868,3.5086,0.6213,2262.51,1103.23,0.021800000000000264,湖南,纺织,19980527,
600156.SH,华升股份,20030811,3.4722,3.5086,3.5158,3.4504,3.5086,0.0,1901.59,911.093,0.0,湖南,纺织,19980527,
600156.SH,华升股份,20030808,3.5957,3.5086,3.5957,3.4795,3.5594,-1.4272,2525.0,1219.134,-0.05080000000000018,湖南,纺织,19980527,
600156.SH,华升股份,20030807,3.5594,3.5594,3.6175,3.5449,3.5957,-1.0095,2852.02,1401.587,-0.03629999999999978,湖南,纺织,19980527,
600156.SH,华升股份,20030806,3.5449,3.5957,3.6756,3.5231,3.5449,1.433,5832.42,2891.032,0.050799999999999734,湖南,纺织,19980527,
600156.SH,华升股份,20030805,3.5304,3.5449,3.5739,3.5231,3.5376,0.2064,2385.31,1164.558,0.007300000000000306,湖南,纺织,19980527,
600156.SH,华升股份,20030804,3.4868,3.5376,3.5594,3.4722,3.4795,1.6698,4609.46,2236.973,0.05810000000000004,湖南,纺织,19980527,
600156.SH,华升股份,20030801,3.4359,3.4795,3.4795,3.3923,3.4577,0.6305,3069.78,1448.522,0.02179999999999982,湖南,纺织,19980527,
600156.SH,华升股份,20030731,3.4504,3.4577,3.4868,3.4432,3.4504,0.2116,1560.61,742.314,0.007299999999999862,湖南,纺织,19980527,
600156.SH,华升股份,20030730,3.4868,3.4504,3.494,3.4359,3.465,-0.4214,1621.27,772.651,-0.014599999999999724,湖南,纺织,19980527,
600156.SH,华升股份,20030729,3.4359,3.465,3.5013,3.4287,3.4359,0.8469,2615.23,1247.832,0.02909999999999968,湖南,纺织,19980527,
600156.SH,华升股份,20030728,3.5304,3.4359,3.5304,3.4287,3.5304,-2.6768,3138.09,1496.359,-0.09450000000000003,湖南,纺织,19980527,
600156.SH,华升股份,20030725,3.5594,3.5304,3.6393,3.5013,3.5594,-0.8147,4002.57,1964.475,-0.028999999999999915,湖南,纺织,19980527,
600156.SH,华升股份,20030724,3.5957,3.5594,3.5957,3.5521,3.5957,-1.0095,1502.0,740.047,-0.03629999999999978,湖南,纺织,19980527,
600156.SH,华升股份,20030723,3.5957,3.5957,3.6175,3.5449,3.5957,0.0,1998.91,984.916,0.0,湖南,纺织,19980527,
600156.SH,华升股份,20030722,3.5812,3.5957,3.6321,3.5231,3.5521,1.2274,3535.08,1737.139,0.04360000000000008,湖南,纺织,19980527,
600156.SH,华升股份,20030721,3.6538,3.5521,3.6538,3.5304,3.6756,-3.36,6697.23,3300.01,-0.12350000000000039,湖南,纺织,19980527,
600156.SH,华升股份,20030718,3.7991,3.6756,3.7991,3.6756,3.7919,-3.0671,5237.62,2689.028,-0.11629999999999985,湖南,纺织,19980527,
600156.SH,华升股份,20030717,3.85,3.7919,3.85,3.7628,3.8427,-1.322,5359.29,2800.723,-0.050799999999999734,湖南,纺织,19980527,
600156.SH,华升股份,20030716,3.7265,3.8427,3.8718,3.7192,3.712,3.521,12727.87,6698.908,0.1306999999999996,湖南,纺织,19980527,
600156.SH,华升股份,20030715,3.7337,3.712,3.741,3.7047,3.7483,-0.9684,5920.4,3028.007,-0.03629999999999978,湖南,纺织,19980527,
600156.SH,华升股份,20030714,3.7846,3.7483,3.7919,3.741,3.7773,-0.7677,2914.84,1504.225,-0.028999999999999915,湖南,纺织,19980527,
600156.SH,华升股份,20030711,3.8209,3.7773,3.8209,3.7555,3.8064,-0.7645,3776.36,1963.215,-0.029100000000000126,湖南,纺织,19980527,
600156.SH,华升股份,20030710,3.7773,3.8064,3.8354,3.741,3.7919,0.3824,4451.68,2321.204,0.014499999999999957,湖南,纺织,19980527,
600156.SH,华升股份,20030709,3.8354,3.7919,3.8354,3.7846,3.8354,-1.1342,2012.67,1051.652,-0.04349999999999987,湖南,纺织,19980527,
600156.SH,华升股份,20030708,3.7773,3.8354,3.8427,3.7701,3.7773,1.5381,3930.9,2061.504,0.05810000000000004,湖南,纺织,19980527,
600156.SH,华升股份,20030707,3.7555,3.7773,3.7846,3.741,3.7555,0.5805,2682.95,1390.254,0.02179999999999982,湖南,纺织,19980527,
600156.SH,华升股份,20030704,3.7846,3.7555,3.7991,3.7555,3.7846,-0.7689,2900.21,1506.022,-0.029100000000000126,湖南,纺织,19980527,
600156.SH,华升股份,20030703,3.7773,3.7846,3.8137,3.7701,3.7919,-0.1925,2351.56,1225.578,-0.007299999999999862,湖南,纺织,19980527,
600156.SH,华升股份,20030702,3.7628,3.7919,3.8427,3.712,3.7555,0.9692,3184.49,1654.064,0.03639999999999999,湖南,纺织,19980527,
600156.SH,华升股份,20030701,3.7846,3.7555,3.8209,3.7483,3.7628,-0.194,2936.92,1531.201,-0.007299999999999862,湖南,纺织,19980527,
600156.SH,华升股份,20030630,3.7919,3.7628,3.8137,3.741,3.8064,-1.1454,3760.37,1953.824,-0.04360000000000008,湖南,纺织,19980527,
600156.SH,华升股份,20030627,3.9735,3.8064,3.9735,3.7991,3.9517,-3.6769,11283.88,5995.597,-0.1453000000000002,湖南,纺织,19980527,
600156.SH,华升股份,20030626,4.0679,3.9517,4.0679,3.9226,4.0534,-2.509,6088.74,3330.426,-0.10169999999999968,湖南,纺织,19980527,
600156.SH,华升股份,20030625,4.0679,4.0534,4.0897,4.0243,4.0534,0.0,2279.89,1274.334,0.0,湖南,纺织,19980527,
600156.SH,华升股份,20030624,4.0388,4.0534,4.0824,4.0243,4.0388,0.3615,2968.58,1658.556,0.014599999999999724,湖南,纺织,19980527,
600156.SH,华升股份,20030623,4.017,4.0388,4.0752,4.017,4.0824,-1.068,4971.54,2760.033,-0.04359999999999964,湖南,纺织,19980527,
600156.SH,华升股份,20030620,4.0679,4.0824,4.1187,4.0098,4.1841,-2.4306,13318.12,7446.875,-0.10170000000000012,湖南,纺织,19980527,
600156.SH,华升股份,20030618,4.2059,4.1841,4.2277,4.1696,4.2059,-0.5183,4407.26,2543.048,-0.02179999999999982,湖南,纺织,19980527,
600156.SH,华升股份,20030617,4.2204,4.2059,4.2204,4.1914,4.2277,-0.5156,3203.0,1854.304,-0.02179999999999982,湖南,纺织,19980527,
600156.SH,华升股份,20030616,4.2786,4.2277,4.2786,4.2132,4.2858,-1.3556,4423.22,2580.356,-0.058100000000000485,湖南,纺织,19980527,
600156.SH,华升股份,20030613,4.2059,4.2858,4.3003,4.1987,4.2132,1.7232,6117.55,3569.22,0.07260000000000044,湖南,纺织,19980527,
600156.SH,华升股份,20030612,4.2713,4.2132,4.2713,4.1987,4.2568,-1.0242,3285.5,1908.236,-0.04360000000000053,湖南,纺织,19980527,
600156.SH,华升股份,20030611,4.1987,4.2568,4.264,4.1987,4.1987,1.3838,3553.01,2071.524,0.058100000000000485,湖南,纺织,19980527,
600156.SH,华升股份,20030610,4.1769,4.1987,4.2132,4.1769,4.1623,0.8745,2909.83,1678.674,0.036399999999999544,湖南,纺织,19980527,
600156.SH,华升股份,20030609,4.1987,4.1623,4.235,4.1551,4.2132,-1.2081,4396.95,2539.832,-0.0508999999999995,湖南,纺织,19980527,
600156.SH,华升股份,20030606,4.3149,4.2132,4.3149,4.2132,4.2713,-1.3602,5894.76,3437.763,-0.058100000000000485,湖南,纺织,19980527,
600156.SH,华升股份,20030605,4.3294,4.2713,4.3367,4.2495,4.3294,-1.342,5249.94,3097.74,-0.058099999999999596,湖南,纺织,19980527,
600156.SH,华升股份,20030604,4.3585,4.3294,4.3585,4.2858,4.3657,-0.8315,5985.37,3558.155,-0.036300000000000665,湖南,纺织,19980527,
600156.SH,华升股份,20030603,4.4238,4.3657,4.4674,4.3657,4.4238,-1.3134,5530.84,3358.52,-0.058099999999999596,湖南,纺织,19980527,
600156.SH,华升股份,20030602,4.402,4.4238,4.4384,4.373,4.4093,0.3289,8374.87,5085.821,0.014499999999999957,湖南,纺织,19980527,
600156.SH,华升股份,20030530,4.3003,4.4093,4.4166,4.2568,4.3003,2.5347,11118.65,6656.59,0.10899999999999999,湖南,纺织,19980527,
600156.SH,华升股份,20030529,4.2713,4.3003,4.3367,4.2495,4.3294,-0.6721,7096.47,4181.559,-0.02909999999999968,湖南,纺织,19980527,
600156.SH,华升股份,20030527,4.3585,4.3294,4.3657,4.2786,4.373,-0.997,7687.01,4560.774,-0.04360000000000053,湖南,纺织,19980527,
600156.SH,华升股份,20030526,4.3367,4.373,4.3875,4.3221,4.3367,0.837,6488.34,3891.667,0.03629999999999978,湖南,纺织,19980527,
600156.SH,华升股份,20030523,4.3367,4.3367,4.3803,4.2713,4.3367,0.0,9410.66,5593.636,0.0,湖南,纺织,19980527,
600156.SH,华升股份,20030522,4.3875,4.3367,4.4093,4.3076,4.3803,-0.9954,4906.03,2930.245,-0.04359999999999964,湖南,纺织,19980527,
600156.SH,华升股份,20030521,4.3585,4.3803,4.4166,4.3585,4.3585,0.5002,4574.62,2755.153,0.02179999999999982,湖南,纺织,19980527,
600156.SH,华升股份,20030520,4.4456,4.3585,4.4456,4.3585,4.4602,-2.2802,7712.33,4647.852,-0.10170000000000012,湖南,纺织,19980527,
600156.SH,华升股份,20030519,4.4965,4.4602,4.4965,4.402,4.4892,-0.646,8202.28,5010.155,-0.028999999999999915,湖南,纺织,19980527,
600156.SH,华升股份,20030516,4.5619,4.4892,4.5691,4.4674,4.5764,-1.9054,7447.37,4610.695,-0.08719999999999928,湖南,纺织,19980527,
600156.SH,华升股份,20030515,4.5037,4.5764,4.5836,4.3948,4.482,2.1062,16683.78,10275.479,0.09439999999999937,湖南,纺织,19980527,
600156.SH,华升股份,20030514,4.4311,4.482,4.511,4.2132,4.4747,0.1631,17385.93,10532.26,0.007299999999999862,湖南,纺织,19980527,
600156.SH,华升股份,20030513,4.5909,4.4747,4.5909,4.4311,4.6127,-2.9917,22750.92,14044.631,-0.1379999999999999,湖南,纺织,19980527,
600156.SH,华升股份,20030512,4.3948,4.6127,4.6272,4.3803,4.2713,7.9929,63623.19,39771.213,0.34140000000000015,湖南,纺织,19980527,
600156.SH,华升股份,20030430,4.2277,4.2713,4.3076,4.1769,4.2422,0.686,10980.69,6416.641,0.02909999999999968,湖南,纺织,19980527,
600156.SH,华升股份,20030429,4.2422,4.2422,4.2568,4.0679,4.2495,-0.1718,8745.42,4969.406,-0.007299999999999862,湖南,纺织,19980527,
600156.SH,华升股份,20030428,4.2132,4.2495,4.264,3.9953,4.2495,0.0,13004.39,7339.568,0.0,湖南,纺织,19980527,
600156.SH,华升股份,20030425,4.3439,4.2495,4.402,4.2422,4.3439,-2.1732,7881.52,4684.084,-0.09439999999999937,湖南,纺织,19980527,
600156.SH,华升股份,20030424,4.2786,4.3439,4.373,4.2495,4.2858,1.3556,14107.94,8383.509,0.058099999999999596,湖南,纺织,19980527,
600156.SH,华升股份,20030423,4.2132,4.2858,4.3076,4.1914,4.2495,0.8542,7801.32,4568.423,0.03629999999999978,湖南,纺织,19980527,
600156.SH,华升股份,20030422,4.2858,4.2495,4.2858,4.2132,4.2858,-0.847,7474.73,4365.144,-0.03629999999999978,湖南,纺织,19980527,
600156.SH,华升股份,20030421,4.3585,4.2858,4.3585,4.2132,4.3439,-1.3375,14854.23,8762.585,-0.058099999999999596,湖南,纺织,19980527,
600156.SH,华升股份,20030418,4.3367,4.3439,4.3948,4.2858,4.3803,-0.831,16464.65,9817.089,-0.03640000000000043,湖南,纺织,19980527,
600156.SH,华升股份,20030417,4.4456,4.3803,4.4602,4.2132,4.4674,-1.9497,38388.56,22802.601,-0.08709999999999951,湖南,纺织,19980527,
600156.SH,华升股份,20030416,4.5836,4.4674,4.7071,4.4456,4.8669,-8.2085,43533.15,27013.428,-0.39950000000000063,湖南,纺织,19980527,
600156.SH,华升股份,20030415,4.8161,4.8669,4.8815,4.7217,4.8088,1.2082,13732.69,9102.484,0.058100000000000485,湖南,纺织,19980527,
600156.SH,华升股份,20030414,4.649,4.8088,4.8306,4.6345,4.6418,3.5977,15213.02,9904.39,0.16699999999999982,湖南,纺织,19980527,
600156.SH,华升股份,20030411,4.5473,4.6418,4.649,4.5037,4.5255,2.5699,8368.49,5251.679,0.11629999999999985,湖南,纺织,19980527,
600156.SH,华升股份,20030410,4.5764,4.5255,4.6345,4.4892,4.5691,-0.9542,7804.54,4873.259,-0.04359999999999964,湖南,纺织,19980527,
600156.SH,华升股份,20030409,4.482,4.5691,4.6054,4.4674,4.4892,1.7798,5261.43,3268.468,0.07989999999999942,湖南,纺织,19980527,
600156.SH,华升股份,20030408,4.5401,4.4892,4.5546,4.4747,4.5619,-1.5936,3766.62,2339.341,-0.07269999999999932,湖南,纺织,19980527,
600156.SH,华升股份,20030407,4.6127,4.5619,4.6272,4.5619,4.6345,-1.5665,4266.1,2692.573,-0.07260000000000044,湖南,纺织,19980527,
600156.SH,华升股份,20030404,4.6636,4.6345,4.6636,4.6127,4.6853,-1.0842,3007.65,1920.181,-0.050799999999999734,湖南,纺织,19980527,
600156.SH,华升股份,20030403,4.6853,4.6853,4.7144,4.649,4.6781,0.1539,2388.06,1535.617,0.007200000000000095,湖南,纺织,19980527,
600156.SH,华升股份,20030402,4.6853,4.6781,4.6999,4.6563,4.6999,-0.4638,2248.42,1447.092,-0.021800000000000708,湖南,纺织,19980527,
600156.SH,华升股份,20030401,4.7071,4.6999,4.7217,4.6418,4.7071,-0.153,3562.07,2295.284,-0.007199999999999207,湖南,纺织,19980527,
600156.SH,华升股份,20030331,4.649,4.7071,4.7071,4.5909,4.6853,0.4653,4201.06,2688.785,0.02179999999999982,湖南,纺织,19980527,
600156.SH,华升股份,20030328,4.649,4.6853,4.8669,4.649,4.5764,2.3796,15809.44,10333.562,0.10890000000000022,湖南,纺织,19980527,
600156.SH,华升股份,20030327,4.4384,4.5764,4.6418,4.4311,4.4456,2.9422,5172.49,3233.742,0.1307999999999998,湖南,纺织,19980527,
600156.SH,华升股份,20030326,4.4456,4.4456,4.5255,4.4456,4.482,-0.8121,1320.94,811.431,-0.03640000000000043,湖南,纺织,19980527,
600156.SH,华升股份,20030325,4.5401,4.482,4.5473,4.4674,4.5401,-1.2797,1712.73,1057.629,-0.058099999999999596,湖南,纺织,19980527,
600156.SH,华升股份,20030324,4.5691,4.5401,4.5691,4.511,4.5619,-0.4779,1525.35,952.3,-0.02179999999999982,湖南,纺织,19980527,
600156.SH,华升股份,20030321,4.5255,4.5619,4.5764,4.5255,4.5183,0.965,2016.26,1262.932,0.04359999999999964,湖南,纺织,19980527,
600156.SH,华升股份,20030320,4.5037,4.5183,4.5328,4.4602,4.5037,0.3242,1626.19,1003.742,0.014599999999999724,湖南,纺织,19980527,
600156.SH,华升股份,20030319,4.4747,4.5037,4.5255,4.4311,4.4747,0.6481,2101.28,1297.489,0.028999999999999915,湖南,纺织,19980527,
600156.SH,华升股份,20030318,4.5037,4.4747,4.5619,4.4674,4.5183,-0.965,2578.8,1604.654,-0.04359999999999964,湖南,纺织,19980527,
600156.SH,华升股份,20030317,4.5255,4.5183,4.5401,4.4529,4.5401,-0.4802,4071.34,2514.978,-0.02179999999999982,湖南,纺织,19980527,
600156.SH,华升股份,20030314,4.5764,4.5401,4.5764,4.5255,4.5764,-0.7932,2919.09,1826.801,-0.03629999999999978,湖南,纺织,19980527,
600156.SH,华升股份,20030313,4.6345,4.5764,4.6345,4.5691,4.6563,-1.716,3826.38,2421.013,-0.0799000000000003,湖南,纺织,19980527,
600156.SH,华升股份,20030312,4.649,4.6563,4.6636,4.5764,4.6708,-0.3104,2563.91,1633.631,-0.014499999999999957,湖南,纺织,19980527,
600156.SH,华升股份,20030311,4.6708,4.6708,4.7217,4.6563,4.6636,0.1544,2530.62,1629.016,0.007200000000000095,湖南,纺织,19980527,
600156.SH,华升股份,20030310,4.7943,4.6636,4.8016,4.6636,4.7943,-2.7262,3713.08,2419.818,-0.13070000000000004,湖南,纺织,19980527,
600156.SH,华升股份,20030307,4.8161,4.7943,4.8306,4.7653,4.8234,-0.6033,3039.0,2007.577,-0.02910000000000057,湖南,纺织,19980527,
600156.SH,华升股份,20030306,4.9396,4.8234,4.9396,4.7943,4.9396,-2.3524,3673.36,2455.783,-0.11620000000000008,湖南,纺织,19980527,
600156.SH,华升股份,20030305,4.9396,4.9396,4.9832,4.8669,4.9614,-0.4394,4214.34,2848.244,-0.02179999999999982,湖南,纺织,19980527,
600156.SH,华升股份,20030304,4.9541,4.9614,5.034,4.9251,4.9178,0.8866,21174.95,14517.461,0.04360000000000053,湖南,纺织,19980527,
600156.SH,华升股份,20030303,4.8379,4.9178,4.9251,4.7943,4.8234,1.9571,7436.04,5001.792,0.09439999999999937,湖南,纺织,19980527,
600156.SH,华升股份,20030228,4.8379,4.8234,4.8379,4.758,4.8379,-0.2997,3775.29,2494.027,-0.014499999999999957,湖南,纺织,19980527,
600156.SH,华升股份,20030227,4.896,4.8379,4.9033,4.8306,4.8742,-0.7447,4324.86,2889.698,-0.03629999999999978,湖南,纺织,19980527,
600156.SH,华升股份,20030226,4.8452,4.8742,4.8887,4.7943,4.8306,0.9026,4046.3,2694.262,0.04360000000000053,湖南,纺织,19980527,
600156.SH,华升股份,20030225,4.7217,4.8306,4.8306,4.7217,4.7362,1.9932,4469.39,2949.991,0.09439999999999937,湖南,纺织,19980527,
600156.SH,华升股份,20030224,4.7362,4.7362,4.7943,4.7217,4.7435,-0.1539,3414.18,2229.233,-0.007299999999999862,湖南,纺织,19980527,
600156.SH,华升股份,20030221,4.8742,4.7435,4.8742,4.7362,4.8742,-2.6815,5770.45,3799.919,-0.13070000000000004,湖南,纺织,19980527,
600156.SH,华升股份,20030220,4.9105,4.8742,4.9541,4.8524,4.9033,-0.5935,3025.77,2041.235,-0.02909999999999968,湖南,纺织,19980527,
600156.SH,华升股份,20030219,4.8597,4.9033,4.9033,4.8379,4.8597,0.8972,2453.54,1646.651,0.04359999999999964,湖南,纺织,19980527,
600156.SH,华升股份,20030218,4.8306,4.8597,4.8597,4.8234,4.8597,0.0,2554.92,1703.357,0.0,湖南,纺织,19980527,
600156.SH,华升股份,20030217,4.9396,4.8597,4.9759,4.8306,4.9323,-1.4719,4844.44,3273.44,-0.07259999999999955,湖南,纺织,19980527,
600156.SH,华升股份,20030214,4.8815,4.9323,4.9541,4.8815,4.896,0.7414,3557.64,2410.836,0.03629999999999978,湖南,纺织,19980527,
600156.SH,华升股份,20030213,4.9832,4.896,5.0122,4.8887,4.9686,-1.4612,8311.92,5678.589,-0.07260000000000044,湖南,纺织,19980527,
600156.SH,华升股份,20030212,4.9541,4.9686,4.9759,4.9033,4.9323,0.736,6742.59,4595.82,0.036300000000000665,湖南,纺织,19980527,
600156.SH,华升股份,20030211,4.7943,4.9323,4.9396,4.7943,4.8161,2.4127,5527.93,3718.874,0.11620000000000008,湖南,纺织,19980527,
600156.SH,华升股份,20030210,4.7943,4.8161,4.8742,4.7943,4.8088,0.1518,4517.62,3008.675,0.007299999999999862,湖南,纺织,19980527,
600156.SH,华升股份,20030129,4.8669,4.8088,4.8742,4.8016,4.8669,-1.1938,3860.0,2574.993,-0.058100000000000485,湖南,纺织,19980527,
600156.SH,华升股份,20030128,4.8161,4.8669,4.9251,4.7725,4.8452,0.4479,7331.29,4905.281,0.021700000000000053,湖南,纺织,19980527,
600156.SH,华升股份,20030127,4.787,4.8452,4.8524,4.649,4.7435,2.144,6378.17,4200.037,0.10170000000000012,湖南,纺织,19980527,
600156.SH,华升股份,20030124,4.6636,4.7435,4.758,4.649,4.6708,1.5565,3415.83,2212.431,0.07270000000000021,湖南,纺织,19980527,
600156.SH,华升股份,20030123,4.758,4.6708,4.8016,4.6636,4.7653,-1.9831,4342.8,2831.585,-0.09450000000000003,湖南,纺织,19980527,
600156.SH,华升股份,20030122,4.7653,4.7653,4.7943,4.7071,4.7798,-0.3034,4521.26,2952.364,-0.014499999999999957,湖南,纺织,19980527,
600156.SH,华升股份,20030121,4.9469,4.7798,4.9686,4.7798,4.9033,-2.5187,14026.38,9436.807,-0.12349999999999994,湖南,纺织,19980527,
600156.SH,华升股份,20030120,4.8524,4.9033,4.9033,4.7507,4.8524,1.049,7644.54,5071.946,0.0508999999999995,湖南,纺织,19980527,
600156.SH,华升股份,20030117,4.8669,4.8524,4.8887,4.787,4.8742,-0.4473,10545.93,6993.552,-0.02179999999999982,湖南,纺织,19980527,
600156.SH,华升股份,20030116,4.7507,4.8742,4.8815,4.7217,4.7943,1.6666,11455.24,7589.119,0.0799000000000003,湖南,纺织,19980527,
600156.SH,华升股份,20030115,4.8306,4.7943,4.9033,4.7071,4.8088,-0.3015,12623.37,8336.773,-0.014499999999999957,湖南,纺织,19980527,
600156.SH,华升股份,20030114,4.5982,4.8088,4.8669,4.5619,4.5909,4.7463,17921.33,11710.997,0.21789999999999932,湖南,纺织,19980527,
600156.SH,华升股份,20030113,4.5909,4.5909,4.62,4.5328,4.5909,0.0,3386.47,2127.653,0.0,湖南,纺织,19980527,
600156.SH,华升股份,20030110,4.6926,4.5909,4.7435,4.5909,4.6853,-2.0148,8357.27,5374.56,-0.09439999999999937,湖南,纺织,19980527,
600156.SH,华升股份,20030109,4.6127,4.6853,4.7144,4.5473,4.6127,1.5739,13621.36,8709.376,0.07259999999999955,湖南,纺织,19980527,
600156.SH,华升股份,20030108,4.4384,4.6127,4.6127,4.4384,4.4965,2.5842,5246.22,3285.18,0.11620000000000008,湖南,纺织,19980527,
600156.SH,华升股份,20030107,4.5037,4.4965,4.6418,4.4456,4.5255,-0.6408,5308.77,3314.962,-0.028999999999999915,湖南,纺织,19980527,
600156.SH,华升股份,20030106,4.4965,4.5255,4.5255,4.3948,4.4602,1.4641,5439.18,3352.138,0.06529999999999969,湖南,纺织,19980527,
600156.SH,华升股份,20030103,4.3294,4.4602,4.511,4.3003,4.3294,3.0212,5507.2,3371.611,0.1308000000000007,湖南,纺织,19980527,
600156.SH,华升股份,20030102,4.3948,4.3294,4.4674,4.3221,4.3076,0.5061,9407.15,5679.961,0.02179999999999982,湖南,纺织,19980527,
600156.SH,华升股份,20021231,4.4166,4.3076,4.4456,4.3003,4.3948,-1.9842,2694.0,1620.084,-0.08720000000000017,湖南,纺织,19980527,
600156.SH,华升股份,20021230,4.4456,4.3948,4.4529,4.3585,4.4529,-1.3048,2873.2,1741.962,-0.058099999999999596,湖南,纺织,19980527,
600156.SH,华升股份,20021227,4.4311,4.4529,4.5255,4.3948,4.4311,0.492,3020.12,1850.024,0.02179999999999982,湖南,纺织,19980527,
600156.SH,华升股份,20021226,4.6127,4.4311,4.62,4.4093,4.649,-4.687,5685.04,3505.485,-0.2179000000000002,湖南,纺织,19980527,
600156.SH,华升股份,20021225,4.7217,4.649,4.7653,4.649,4.6926,-0.9291,1672.21,1078.267,-0.04359999999999964,湖南,纺织,19980527,
600156.SH,华升股份,20021224,4.6563,4.6926,4.7217,4.649,4.6999,-0.1553,1890.01,1216.613,-0.00730000000000075,湖南,纺织,19980527,
600156.SH,华升股份,20021223,4.6636,4.6999,4.8306,4.6636,4.6636,0.7784,6442.61,4214.404,0.036300000000000665,湖南,纺织,19980527,
600156.SH,华升股份,20021220,4.649,4.6636,4.6926,4.6127,4.5982,1.4223,3864.87,2480.289,0.06539999999999946,湖南,纺织,19980527,
600156.SH,华升股份,20021219,4.5836,4.5982,4.6345,4.5619,4.6272,-0.6267,2256.23,1423.862,-0.028999999999999915,湖南,纺织,19980527,
600156.SH,华升股份,20021218,4.6563,4.6272,4.6926,4.6127,4.6418,-0.3145,3466.12,2219.561,-0.014599999999999724,湖南,纺织,19980527,
600156.SH,华升股份,20021217,4.5619,4.6418,4.6781,4.5619,4.649,-0.1549,4169.56,2664.332,-0.007200000000000095,湖南,纺织,19980527,
600156.SH,华升股份,20021216,4.6127,4.649,4.6708,4.5619,4.5909,1.2655,5691.34,3631.886,0.058099999999999596,湖南,纺织,19980527,
600156.SH,华升股份,20021213,4.4166,4.5909,4.6345,4.3657,4.482,2.4297,4989.67,3122.088,0.10890000000000022,湖南,纺织,19980527,
600156.SH,华升股份,20021212,4.3948,4.482,4.5037,4.3948,4.3948,1.9842,3054.25,1875.256,0.08720000000000017,湖南,纺织,19980527,
600156.SH,华升股份,20021211,4.3585,4.3948,4.402,4.3149,4.373,0.4985,3401.21,2037.212,0.02179999999999982,湖南,纺织,19980527,
600156.SH,华升股份,20021210,4.4456,4.373,4.4892,4.373,4.4674,-2.1131,3110.91,1891.107,-0.09439999999999937,湖南,纺织,19980527,
600156.SH,华升股份,20021209,4.4965,4.4674,4.5328,4.4456,4.511,-0.9665,1542.0,951.716,-0.04360000000000053,湖南,纺织,19980527,
600156.SH,华升股份,20021206,4.5401,4.511,4.5401,4.4674,4.5037,0.1621,1399.99,867.54,0.007299999999999862,湖南,纺织,19980527,
600156.SH,华升股份,20021205,4.5401,4.5037,4.5401,4.4674,4.5401,-0.8017,1438.31,892.395,-0.036399999999999544,湖南,纺织,19980527,
600156.SH,华升股份,20021204,4.5619,4.5401,4.6127,4.511,4.5183,0.4825,2652.04,1667.523,0.02179999999999982,湖南,纺织,19980527,
600156.SH,华升股份,20021203,4.4602,4.5183,4.5546,4.4384,4.4674,1.1394,2524.92,1564.78,0.05090000000000039,湖南,纺织,19980527,
600156.SH,华升股份,20021202,4.649,4.4674,4.649,4.4456,4.649,-3.9062,4537.0,2835.556,-0.18160000000000043,湖南,纺织,19980527,
600156.SH,华升股份,20021129,4.5764,4.649,4.7217,4.511,4.5764,1.5864,8047.4,5141.768,0.07260000000000044,湖南,纺织,19980527,
600156.SH,华升股份,20021128,4.4093,4.5764,4.5836,4.3948,4.4384,3.1092,4058.55,2511.474,0.1379999999999999,湖南,纺织,19980527,
600156.SH,华升股份,20021127,4.3657,4.4384,4.4892,4.3221,4.3585,1.8332,2873.33,1740.307,0.07989999999999942,湖南,纺织,19980527,
600156.SH,华升股份,20021126,4.4456,4.3585,4.4965,4.3585,4.4456,-1.9592,2487.83,1509.743,-0.08709999999999951,湖南,纺织,19980527,
600156.SH,华升股份,20021125,4.3948,4.4456,4.5037,4.3439,4.3657,1.8302,2453.71,1496.881,0.07989999999999942,湖南,纺织,19980527,
600156.SH,华升股份,20021122,4.3948,4.3657,4.5037,4.3003,4.373,-0.1669,6240.78,3777.913,-0.007299999999999862,湖南,纺织,19980527,
600156.SH,华升股份,20021121,4.6418,4.373,4.6418,4.3585,4.649,-5.9368,4871.79,2990.079,-0.2759999999999998,湖南,纺织,19980527,
600156.SH,华升股份,20021120,4.7798,4.649,4.7798,4.6127,4.7435,-1.9922,2321.33,1492.121,-0.09450000000000003,湖南,纺织,19980527,
600156.SH,华升股份,20021119,4.6563,4.7435,4.7943,4.62,4.6563,1.8727,2134.59,1372.452,0.08720000000000017,湖南,纺织,19980527,
600156.SH,华升股份,20021118,4.758,4.6563,4.758,4.649,4.7217,-1.3851,1936.0,1253.105,-0.06540000000000035,湖南,纺织,19980527,
600156.SH,华升股份,20021115,4.7217,4.7217,4.8597,4.7217,4.7289,-0.1523,3423.88,2252.71,-0.007200000000000095,湖南,纺织,19980527,
600156.SH,华升股份,20021114,4.8597,4.7289,4.8669,4.7217,4.8887,-3.2688,2673.3,1758.81,-0.15979999999999972,湖南,纺织,19980527,
600156.SH,华升股份,20021113,4.7653,4.8887,4.9105,4.7217,4.7943,1.969,4009.41,2643.666,0.09440000000000026,湖南,纺织,19980527,
600156.SH,华升股份,20021112,5.0631,4.7943,5.1139,4.7217,5.0631,-5.309,6056.61,4089.817,-0.2688000000000006,湖南,纺织,19980527,
600156.SH,华升股份,20021111,5.1793,5.0631,5.2084,5.0558,5.1793,-2.2435,2227.9,1575.21,-0.11619999999999919,湖南,纺织,19980527,
600156.SH,华升股份,20021108,5.4481,5.1793,5.4989,5.1575,5.3754,-3.6481,4071.21,2957.507,-0.19610000000000039,湖南,纺织,19980527,
600156.SH,华升股份,20021107,5.4118,5.3754,5.4335,5.3536,5.39,-0.2709,1997.15,1479.458,-0.014599999999999724,湖南,纺织,19980527,
600156.SH,华升股份,20021106,5.4553,5.39,5.4699,5.3609,5.4408,-0.9337,2367.59,1758.778,-0.05080000000000062,湖南,纺织,19980527,
600156.SH,华升股份,20021105,5.3391,5.4408,5.4771,5.3173,5.3173,2.3226,4901.19,3659.884,0.12349999999999994,湖南,纺织,19980527,
600156.SH,华升股份,20021104,5.2156,5.3173,5.3246,5.2156,5.2302,1.6653,2578.42,1874.398,0.0871000000000004,湖南,纺织,19980527,
600156.SH,华升股份,20021101,5.2519,5.2302,5.3028,5.2011,5.2737,-0.8248,2785.06,2007.94,-0.04349999999999987,湖南,纺织,19980527,
600156.SH,华升股份,20021031,5.3101,5.2737,5.4335,5.2519,5.3827,-2.025,3615.96,2649.747,-0.10899999999999999,湖南,纺织,19980527,
600156.SH,华升股份,20021030,5.5207,5.3827,5.5207,5.3754,5.528,-2.6284,2988.77,2226.393,-0.14529999999999976,湖南,纺织,19980527,
600156.SH,华升股份,20021029,5.5643,5.528,5.5643,5.4408,5.5934,-1.1692,2630.87,1987.584,-0.06540000000000035,湖南,纺织,19980527,
600156.SH,华升股份,20021028,5.6152,5.5934,5.666,5.5934,5.6006,-0.1286,2271.05,1757.9,-0.007200000000000095,湖南,纺织,19980527,
600156.SH,华升股份,20021025,5.6733,5.6006,5.7023,5.5934,5.6805,-1.4066,2072.16,1611.334,-0.0799000000000003,湖南,纺织,19980527,
600156.SH,华升股份,20021024,5.775,5.6805,5.775,5.666,5.775,-1.6364,2102.1,1649.791,-0.09450000000000003,湖南,纺织,19980527,
600156.SH,华升股份,20021023,5.8113,5.775,5.8113,5.7386,5.8113,-0.6246,1891.92,1500.127,-0.03629999999999978,湖南,纺织,19980527,
600156.SH,华升股份,20021022,5.7532,5.8113,5.8258,5.7168,5.7168,1.653,2253.51,1793.329,0.09450000000000003,湖南,纺织,19980527,
600156.SH,华升股份,20021021,5.7386,5.7168,5.7386,5.6297,5.7096,0.1261,1525.48,1192.079,0.007200000000000095,湖南,纺织,19980527,
600156.SH,华升股份,20021018,5.7604,5.7096,5.804,5.6006,5.775,-1.1325,3647.45,2868.047,-0.06540000000000035,湖南,纺织,19980527,
600156.SH,华升股份,20021017,5.9057,5.775,5.9493,5.7677,5.9057,-2.2131,12851.54,10428.53,-0.13070000000000004,湖南,纺织,19980527,
600156.SH,华升股份,20021016,5.7895,5.9057,5.9202,5.7895,5.7677,2.3926,7145.54,5770.005,0.1380000000000008,湖南,纺织,19980527,
600156.SH,华升股份,20021015,5.804,5.7677,5.804,5.7241,5.7459,0.3794,1476.6,1172.121,0.02179999999999982,湖南,纺织,19980527,
600156.SH,华升股份,20021014,5.7968,5.7459,5.804,5.7023,5.7604,-0.2517,2142.85,1696.591,-0.014499999999999957,湖南,纺织,19980527,
600156.SH,华升股份,20021011,5.7968,5.7604,5.7968,5.7023,5.7168,0.7627,1810.27,1428.997,0.04359999999999964,湖南,纺织,19980527,
600156.SH,华升股份,20021010,5.7023,5.7168,5.804,5.666,5.7096,0.1261,1693.24,1328.116,0.007200000000000095,湖南,纺织,19980527,
600156.SH,华升股份,20021009,5.8185,5.7096,5.8258,5.666,5.8113,-1.75,3145.43,2473.996,-0.10170000000000012,湖南,纺织,19980527,
600156.SH,华升股份,20021008,5.8113,5.8113,5.8113,5.7168,5.8113,0.0,2448.0,1938.644,0.0,湖南,纺织,19980527,
600156.SH,华升股份,20020927,5.9202,5.8113,5.9202,5.7822,5.8476,-0.6208,2751.72,2201.702,-0.03629999999999978,湖南,纺织,19980527,
600156.SH,华升股份,20020926,5.9275,5.8476,5.9929,5.8476,5.9275,-1.348,2342.8,1902.536,-0.0799000000000003,湖南,纺织,19980527,
600156.SH,华升股份,20020925,5.9711,5.9275,5.9929,5.9057,5.9348,-0.123,7163.13,5867.473,-0.007299999999999862,湖南,纺织,19980527,
600156.SH,华升股份,20020924,5.8985,5.9348,5.942,5.8694,5.8985,0.6154,2538.29,2063.092,0.03629999999999978,湖南,纺织,19980527,
600156.SH,华升股份,20020923,5.8476,5.8985,5.9202,5.8403,5.8476,0.8704,2456.46,1994.334,0.05090000000000039,湖南,纺织,19980527,
600156.SH,华升股份,20020920,5.8621,5.8476,5.8767,5.7604,5.8621,-0.2474,2655.75,2138.991,-0.014499999999999957,湖南,纺织,19980527,
600156.SH,华升股份,20020919,5.775,5.8621,5.8839,5.6369,5.7895,1.254,3447.58,2727.47,0.07259999999999955,湖南,纺织,19980527,
600156.SH,华升股份,20020918,5.8185,5.7895,5.8185,5.7822,5.8258,-0.6231,1704.21,1362.446,-0.03629999999999978,湖南,纺织,19980527,
600156.SH,华升股份,20020917,5.8185,5.8258,5.8476,5.7822,5.8185,0.1255,1948.19,1559.514,0.007299999999999862,湖南,纺织,19980527,
600156.SH,华升股份,20020916,5.9493,5.8185,5.9493,5.8185,5.8767,-0.9904,1454.29,1168.36,-0.05819999999999936,湖南,纺织,19980527,
600156.SH,华升股份,20020913,5.8839,5.8767,5.913,5.8113,5.8767,0.0,1332.21,1072.607,0.0,湖南,纺织,19980527,
600156.SH,华升股份,20020912,5.8621,5.8767,5.9711,5.8621,5.8549,0.3723,1848.96,1500.804,0.02179999999999982,湖南,纺织,19980527,
600156.SH,华升股份,20020911,5.8985,5.8549,5.9275,5.8113,5.8985,-0.7392,2795.33,2247.072,-0.04360000000000053,湖南,纺织,19980527,
600156.SH,华升股份,20020910,5.9348,5.8985,5.9784,5.8985,5.9348,-0.6116,1638.57,1336.135,-0.03629999999999978,湖南,纺织,19980527,
600156.SH,华升股份,20020909,5.9275,5.9348,5.9856,5.9057,5.9275,0.1232,2296.5,1875.192,0.007299999999999862,湖南,纺织,19980527,
600156.SH,华升股份,20020906,6.0074,5.9275,6.0147,5.8985,6.0074,-1.33,3256.3,2671.053,-0.07989999999999942,湖南,纺织,19980527,
600156.SH,华升股份,20020905,6.1018,6.0074,6.1164,5.9929,6.1236,-1.8976,4052.95,3362.693,-0.11620000000000008,湖南,纺织,19980527,
600156.SH,华升股份,20020904,6.189,6.1236,6.189,6.1018,6.1818,-0.9415,1956.73,1648.507,-0.05820000000000025,湖南,纺织,19980527,
600156.SH,华升股份,20020903,6.1454,6.1818,6.2108,6.1382,6.1382,0.7103,1468.84,1246.146,0.04359999999999964,湖南,纺织,19980527,
600156.SH,华升股份,20020902,6.1018,6.1382,6.1382,6.0946,6.1018,0.5965,2233.16,1878.974,0.03640000000000043,湖南,纺织,19980527,
600156.SH,华升股份,20020830,6.1382,6.1018,6.1672,6.1018,6.1309,-0.4746,1774.89,1497.772,-0.02909999999999968,湖南,纺织,19980527,
600156.SH,华升股份,20020829,6.1672,6.1309,6.1963,6.1164,6.16,-0.4724,2763.25,2338.201,-0.02910000000000057,湖南,纺织,19980527,
600156.SH,华升股份,20020828,6.2108,6.16,6.2181,6.16,6.2108,-0.8179,3467.04,2947.982,-0.050799999999999734,湖南,纺织,19980527,
600156.SH,华升股份,20020827,6.1818,6.2108,6.2471,6.16,6.1818,0.4691,2830.91,2410.445,0.028999999999999915,湖南,纺织,19980527,
600156.SH,华升股份,20020826,6.2544,6.1818,6.2762,6.16,6.3052,-1.9571,3717.53,3177.59,-0.12340000000000018,湖南,纺织,19980527,
600156.SH,华升股份,20020823,6.3561,6.3052,6.3634,6.3052,6.3488,-0.6867,2391.0,2084.02,-0.04359999999999964,湖南,纺织,19980527,
600156.SH,华升股份,20020822,6.3561,6.3488,6.3997,6.3052,6.3561,-0.1149,5401.97,4732.201,-0.007299999999999862,湖南,纺织,19980527,
600156.SH,华升股份,20020821,6.3561,6.3561,6.3851,6.327,6.327,0.4599,8805.37,7708.088,0.02909999999999968,湖南,纺织,19980527,
600156.SH,华升股份,20020820,6.1745,6.327,6.3343,6.1236,6.1672,2.5911,5544.49,4786.302,0.15979999999999972,湖南,纺织,19980527,
600156.SH,华升股份,20020819,6.1745,6.1672,6.1818,6.0873,6.1745,-0.1182,1828.53,1548.343,-0.007299999999999862,湖南,纺织,19980527,
600156.SH,华升股份,20020816,6.1018,6.1745,6.2035,6.051,6.1454,0.4735,1997.75,1681.329,0.02909999999999968,湖南,纺织,19980527,
600156.SH,华升股份,20020815,6.2108,6.1454,6.2108,6.1382,6.2108,-1.053,944.73,804.314,-0.06539999999999946,湖南,纺织,19980527,
600156.SH,华升股份,20020814,6.16,6.2108,6.2108,6.16,6.16,0.8247,1677.13,1426.734,0.050799999999999734,湖南,纺织,19980527,
600156.SH,华升股份,20020813,6.1091,6.16,6.1818,6.1018,6.1527,0.1186,1611.27,1365.619,0.007299999999999862,湖南,纺织,19980527,
600156.SH,华升股份,20020812,6.0728,6.1527,6.1745,6.0365,6.1454,0.1188,1925.92,1620.738,0.007299999999999862,湖南,纺织,19980527,
600156.SH,华升股份,20020809,6.2035,6.1454,6.2108,6.1018,6.2035,-0.9366,2705.28,2290.858,-0.058099999999999596,湖南,纺织,19980527,
600156.SH,华升股份,20020808,6.2762,6.2035,6.3343,6.1963,6.2762,-1.1583,1454.5,1254.62,-0.07270000000000021,湖南,纺织,19980527,
600156.SH,华升股份,20020807,6.2617,6.2762,6.3052,6.2326,6.2617,0.2316,2336.38,2014.292,0.014499999999999957,湖南,纺织,19980527,
600156.SH,华升股份,20020806,6.1818,6.2617,6.3198,6.1818,6.1818,1.2925,3654.3,3148.266,0.0799000000000003,湖南,纺织,19980527,
600156.SH,华升股份,20020805,6.2181,6.1818,6.2181,6.1745,6.2108,-0.4669,1356.98,1156.497,-0.028999999999999915,湖南,纺织,19980527,
600156.SH,华升股份,20020802,6.189,6.2108,6.2471,6.1745,6.1963,0.234,2406.05,2051.932,0.014499999999999957,湖南,纺织,19980527,
600156.SH,华升股份,20020801,6.1963,6.1963,6.2617,6.16,6.2108,-0.2335,2188.38,1873.199,-0.014499999999999957,湖南,纺织,19980527,
600156.SH,华升股份,20020731,6.16,6.2108,6.3198,6.16,6.2907,-1.2701,4045.95,3492.857,-0.0799000000000003,湖南,纺织,19980527,
600156.SH,华升股份,20020730,6.2326,6.2907,6.3343,6.1745,6.2181,1.1676,4499.74,3862.24,0.07260000000000044,湖南,纺织,19980527,
600156.SH,华升股份,20020729,6.1382,6.2181,6.2253,6.1091,6.16,0.9432,5781.56,4887.022,0.058099999999999596,湖南,纺织,19980527,
600156.SH,华升股份,20020726,6.2108,6.16,6.2544,6.16,6.2471,-1.3942,6636.28,5666.56,-0.08709999999999951,湖南,纺织,19980527,
600156.SH,华升股份,20020725,6.3198,6.2471,6.3924,6.1963,6.3125,-1.036,3946.77,3398.314,-0.06540000000000035,湖南,纺织,19980527,
600156.SH,华升股份,20020724,6.2896,6.3113,6.3692,6.2824,6.2824,0.46,2948.79,2567.721,0.028900000000000148,湖南,纺织,19980527,
600156.SH,华升股份,20020723,6.2896,6.2824,6.3692,6.2751,6.362,-1.2512,5380.14,4689.398,-0.07960000000000012,湖南,纺织,19980527,
600156.SH,华升股份,20020722,6.514,6.362,6.5502,6.3403,6.5067,-2.2239,7516.83,6632.348,-0.14470000000000027,湖南,纺织,19980527,
600156.SH,华升股份,20020719,6.4995,6.5067,6.5357,6.4416,6.4995,0.1108,3851.0,3446.555,0.007200000000000095,湖南,纺织,19980527,
600156.SH,华升股份,20020718,6.4995,6.4995,6.5357,6.4416,6.4778,0.335,3660.29,3288.38,0.021700000000000053,湖南,纺织,19980527,
600156.SH,华升股份,20020717,6.4561,6.4778,6.5067,6.3475,6.4416,0.562,5144.54,4552.402,0.03620000000000001,湖南,纺织,19980527,
600156.SH,华升股份,20020716,6.5719,6.4416,6.6225,6.4416,6.5791,-2.09,5052.3,4549.304,-0.13750000000000018,湖南,纺织,19980527,
600156.SH,华升股份,20020715,6.5067,6.5791,6.6225,6.4995,6.514,0.9994,7066.58,6407.71,0.06510000000000016,湖南,纺织,19980527,
600156.SH,华升股份,20020712,6.4923,6.514,6.5719,6.4923,6.4923,0.3342,4826.0,4349.106,0.021700000000000053,湖南,纺织,19980527,
600156.SH,华升股份,20020711,6.4633,6.4923,6.5719,6.3765,6.485,0.1126,9019.15,8056.741,0.007299999999999862,湖南,纺织,19980527,
600156.SH,华升股份,20020710,6.6008,6.485,6.6225,6.4778,6.6225,-2.0763,11063.43,10016.105,-0.1374999999999993,湖南,纺织,19980527,
600156.SH,华升股份,20020709,6.6587,6.6225,6.7094,6.6081,6.6949,-1.0814,5573.0,5118.573,-0.07240000000000002,湖南,纺织,19980527,
600156.SH,华升股份,20020708,6.6732,6.6949,6.7166,6.5791,6.6732,0.3252,7407.11,6805.332,0.021700000000000053,湖南,纺织,19980527,
600156.SH,华升股份,20020705,6.6804,6.6732,6.7166,6.6081,6.7022,-0.4327,9825.48,9035.695,-0.029000000000000803,湖南,纺织,19980527,
600156.SH,华升股份,20020704,6.7311,6.7022,6.7673,6.6804,6.7311,-0.4294,9382.84,8698.738,-0.02889999999999926,湖南,纺织,19980527,
600156.SH,华升股份,20020703,6.8397,6.7311,6.8686,6.6587,6.8035,-1.0642,9025.95,8398.248,-0.07240000000000002,湖南,纺织,19980527,
600156.SH,华升股份,20020702,6.7311,6.8035,6.8035,6.6153,6.7383,0.9676,15691.84,14502.084,0.06519999999999992,湖南,纺织,19980527,
600156.SH,华升股份,20020701,6.912,6.7383,6.9338,6.7311,6.9338,-2.8195,26533.0,25052.055,-0.1955,湖南,纺织,19980527,
600156.SH,华升股份,20020628,6.8686,6.9338,6.9627,6.7166,6.8686,0.9492,67391.09,63808.705,0.06519999999999992,湖南,纺织,19980527,
600156.SH,华升股份,20020627,6.5719,6.8686,6.8759,6.5719,6.5574,4.7458,56735.4,52914.945,0.3111999999999995,湖南,纺织,19980527,
600156.SH,华升股份,20020626,6.3765,6.5574,6.5646,6.3692,6.4488,1.684,22792.22,20421.094,0.10860000000000003,湖南,纺织,19980527,
600156.SH,华升股份,20020625,6.5284,6.4488,6.6587,6.3186,6.5284,-1.2193,40420.2,36541.13,-0.07960000000000012,湖南,纺织,19980527,
600156.SH,华升股份,20020624,6.5284,6.5284,6.5284,6.1883,5.9349,10.0002,58956.61,52351.829,0.5935000000000006,湖南,纺织,19980527,
600156.SH,华升股份,20020621,5.754,5.9349,5.9494,5.754,5.7251,3.6646,8281.45,6764.033,0.20979999999999954,湖南,纺织,19980527,
600156.SH,华升股份,20020620,5.6599,5.7251,5.7902,5.6599,5.6816,0.7656,1935.5,1539.107,0.04349999999999987,湖南,纺织,19980527,
600156.SH,华升股份,20020619,5.7757,5.6816,5.8191,5.6454,5.7757,-1.6292,1671.4,1318.002,-0.09409999999999918,湖南,纺织,19980527,
600156.SH,华升股份,20020618,5.6454,5.7757,5.7974,5.6454,5.6382,2.4387,2568.4,2040.686,0.1374999999999993,湖南,纺织,19980527,
600156.SH,华升股份,20020617,5.5369,5.6382,5.6454,5.5007,5.5948,0.7757,1799.2,1387.493,0.043400000000000105,湖南,纺织,19980527,
600156.SH,华升股份,20020614,5.6816,5.5948,5.6961,5.5875,5.7106,-2.0278,2444.31,1902.921,-0.11580000000000013,湖南,纺织,19980527,
600156.SH,华升股份,20020613,5.7757,5.7106,5.8336,5.7033,5.7757,-1.1271,2479.01,1965.322,-0.06509999999999927,湖南,纺织,19980527,
600156.SH,华升股份,20020612,5.8626,5.7757,5.8988,5.7178,5.8553,-1.3595,3083.57,2457.094,-0.07960000000000012,湖南,纺织,19980527,
600156.SH,华升股份,20020611,5.8481,5.8553,5.8915,5.7902,5.8336,0.372,2618.3,2116.444,0.021700000000000053,湖南,纺织,19980527,
600156.SH,华升股份,20020610,5.8988,5.8336,5.9349,5.7902,5.9205,-1.4678,3428.71,2765.561,-0.08689999999999998,湖南,纺织,19980527,
600156.SH,华升股份,20020607,5.8626,5.9205,5.9784,5.6816,5.7902,2.2504,8699.47,7058.773,0.13030000000000008,湖南,纺织,19980527,
600156.SH,华升股份,20020606,5.4138,5.7902,5.8698,5.3197,5.45,6.2422,10136.11,7853.95,0.3401999999999994,湖南,纺织,19980527,
600156.SH,华升股份,20020605,5.7902,5.45,5.7902,5.4355,5.8264,-6.4602,7785.91,6027.411,-0.3763999999999994,湖南,纺织,19980527,
600156.SH,华升股份,20020604,5.7974,5.8264,5.8988,5.7178,5.783,0.7505,3243.02,2605.332,0.04339999999999922,湖南,纺织,19980527,
600156.SH,华升股份,20020603,5.7974,5.783,5.8264,5.7178,5.8915,-1.8416,4600.57,3676.167,-0.10849999999999937,湖南,纺织,19980527,
600156.SH,华升股份,20020531,5.9929,5.8915,6.0073,5.8698,5.9856,-1.5721,3729.31,3061.15,-0.09410000000000007,湖南,纺织,19980527,
600156.SH,华升股份,20020530,5.9205,5.9856,6.029,5.8264,5.9205,1.0996,5639.06,4606.361,0.06510000000000016,湖南,纺织,19980527,
600156.SH,华升股份,20020529,6.1883,5.9205,6.1883,5.8988,6.1883,-4.3275,6273.78,5173.511,-0.26780000000000026,湖南,纺织,19980527,
600156.SH,华升股份,20020527,6.0797,6.1883,6.1955,6.0073,6.0725,1.907,6599.62,5566.989,0.11580000000000013,湖南,纺织,19980527,
600156.SH,华升股份,20020524,6.3258,6.0725,6.362,6.0652,6.2606,-3.0045,19428.17,16486.179,-0.18810000000000038,湖南,纺织,19980527,
600156.SH,华升股份,20020523,6.1231,6.2606,6.2751,6.0942,6.0942,2.7305,20076.5,17191.652,0.16640000000000033,湖南,纺织,19980527,
600156.SH,华升股份,20020522,5.9711,6.0942,6.1304,5.9205,5.9494,2.4339,11258.78,9376.763,0.14480000000000004,湖南,纺织,19980527,
600156.SH,华升股份,20020521,5.8626,5.9494,6.0073,5.8626,5.7178,4.0505,7271.52,5967.939,0.23159999999999936,湖南,纺织,19980527,
600156.SH,华升股份,20020520,5.8553,5.7178,5.8553,5.6672,5.8336,-1.9851,4245.2,3351.998,-0.11579999999999924,湖南,纺织,19980527,
600156.SH,华升股份,20020517,5.7033,5.8336,5.8988,5.6816,5.7251,1.8952,7565.17,6059.46,0.10849999999999937,湖南,纺织,19980527,
600156.SH,华升股份,20020516,5.9494,5.7251,5.9494,5.6816,5.9929,-4.4686,9046.92,7252.24,-0.26779999999999937,湖南,纺织,19980527,
600156.SH,华升股份,20020515,6.029,5.9929,6.0652,5.9494,6.0218,-0.4799,4715.11,3903.04,-0.028900000000000148,湖南,纺织,19980527,
600156.SH,华升股份,20020514,6.0073,6.0218,6.0797,6.0073,6.0725,-0.8349,4287.21,3572.176,-0.05069999999999997,湖南,纺织,19980527,
600156.SH,华升股份,20020513,6.1738,6.0725,6.2027,6.0508,6.2027,-2.0991,4795.77,4034.775,-0.13020000000000032,湖南,纺织,19980527,
600156.SH,华升股份,20020510,6.1883,6.2027,6.2824,6.1376,6.1883,0.2327,5781.16,4936.404,0.01440000000000019,湖南,纺织,19980527,
600156.SH,华升股份,20020509,6.2245,6.1883,6.3041,6.1666,6.2606,-1.1548,7183.58,6173.098,-0.07230000000000025,湖南,纺织,19980527,
600156.SH,华升股份,20020508,6.3692,6.2606,6.4416,6.2534,6.3475,-1.369,7657.8,6649.444,-0.08689999999999998,湖南,纺织,19980527,
600156.SH,华升股份,20020430,6.2606,6.3475,6.4995,6.1883,6.2027,2.3345,33673.04,29576.698,0.14480000000000004,湖南,纺织,19980527,
600156.SH,华升股份,20020429,6.21,6.2027,6.2751,6.1376,6.1883,0.2327,14606.26,12534.894,0.01440000000000019,湖南,纺织,19980527,
600156.SH,华升股份,20020426,6.1593,6.1883,6.2172,6.1231,6.1521,0.5884,14095.02,12038.039,0.03620000000000001,湖南,纺织,19980527,
600156.SH,华升股份,20020425,5.9711,6.1521,6.1666,5.9711,5.9639,3.1557,15088.07,12721.404,0.18820000000000014,湖南,纺织,19980527,
600156.SH,华升股份,20020424,5.8481,5.9639,5.9929,5.7902,5.8626,1.7279,3050.14,2481.873,0.10130000000000017,湖南,纺织,19980527,
600156.SH,华升股份,20020423,5.9349,5.8626,5.9929,5.8626,5.9494,-1.459,4017.0,3283.267,-0.08680000000000021,湖南,纺织,19980527,
600156.SH,华升股份,20020422,5.9349,5.9494,5.9567,5.8626,5.9422,0.1212,3090.05,2525.941,0.007200000000000095,湖南,纺织,19980527,
600156.SH,华升股份,20020419,5.8988,5.9422,5.9639,5.7902,5.9132,0.4904,5905.79,4772.083,0.028999999999999915,湖南,纺织,19980527,
600156.SH,华升股份,20020418,6.0073,5.9132,6.0435,5.906,6.0146,-1.6859,4842.31,3986.117,-0.10139999999999993,湖南,纺织,19980527,
600156.SH,华升股份,20020417,5.9929,6.0146,6.0797,5.9349,6.0435,-0.4782,5119.24,4234.101,-0.028900000000000148,湖南,纺织,19980527,
600156.SH,华升股份,20020416,6.1159,6.0435,6.1521,6.0218,6.1087,-1.0673,3410.82,2858.559,-0.06519999999999992,湖南,纺织,19980527,
600156.SH,华升股份,20020415,6.1376,6.1087,6.2245,6.029,6.1376,-0.4709,4719.87,3992.777,-0.028900000000000148,湖南,纺织,19980527,
600156.SH,华升股份,20020412,6.1593,6.1376,6.2245,6.1159,6.1593,-0.3523,7536.14,6426.584,-0.021700000000000053,湖南,纺织,19980527,
600156.SH,华升股份,20020411,6.1087,6.1593,6.3547,6.0942,6.1448,0.236,22615.06,19535.242,0.014499999999999957,湖南,纺织,19980527,
600156.SH,华升股份,20020410,6.0797,6.1448,6.1883,6.0435,6.0508,1.5535,9826.81,8300.74,0.0940000000000003,湖南,纺织,19980527,
600156.SH,华升股份,20020409,5.8915,6.0508,6.0869,5.8698,5.906,2.4517,7009.13,5812.377,0.14480000000000004,湖南,纺织,19980527,
600156.SH,华升股份,20020408,5.8843,5.906,5.9349,5.8698,5.8843,0.3688,2620.53,2138.875,0.021700000000000053,湖南,纺织,19980527,
600156.SH,华升股份,20020405,5.9929,5.8843,6.0146,5.8481,5.9711,-1.4537,7166.78,5868.947,-0.08680000000000021,湖南,纺织,19980527,
600156.SH,华升股份,20020404,5.7178,5.9711,5.9929,5.5948,5.7178,4.43,7002.89,5603.977,0.2532999999999994,湖南,纺织,19980527,
600156.SH,华升股份,20020403,5.6744,5.7178,5.7757,5.6599,5.7033,0.2542,4999.92,3955.215,0.014500000000000846,湖南,纺织,19980527,
600156.SH,华升股份,20020402,5.8915,5.7033,5.8988,5.6961,5.8915,-3.1944,6133.0,4889.944,-0.18820000000000014,湖南,纺织,19980527,
600156.SH,华升股份,20020401,5.7902,5.8915,5.906,5.7902,5.8409,0.8663,5809.89,4704.487,0.05059999999999931,湖南,纺织,19980527,
600156.SH,华升股份,20020329,6.0073,5.8409,6.058,5.8191,6.0435,-3.3524,10286.12,8430.994,-0.20259999999999945,湖南,纺织,19980527,
600156.SH,华升股份,20020328,6.1159,6.0435,6.1521,6.0073,6.1014,-0.949,6355.99,5331.15,-0.05790000000000006,湖南,纺织,19980527,
600156.SH,华升股份,20020327,6.2172,6.1014,6.2172,6.0363,6.2172,-1.8626,7712.72,6501.94,-0.11580000000000013,湖南,纺织,19980527,
600156.SH,华升股份,20020326,6.3403,6.2172,6.3982,6.1593,6.2968,-1.2641,18847.84,16420.247,-0.07960000000000012,湖南,纺织,19980527,
600156.SH,华升股份,20020325,6.2317,6.2968,6.3547,6.2245,6.21,1.3977,11531.57,10038.43,0.08680000000000021,湖南,纺织,19980527,
600156.SH,华升股份,20020322,6.21,6.21,6.3403,6.1521,6.1883,0.3507,19080.74,16453.974,0.021700000000000053,湖南,纺织,19980527,
600156.SH,华升股份,20020321,6.0797,6.1883,6.21,6.0797,6.0797,1.7863,13139.6,11174.637,0.10860000000000003,湖南,纺织,19980527,
600156.SH,华升股份,20020320,6.1159,6.0797,6.1448,6.029,6.0797,0.0,10604.29,8907.908,0.0,湖南,纺织,19980527,
600156.SH,华升股份,20020319,5.9349,6.0797,6.0797,5.9205,5.9349,2.4398,7889.8,6543.845,0.14480000000000004,湖南,纺织,19980527,
600156.SH,华升股份,20020318,5.9929,5.9349,6.1159,5.8626,5.9205,0.2432,8794.2,7256.321,0.01440000000000019,湖南,纺织,19980527,
600156.SH,华升股份,20020315,6.2245,5.9205,6.2606,5.8988,6.1521,-3.7646,9992.62,8373.987,-0.23160000000000025,湖南,纺织,19980527,
600156.SH,华升股份,20020314,5.9784,6.1521,6.1521,5.9784,5.9784,2.9055,11522.13,9621.353,0.1737000000000002,湖南,纺织,19980527,
600156.SH,华升股份,20020313,6.0363,5.9784,6.0942,5.9784,6.0508,-1.1965,16601.15,13844.591,-0.07240000000000002,湖南,纺织,19980527,
600156.SH,华升股份,20020312,6.2245,6.0508,6.2389,6.029,6.21,-2.5636,23902.41,20160.617,-0.15920000000000023,湖南,纺织,19980527,
600156.SH,华升股份,20020311,6.0797,6.21,6.2606,6.0797,6.0073,3.3742,26995.99,23023.08,0.2027000000000001,湖南,纺织,19980527,
600156.SH,华升股份,20020308,6.0001,6.0073,6.0652,5.877,5.9856,0.3625,35259.5,29056.19,0.021700000000000053,湖南,纺织,19980527,
600156.SH,华升股份,20020307,5.6599,5.9856,5.9929,5.6599,5.6237,6.4353,35892.89,28803.711,0.36189999999999944,湖南,纺织,19980527,
600156.SH,华升股份,20020306,5.5296,5.6237,5.7612,5.479,5.4573,3.0491,21946.88,17077.615,0.16640000000000033,湖南,纺织,19980527,
600156.SH,华升股份,20020305,5.3559,5.4573,5.5369,5.3342,5.3342,2.3077,12298.56,9261.299,0.12309999999999999,湖南,纺织,19980527,
600156.SH,华升股份,20020304,5.1171,5.3342,5.3415,5.1171,5.175,3.0763,5675.78,4118.695,0.15920000000000023,湖南,纺织,19980527,
600156.SH,华升股份,20020301,5.3197,5.175,5.3415,5.1533,5.3559,-3.3776,5095.46,3689.454,-0.18090000000000028,湖南,纺织,19980527,
600156.SH,华升股份,20020228,5.3197,5.3559,5.5224,5.3053,5.2763,1.5086,11138.28,8363.426,0.07960000000000012,湖南,纺织,19980527,
600156.SH,华升股份,20020226,5.2836,5.2763,5.3197,5.1388,5.2763,0.0,4545.2,3279.874,0.0,湖南,纺织,19980527,
600156.SH,华升股份,20020225,5.3559,5.2763,5.4138,5.2401,5.175,1.9575,5360.77,3920.845,0.10130000000000017,湖南,纺织,19980527,
600156.SH,华升股份,20020208,5.1967,5.175,5.2691,5.1533,5.1533,0.4211,5538.62,3977.017,0.021700000000000053,湖南,纺织,19980527,
600156.SH,华升股份,20020207,4.994,5.1533,5.2546,4.9868,5.023,2.5941,6706.13,4775.863,0.13030000000000008,湖南,纺织,19980527,
600156.SH,华升股份,20020206,5.1895,5.023,5.2401,4.994,5.2039,-3.4762,9318.7,6575.322,-0.18090000000000028,湖南,纺织,19980527,
600156.SH,华升股份,20020205,5.2474,5.2039,5.2763,5.1388,5.2401,-0.6908,8283.03,5968.657,-0.03620000000000001,湖南,纺织,19980527,
600156.SH,华升股份,20020204,4.994,5.2401,5.2691,4.9868,4.9868,5.0794,11469.7,8188.687,0.2533000000000003,湖南,纺织,19980527,
600156.SH,华升股份,20020201,5.0519,4.9868,5.1243,4.9434,5.0302,-0.8628,11076.06,7708.139,-0.043400000000000105,湖南,纺织,19980527,
600156.SH,华升股份,20020131,4.7045,5.0302,5.0664,4.7045,4.6683,7.7523,15801.73,10772.36,0.36189999999999944,湖南,纺织,19980527,
600156.SH,华升股份,20020130,4.6032,4.6683,4.7335,4.5236,4.567,2.2181,5613.45,3599.141,0.10130000000000017,湖南,纺织,19980527,
600156.SH,华升股份,20020129,4.3065,4.567,4.6032,4.2703,4.3426,5.1674,6461.18,4007.117,0.22440000000000015,湖南,纺织,19980527,
600156.SH,华升股份,20020128,4.7769,4.3426,4.8855,4.3354,4.7697,-8.9544,8056.65,5093.696,-0.42710000000000026,湖南,纺织,19980527,
600156.SH,华升股份,20020125,4.6828,4.7697,4.8855,4.6322,4.6828,1.8557,8654.11,5691.418,0.08689999999999998,湖南,纺织,19980527,
600156.SH,华升股份,20020124,4.5525,4.6828,4.8131,4.3426,4.5453,3.0251,15021.54,9730.17,0.13750000000000018,湖南,纺织,19980527,
600156.SH,华升股份,20020123,4.1255,4.5453,4.5525,4.0893,4.14,9.7899,6829.49,4089.277,0.40530000000000044,湖南,纺织,19980527,
600156.SH,华升股份,20020122,4.2196,4.14,4.3861,4.0893,4.2558,-2.721,7633.28,4469.925,-0.11580000000000013,湖南,纺织,19980527,
600156.SH,华升股份,20020121,4.6828,4.2558,4.6828,4.2486,4.719,-9.8156,7460.75,4547.325,-0.4632000000000005,湖南,纺织,19980527,
600156.SH,华升股份,20020118,4.8348,4.719,4.9144,4.5598,4.9072,-3.8352,7700.76,5064.584,-0.18819999999999926,湖南,纺织,19980527,
600156.SH,华升股份,20020117,5.2184,4.9072,5.2474,4.8855,5.2184,-5.9635,4626.5,3255.253,-0.31120000000000037,湖南,纺织,19980527,
600156.SH,华升股份,20020116,5.1822,5.2184,5.2474,5.1026,5.1316,1.6915,4163.55,2974.802,0.08680000000000021,湖南,纺织,19980527,
600156.SH,华升股份,20020115,5.1388,5.1316,5.2546,5.0809,5.1605,-0.56,4674.16,3331.608,-0.028900000000000148,湖南,纺织,19980527,
600156.SH,华升股份,20020114,5.3197,5.1605,5.3197,5.146,5.3415,-3.3886,4878.56,3505.252,-0.18100000000000005,湖南,纺织,19980527,
600156.SH,华升股份,20020111,5.5875,5.3415,5.6454,5.3342,5.5731,-4.1557,4396.65,3304.869,-0.23160000000000025,湖南,纺织,19980527,
600156.SH,华升股份,20020110,5.4573,5.5731,5.6093,5.2401,5.4717,1.8532,8719.82,6435.209,0.10139999999999993,湖南,纺织,19980527,
600156.SH,华升股份,20020109,5.8409,5.4717,5.8409,5.4355,5.8409,-6.3209,9724.56,7478.506,-0.3692000000000002,湖南,纺织,19980527,
600156.SH,华升股份,20020108,5.9349,5.8409,5.9784,5.8264,5.9494,-1.8237,3030.0,2469.408,-0.10849999999999937,湖南,纺织,19980527,
600156.SH,华升股份,20020107,6.0073,5.9494,6.0435,5.8626,6.0652,-1.9093,2433.56,1988.499,-0.11580000000000013,湖南,纺织,19980527,
600156.SH,华升股份,20020104,6.2317,6.0652,6.2317,6.0363,6.1666,-1.6443,2737.99,2298.582,-0.10139999999999993,湖南,纺织,19980527,
600156.SH,华升股份,20011231,6.3403,6.1666,6.3692,6.1521,6.3403,-2.7396,4876.73,4211.006,-0.1737000000000002,湖南,纺织,19980527,
600156.SH,华升股份,20011228,6.3547,6.3403,6.3909,6.2606,6.3041,0.5742,2249.96,1963.595,0.03620000000000001,湖南,纺织,19980527,
600156.SH,华升股份,20011227,6.3692,6.3041,6.4416,6.2968,6.3692,-1.0221,2356.15,2070.069,-0.06510000000000016,湖南,纺织,19980527,
600156.SH,华升股份,20011226,6.2968,6.3692,6.3909,6.2968,6.2968,1.1498,2225.89,1950.257,0.07240000000000002,湖南,纺织,19980527,
600156.SH,华升股份,20011225,6.3113,6.2968,6.3765,6.2317,6.3041,-0.1158,2029.67,1765.4,-0.007299999999999862,湖南,纺织,19980527,
600156.SH,华升股份,20011224,6.5574,6.3041,6.5574,6.2317,6.5574,-3.8628,5184.45,4541.006,-0.2533000000000003,湖南,纺织,19980527,
600156.SH,华升股份,20011221,6.3692,6.5574,6.6442,6.3692,6.4199,2.1418,13261.79,11871.881,0.13750000000000018,湖南,纺织,19980527,
600156.SH,华升股份,20011220,6.6081,6.4199,6.6081,6.3765,6.6515,-3.4819,5940.1,5302.325,-0.23160000000000025,湖南,纺织,19980527,
600156.SH,华升股份,20011219,6.6587,6.6515,6.7818,6.6442,6.7456,-1.395,2551.0,2360.375,-0.09409999999999918,湖南,纺织,19980527,
600156.SH,华升股份,20011218,6.666,6.7456,6.7456,6.5936,6.6153,1.9697,2045.62,1885.622,0.1302999999999992,湖南,纺织,19980527,
600156.SH,华升股份,20011217,6.6442,6.6153,6.6804,6.5936,6.6515,-0.5442,2912.39,2664.744,-0.03620000000000001,湖南,纺织,19980527,
600156.SH,华升股份,20011214,6.666,6.6515,6.7166,6.5936,6.6587,-0.1081,3316.97,3051.83,-0.007199999999999207,湖南,纺织,19980527,
600156.SH,华升股份,20011213,6.7383,6.6587,6.8469,6.6442,6.8035,-2.1283,5486.0,5113.681,-0.14480000000000004,湖南,纺织,19980527,
600156.SH,华升股份,20011212,6.9772,6.8035,6.9844,6.8035,6.9989,-2.7919,6342.92,6033.989,-0.19540000000000024,湖南,纺织,19980527,
600156.SH,华升股份,20011211,7.1654,6.9989,7.1798,6.9699,7.1798,-2.5196,4465.0,4349.262,-0.18090000000000028,湖南,纺织,19980527,
600156.SH,华升股份,20011210,7.2088,7.1798,7.2088,6.8831,7.1219,0.813,4554.99,4446.586,0.05790000000000006,湖南,纺织,19980527,
600156.SH,华升股份,20011207,7.1292,7.1219,7.2377,7.093,7.1075,0.2026,6371.12,6297.276,0.01440000000000019,湖南,纺织,19980527,
600156.SH,华升股份,20011205,7.2016,7.1075,7.2233,7.0568,7.2016,-1.3067,13286.34,13089.807,-0.09410000000000007,湖南,纺织,19980527,
600156.SH,华升股份,20011204,7.2377,7.2016,7.245,7.093,7.2305,-0.3997,8892.74,8796.326,-0.028900000000000148,湖南,纺织,19980527,
600156.SH,华升股份,20011203,7.1509,7.2305,7.2305,7.1002,7.1075,1.7306,11392.23,11249.055,0.12300000000000022,湖南,纺织,19980527,
600156.SH,华升股份,20011130,6.9772,7.1075,7.1437,6.9772,6.9772,1.8675,8643.59,8452.838,0.13030000000000008,湖南,纺织,19980527,
600156.SH,华升股份,20011129,7.0206,6.9772,7.0568,6.9699,7.0206,-0.6182,5879.54,5695.079,-0.043400000000000105,湖南,纺织,19980527,
600156.SH,华升股份,20011128,7.0206,7.0206,7.0785,6.9917,6.9555,0.9359,7166.91,6966.043,0.06510000000000016,湖南,纺织,19980527,
600156.SH,华升股份,20011127,6.8831,6.9555,6.9844,6.8831,6.9265,0.4187,6445.79,6170.012,0.028999999999999915,湖南,纺织,19980527,
600156.SH,华升股份,20011126,7.0423,6.9265,7.0423,6.8759,7.0134,-1.2391,6083.67,5821.791,-0.08689999999999998,湖南,纺织,19980527,
600156.SH,华升股份,20011123,7.0713,7.0134,7.1219,6.9482,7.0568,-0.615,8615.93,8363.361,-0.043400000000000105,湖南,纺织,19980527,
600156.SH,华升股份,20011122,6.7528,7.0568,7.1292,6.7528,6.818,3.5025,19139.97,18586.235,0.23880000000000035,湖南,纺织,19980527,
600156.SH,华升股份,20011121,6.8759,6.818,6.8831,6.7456,6.8759,-0.8421,6397.12,6021.97,-0.05790000000000006,湖南,纺织,19980527,
600156.SH,华升股份,20011120,6.7022,6.8759,6.912,6.7022,6.7022,2.5917,10839.31,10263.223,0.1736999999999993,湖南,纺织,19980527,
600156.SH,华升股份,20011119,6.5719,6.7022,6.7311,6.5502,6.5502,2.3205,3840.78,3541.435,0.15200000000000014,湖南,纺织,19980527,
600156.SH,华升股份,20011116,7.0858,6.5502,7.0858,6.5212,6.4416,1.6859,11267.24,10478.243,0.10860000000000003,湖南,纺织,19980527,
600156.SH,华升股份,20011115,6.4995,6.4416,6.5574,6.3692,6.4923,-0.7809,2629.75,2346.066,-0.05069999999999997,湖南,纺织,19980527,
600156.SH,华升股份,20011114,6.4633,6.4923,6.637,6.4416,6.4778,0.2238,2772.0,2507.616,0.014499999999999957,湖南,纺织,19980527,
600156.SH,华升股份,20011113,6.514,6.4778,6.5719,6.4416,6.5646,-1.3222,4575.87,4120.266,-0.08680000000000021,湖南,纺织,19980527,
600156.SH,华升股份,20011112,6.8686,6.5646,6.8686,6.514,6.818,-3.7166,8883.02,8146.244,-0.2533999999999992,湖南,纺织,19980527,
600156.SH,华升股份,20011109,6.912,6.818,6.9265,6.6298,6.8397,-0.3173,13726.22,12912.623,-0.021700000000000053,湖南,纺织,19980527,
600156.SH,华升股份,20011108,6.4923,6.8397,6.8469,6.2968,6.5719,4.0749,13917.16,12833.576,0.26779999999999937,湖南,纺织,19980527,
600156.SH,华升股份,20011107,7.1871,6.5719,7.1871,6.5212,7.1871,-8.5598,18197.6,17154.629,-0.6151999999999997,湖南,纺织,19980527,
600156.SH,华升股份,20011106,7.3825,7.1871,7.4549,7.1654,7.3897,-2.7417,12968.46,12975.954,-0.20260000000000034,湖南,纺织,19980527,
600156.SH,华升股份,20011105,7.3825,7.3897,7.4983,7.3246,7.3897,0.0,10940.36,11222.988,0.0,湖南,纺织,19980527,
600156.SH,华升股份,20011101,7.4549,7.3897,7.5852,7.2522,7.4838,-1.2574,25185.4,25866.932,-0.09409999999999918,湖南,纺织,19980527,
600156.SH,华升股份,20011031,6.9844,7.4838,7.5924,6.8397,6.9627,7.4842,24195.71,24279.442,0.5210999999999997,湖南,纺织,19980527,
600156.SH,华升股份,20011030,7.0858,6.9627,7.0858,6.9338,7.0713,-1.5358,8137.92,7851.959,-0.10860000000000003,湖南,纺织,19980527,
600156.SH,华升股份,20011029,6.9482,7.0713,7.1075,6.8903,6.8397,3.3861,14069.74,13661.509,0.23160000000000025,湖南,纺织,19980527,
600156.SH,华升股份,20011026,6.6587,6.8397,6.8397,6.6225,6.7094,1.9421,9013.1,8376.203,0.13030000000000008,湖南,纺织,19980527,
600156.SH,华升股份,20011025,6.7311,6.7094,6.8759,6.6081,6.912,-2.9311,11852.97,11039.433,-0.20260000000000034,湖南,纺织,19980527,
600156.SH,华升股份,20011024,6.7094,6.912,7.0134,6.6153,6.3909,8.1538,40744.24,38470.542,0.5210999999999997,湖南,纺织,19980527,
600156.SH,华升股份,20011023,6.3909,6.3909,6.3909,6.2245,5.8119,9.9623,16484.68,14524.786,0.5790000000000006,湖南,纺织,19980527,
600156.SH,华升股份,20011022,6.1159,5.8119,6.21,5.7902,6.181,-5.9715,8137.67,6727.704,-0.3691000000000004,湖南,纺织,19980527,
600156.SH,华升股份,20011019,6.5212,6.181,6.5719,6.0146,6.5502,-5.6365,8844.41,7749.034,-0.3692000000000002,湖南,纺织,19980527,
600156.SH,华升股份,20011018,6.5863,6.5502,6.6877,6.514,6.5936,-0.6582,4271.84,3882.118,-0.043400000000000105,湖南,纺织,19980527,
600156.SH,华升股份,20011017,6.7528,6.5936,6.7962,6.5863,6.7528,-2.3575,4123.0,3805.394,-0.15919999999999934,湖南,纺织,19980527,
600156.SH,华升股份,20011016,6.9338,6.7528,6.9555,6.6442,6.9193,-2.4063,4112.11,3838.852,-0.1665000000000001,湖南,纺织,19980527,
600156.SH,华升股份,20011015,6.9338,6.9193,7.0568,6.8397,6.941,-0.3126,6744.15,6479.715,-0.021700000000000053,湖南,纺织,19980527,
600156.SH,华升股份,20011012,6.6225,6.941,6.9482,6.4923,6.6442,4.4671,11944.7,11215.587,0.2968000000000002,湖南,纺织,19980527,
600156.SH,华升股份,20011011,6.6949,6.6442,6.8759,6.4633,6.6949,-0.7573,8659.43,7975.528,-0.05069999999999997,湖南,纺织,19980527,
600156.SH,华升股份,20011010,7.1075,6.6949,7.1943,6.6587,7.1654,-6.5663,9686.0,9159.559,-0.47050000000000036,湖南,纺织,19980527,
600156.SH,华升股份,20011009,6.9482,7.1654,7.2956,6.8831,7.0423,1.748,5058.83,4968.221,0.12309999999999999,湖南,纺织,19980527,
600156.SH,华升股份,20011008,7.4621,7.0423,7.5852,6.8831,7.4621,-5.6258,8408.5,8329.801,-0.4198000000000004,湖南,纺织,19980527,
600156.SH,华升股份,20010928,7.5273,7.4621,7.6286,7.3753,7.549,-1.1511,9771.25,10074.834,-0.08689999999999998,湖南,纺织,19980527,
600156.SH,华升股份,20010927,7.8168,7.549,7.8891,7.3825,7.853,-3.8711,21134.18,22097.739,-0.3039999999999994,湖南,纺织,19980527,
600156.SH,华升股份,20010926,8.1642,7.853,8.2148,7.8168,8.1497,-3.6406,10675.26,11856.93,-0.2966999999999995,湖南,纺织,19980527,
600156.SH,华升股份,20010925,8.0846,8.1497,8.2727,8.0846,8.0846,0.8052,12654.85,14230.151,0.06509999999999927,湖南,纺织,19980527,
600156.SH,华升股份,20010924,8.4464,8.0846,8.5405,8.0339,8.4537,-4.3661,25248.15,28752.818,-0.36909999999999954,湖南,纺织,19980527,
600156.SH,华升股份,20010921,8.5405,8.4537,8.6129,8.432,8.5912,-1.6005,17145.66,20118.517,-0.13750000000000107,湖南,纺织,19980527,
600156.SH,华升股份,20010920,8.7939,8.5912,8.7939,8.5478,8.7215,-1.494,13238.96,15826.037,-0.13030000000000008,湖南,纺织,19980527,
600156.SH,华升股份,20010919,8.7939,8.7215,8.8807,8.5405,8.7939,-0.8233,16803.38,20070.046,-0.07240000000000002,湖南,纺织,19980527,
600156.SH,华升股份,20010918,8.8952,8.7939,9.0472,8.7142,8.8952,-1.1388,18219.68,22313.851,-0.10130000000000017,湖南,纺织,19980527,
600156.SH,华升股份,20010917,8.8735,8.8952,8.9748,8.7287,8.8156,0.9029,17959.14,21936.571,0.079600000000001,湖南,纺织,19980527,
600156.SH,华升股份,20010914,8.7504,8.8156,9.0834,8.7504,8.7432,0.8281,18641.28,22928.598,0.07240000000000002,湖南,纺织,19980527,
600156.SH,华升股份,20010913,8.8879,8.7432,8.9386,8.7215,8.859,-1.3071,9171.0,11147.781,-0.11580000000000013,湖南,纺织,19980527,
600156.SH,华升股份,20010912,8.7577,8.859,8.9386,8.4826,8.982,-1.3694,29725.41,36059.235,-0.12299999999999933,湖南,纺织,19980527,
600156.SH,华升股份,20010911,8.9748,8.982,9.1123,8.83,8.9893,-0.0812,28692.73,35796.344,-0.00730000000000075,湖南,纺织,19980527,
600156.SH,华升股份,20010910,8.3234,8.9893,9.0978,8.1859,8.4682,6.1536,32853.86,40288.204,0.5211000000000006,湖南,纺织,19980527,
600156.SH,华升股份,20010907,8.7577,8.4682,8.8445,8.4392,8.8156,-3.9407,15461.16,18301.928,-0.3474000000000004,湖南,纺织,19980527,
600156.SH,华升股份,20010906,8.83,8.8156,8.9024,8.6998,8.7866,0.33,8265.39,10050.069,0.028999999999999915,湖南,纺织,19980527,
600156.SH,华升股份,20010905,8.8228,8.7866,8.8807,8.6998,8.7649,0.2476,11083.5,13472.186,0.021699999999999164,湖南,纺织,19980527,
600156.SH,华升股份,20010904,8.5116,8.7649,8.7939,8.4754,8.5116,2.9759,9066.27,10866.066,0.2533000000000012,湖南,纺织,19980527,
600156.SH,华升股份,20010903,8.555,8.5116,8.6274,8.4826,8.555,-0.5073,6498.58,7671.802,-0.043400000000000105,湖南,纺织,19980527,
600156.SH,华升股份,20010831,8.5478,8.555,8.6853,8.5116,8.5405,0.1698,4614.14,5464.48,0.014499999999999957,湖南,纺织,19980527,
600156.SH,华升股份,20010830,8.6636,8.5405,8.6708,8.4609,8.6853,-1.6672,10421.67,12318.012,-0.14480000000000004,湖南,纺织,19980527,
600156.SH,华升股份,20010829,8.7649,8.6853,8.8518,8.6853,8.7649,-0.9082,11866.54,14371.641,-0.079600000000001,湖南,纺织,19980527,
600156.SH,华升股份,20010828,8.4682,8.7649,8.7721,8.403,8.584,2.1074,15420.73,18221.201,0.18090000000000117,湖南,纺织,19980527,
600156.SH,华升股份,20010827,8.8518,8.584,8.9024,8.5695,8.8952,-3.4985,29721.78,35802.373,-0.31120000000000125,湖南,纺织,19980527,
600156.SH,华升股份,20010824,9.0761,8.8952,9.1702,8.8373,9.0761,-1.9931,13309.3,16510.111,-0.1808999999999994,湖南,纺织,19980527,
600156.SH,华升股份,20010823,8.8879,9.0761,9.1196,8.707,8.9965,0.8848,18173.98,22597.574,0.079600000000001,湖南,纺织,19980527,
600156.SH,华升股份,20010822,9.2498,8.9965,9.2498,8.9024,9.2498,-2.7384,31564.1,39261.115,-0.2533000000000012,湖南,纺织,19980527,
600156.SH,华升股份,20010821,9.2643,9.2498,9.3367,9.1919,9.2354,0.1559,30508.29,39055.556,0.01440000000000019,湖南,纺织,19980527,
600156.SH,华升股份,20010820,8.9314,9.2354,9.2643,8.8662,8.9169,3.5719,31552.88,39922.046,0.3185000000000002,湖南,纺织,19980527,
600156.SH,华升股份,20010817,8.9603,8.9169,9.0327,8.8373,9.011,-1.0443,22255.5,27439.303,-0.09409999999999918,湖南,纺织,19980527,
600156.SH,华升股份,20010816,9.1919,9.011,9.286,9.011,9.1919,-1.968,33830.55,42627.998,-0.18090000000000117,湖南,纺织,19980527,
600156.SH,华升股份,20010815,8.9676,9.1919,9.2498,8.9676,8.9676,2.5012,60402.55,76452.946,0.22430000000000128,湖南,纺织,19980527,
600156.SH,华升股份,20010814,8.982,8.9676,9.1051,8.83,8.9748,-0.0802,35506.41,44076.081,-0.007200000000000983,湖南,纺织,19980527,
600156.SH,华升股份,20010813,8.8228,8.9748,9.6913,8.6853,8.8083,1.8903,51083.07,64008.012,0.16650000000000098,湖南,纺织,19980527,
600156.SH,华升股份,20010810,8.8228,8.8083,8.8735,8.6781,8.7504,0.6617,22574.24,27403.598,0.057899999999998286,湖南,纺织,19980527,
600156.SH,华升股份,20010809,8.5405,8.7504,8.7794,8.5116,8.5116,2.8056,17781.26,21432.362,0.23880000000000123,湖南,纺织,19980527,
600156.SH,华升股份,20010808,8.432,8.5116,8.6129,8.3741,8.4175,1.1179,10911.43,12885.038,0.09409999999999918,湖南,纺织,19980527,
600156.SH,华升股份,20010807,8.1714,8.4175,8.5043,8.0701,8.1859,2.8293,10031.5,11571.439,0.23160000000000025,湖南,纺织,19980527,
600156.SH,华升股份,20010806,8.4899,8.1859,8.5188,8.1497,8.4826,-3.4977,10888.31,12430.811,-0.2966999999999995,湖南,纺织,19980527,
600156.SH,华升股份,20010803,8.4754,8.4826,8.555,8.3958,8.4247,0.6873,7258.22,8500.974,0.05790000000000006,湖南,纺织,19980527,
600156.SH,华升股份,20010802,8.5261,8.4247,8.5767,8.2004,8.5116,-1.021,10186.49,11803.944,-0.08689999999999998,湖南,纺织,19980527,
600156.SH,华升股份,20010801,8.2148,8.5116,8.5116,8.2148,8.2004,3.7949,13003.67,15130.543,0.3111999999999995,湖南,纺织,19980527,
600156.SH,华升股份,20010731,7.976,8.2004,8.403,7.9688,8.1931,0.0891,16661.43,19003.125,0.00730000000000075,湖南,纺织,19980527,
600156.SH,华升股份,20010730,8.6129,8.1931,8.6202,8.1931,8.6563,-5.351,20017.74,23305.199,-0.4632000000000005,湖南,纺织,19980527,
600156.SH,华升股份,20010727,8.9097,8.6563,8.9748,8.6491,8.8662,-2.3674,23534.06,28494.222,-0.2098999999999993,湖南,纺织,19980527,
600156.SH,华升股份,20010726,9.0399,8.8662,9.0834,8.83,9.0399,-1.9215,21562.43,26599.703,-0.1737000000000002,湖南,纺织,19980527,
600156.SH,华升股份,20010725,9.011,9.0399,9.1196,8.8662,9.0182,0.2406,30504.63,38038.369,0.021699999999999164,湖南,纺织,19980527,
600156.SH,华升股份,20010724,8.982,9.0182,9.0906,8.83,9.0182,0.0,31250.31,38793.301,0.0,湖南,纺织,19980527,
600156.SH,华升股份,20010723,9.0255,9.0182,9.1196,8.9024,8.9531,0.7271,39235.7,48990.295,0.06510000000000105,湖南,纺织,19980527,
600156.SH,华升股份,20010720,8.7794,8.9531,9.0906,8.7142,8.7215,2.6555,64379.57,79528.296,0.23159999999999847,湖南,纺织,19980527,
600156.SH,华升股份,20010719,8.584,8.7215,8.7432,8.5695,8.5695,1.7737,9965.84,11965.327,0.15200000000000102,湖南,纺织,19980527,
600156.SH,华升股份,20010718,8.5912,8.5695,8.6419,8.5405,8.5912,-0.2526,5666.29,6719.964,-0.02170000000000094,湖南,纺织,19980527,
600156.SH,华升股份,20010717,8.6274,8.5912,8.6708,8.4392,8.6346,-0.5026,11267.3,13301.687,-0.043400000000000105,湖南,纺织,19980527,
600156.SH,华升股份,20010716,8.6853,8.6346,8.8228,8.5767,8.6781,-0.5013,13067.82,15728.893,-0.04349999999999987,湖南,纺织,19980527,
600156.SH,华升股份,20010713,8.6853,8.6781,8.7577,8.6708,8.6853,-0.0829,10195.15,12276.589,-0.007199999999999207,湖南,纺织,19980527,
600156.SH,华升股份,20010712,8.6491,8.6853,8.7215,8.5405,8.6781,0.083,10064.71,12008.528,0.007199999999999207,湖南,纺织,19980527,
600156.SH,华升股份,20010711,8.8445,8.6781,8.8445,8.6491,8.8011,-1.3976,16546.99,20005.375,-0.12299999999999933,湖南,纺织,19980527,
600156.SH,华升股份,20010710,8.7287,8.8011,8.8952,8.7287,8.6925,1.2494,29380.28,35774.019,0.10859999999999914,湖南,纺织,19980527,
600156.SH,华升股份,20010709,8.5116,8.6925,8.7432,8.5116,8.5043,2.213,15566.83,18623.931,0.18820000000000014,湖南,纺织,19980527,
600156.SH,华升股份,20010706,8.4754,8.5043,8.6636,8.4537,8.4826,0.2558,10497.08,12437.017,0.02170000000000094,湖南,纺织,19980527,
600156.SH,华升股份,20010705,8.5767,8.4826,8.6491,8.432,8.5767,-1.0972,9207.12,10843.142,-0.09410000000000096,湖南,纺织,19980527,
600156.SH,华升股份,20010704,8.7215,8.5767,8.7504,8.5405,8.6853,-1.2504,11453.7,13649.355,-0.10859999999999914,湖南,纺织,19980527,
600156.SH,华升股份,20010703,8.6491,8.6853,8.7287,8.5478,8.5984,1.0107,17958.51,21493.164,0.08689999999999998,湖南,纺织,19980527,
600156.SH,华升股份,20010702,8.5405,8.5984,8.7504,8.5405,8.4899,1.278,23883.32,28533.964,0.10849999999999937,湖南,纺织,19980527,
600156.SH,华升股份,20010629,8.4609,8.4899,8.5767,8.4609,8.4609,0.3428,7765.44,9130.918,0.028999999999999915,湖南,纺织,19980527,
600156.SH,华升股份,20010628,8.6129,8.4609,8.6346,8.432,8.6057,-1.6826,9397.05,11056.55,-0.14480000000000004,湖南,纺织,19980527,
600156.SH,华升股份,20010627,8.6057,8.6057,8.6491,8.5043,8.5333,0.8484,11269.86,13351.094,0.07240000000000002,湖南,纺织,19980527,
600156.SH,华升股份,20010626,8.4682,8.5333,8.6129,8.3958,8.403,1.5506,13614.49,16041.164,0.13030000000000008,湖南,纺织,19980527,
600156.SH,华升股份,20010625,8.251,8.403,8.432,8.251,8.2872,1.3973,5628.3,6498.257,0.11580000000000013,湖南,纺织,19980527,
600156.SH,华升股份,20010622,8.2366,8.2872,8.3089,8.1787,8.2221,0.7918,4113.17,4688.772,0.06510000000000105,湖南,纺织,19980527,
600156.SH,华升股份,20010621,8.3089,8.2221,8.3089,8.1642,8.1135,1.3385,3870.37,4388.206,0.10859999999999914,湖南,纺织,19980527,
600156.SH,华升股份,20010620,8.2366,8.1135,8.2872,8.0918,8.2366,-1.4945,5379.14,6066.467,-0.1230999999999991,湖南,纺织,19980527,
600156.SH,华升股份,20010619,8.1642,8.2366,8.2438,8.0339,8.1787,0.7079,6561.16,7395.869,0.05790000000000006,湖南,纺织,19980527,
600156.SH,华升股份,20010618,8.4537,8.1787,8.4682,8.1425,8.403,-2.6693,14535.17,16565.118,-0.22430000000000128,湖南,纺织,19980527,
600156.SH,华升股份,20010615,8.3958,8.403,8.5261,8.3234,8.403,0.0,15484.97,17997.827,0.0,湖南,纺织,19980527,
600156.SH,华升股份,20010614,8.7215,8.403,8.7215,8.3813,8.7215,-3.6519,21507.96,25416.153,-0.3185000000000002,湖南,纺织,19980527,
600156.SH,华升股份,20010613,8.7215,8.7215,8.7649,8.6636,8.6998,0.2494,16264.09,19539.575,0.02170000000000094,湖南,纺织,19980527,
600156.SH,华升股份,20010612,8.6853,8.6998,8.7939,8.6274,8.6274,0.8392,26330.06,31740.582,0.07240000000000002,湖南,纺织,19980527,
600156.SH,华升股份,20010611,8.6129,8.6274,8.7939,7.9615,8.5478,0.9312,42392.96,50636.075,0.07959999999999923,湖南,纺织,19980527,
600156.SH,华升股份,20010608,8.4464,8.5478,8.6202,8.403,8.4537,1.1131,17481.99,20596.418,0.09410000000000096,湖南,纺织,19980527,
600156.SH,华升股份,20010607,8.6202,8.4537,8.6491,8.4392,8.6202,-1.9315,14164.66,16724.958,-0.16650000000000098,湖南,纺织,19980527,
600156.SH,华升股份,20010606,8.5912,8.6202,8.6781,8.5116,8.5767,0.5072,35841.32,42595.078,0.04349999999999987,湖南,纺织,19980527,
600156.SH,华升股份,20010605,8.3813,8.5767,8.6129,8.3306,8.3741,2.4194,46108.54,54149.46,0.20260000000000034,湖南,纺织,19980527,
600156.SH,华升股份,20010604,8.4682,8.3741,8.5043,8.3379,8.4103,-0.4304,12661.51,14690.895,-0.03619999999999912,湖南,纺织,19980527,
600156.SH,华升股份,20010601,8.251,8.4103,8.4392,8.2148,8.251,1.9307,20948.22,24207.102,0.1593,湖南,纺织,19980527,
600156.SH,华升股份,20010531,8.1787,8.251,8.3596,8.1787,8.1642,1.0632,12224.34,13990.007,0.08680000000000021,湖南,纺织,19980527,
600156.SH,华升股份,20010530,8.1425,8.1642,8.2148,8.0484,8.128,0.4454,9749.68,10946.57,0.03619999999999912,湖南,纺织,19980527,
600156.SH,华升股份,20010529,8.1643,8.1286,8.1786,8.1143,8.1643,-0.4373,9557.18,10891.086,-0.03570000000000029,湖南,纺织,19980527,
600156.SH,华升股份,20010528,8.1429,8.1643,8.25,8.0786,8.1429,0.2628,10982.82,12557.662,0.02140000000000164,湖南,纺织,19980527,
600156.SH,华升股份,20010525,8.0929,8.1429,8.1929,8.0357,8.0857,0.7074,10166.33,11561.533,0.05719999999999992,湖南,纺织,19980527,
600156.SH,华升股份,20010524,8.15,8.0857,8.1714,8.0571,8.1429,-0.7025,8785.75,9972.553,-0.05719999999999992,湖南,纺织,19980527,
600156.SH,华升股份,20010523,8.0,8.1429,8.1929,7.9357,7.9857,1.9685,20288.97,22985.734,0.15719999999999956,湖南,纺织,19980527,
600156.SH,华升股份,20010522,7.9929,7.9857,8.0,7.8786,7.9286,0.7202,6957.15,7712.987,0.05709999999999926,湖南,纺织,19980527,
600156.SH,华升股份,20010521,7.9643,7.9286,7.9643,7.8643,7.9786,-0.6267,9564.35,10572.271,-0.04999999999999982,湖南,纺织,19980527,
600156.SH,华升股份,20010518,7.9143,7.9786,7.9857,7.8786,7.9143,0.8125,8142.27,9020.84,0.06430000000000025,湖南,纺织,19980527,
600156.SH,华升股份,20010517,8.0357,7.9143,8.0357,7.9,8.0,-1.0713,7053.55,7834.012,-0.08570000000000011,湖南,纺织,19980527,
600156.SH,华升股份,20010516,8.0714,8.0,8.1286,7.95,8.0643,-0.7973,5212.47,5837.51,-0.06429999999999936,湖南,纺织,19980527,
600156.SH,华升股份,20010515,8.2286,8.0643,8.2286,8.0286,8.0143,0.6239,7760.99,8788.94,0.049999999999998934,湖南,纺织,19980527,
600156.SH,华升股份,20010514,7.8571,8.0143,8.0143,7.75,7.8571,2.0007,9610.31,10571.284,0.15720000000000045,湖南,纺织,19980527,
600156.SH,华升股份,20010511,7.8643,7.8571,7.9,7.7929,7.8643,-0.0916,5787.57,6358.814,-0.007200000000000095,湖南,纺织,19980527,
600156.SH,华升股份,20010510,7.8357,7.8643,7.9286,7.75,7.85,0.1822,5926.48,6509.814,0.014300000000000423,湖南,纺织,19980527,
600156.SH,华升股份,20010509,7.9643,7.85,7.9643,7.8286,7.9643,-1.4352,6969.0,7701.148,-0.11430000000000007,湖南,纺织,19980527,
600156.SH,华升股份,20010508,8.1357,7.9643,8.1357,7.9286,7.9214,0.5416,2481.96,2763.932,0.042899999999999494,湖南,纺织,19980527,
600156.SH,华升股份,20010427,7.8786,7.9214,8.0,7.8786,7.8714,0.6352,4828.55,5359.018,0.04999999999999982,湖南,纺织,19980527,
600156.SH,华升股份,20010426,8.0,7.8714,8.0,7.8714,8.0,-1.6075,8585.06,9541.238,-0.1285999999999996,湖南,纺织,19980527,
600156.SH,华升股份,20010425,8.1857,8.0,8.2143,7.9429,8.2357,-2.8619,10697.35,12115.846,-0.23569999999999958,湖南,纺织,19980527,
600156.SH,华升股份,20010424,8.2857,8.2357,8.3714,8.2,8.3071,-0.8595,9411.24,10912.67,-0.07140000000000057,湖南,纺织,19980527,
600156.SH,华升股份,20010423,8.3071,8.3071,8.45,8.1857,8.2929,0.1712,20877.22,24356.054,0.014200000000000657,湖南,纺织,19980527,
600156.SH,华升股份,20010420,8.2571,8.2929,8.5571,8.25,8.1786,1.3975,64676.32,75980.056,0.11430000000000007,湖南,纺织,19980527,
600156.SH,华升股份,20010419,8.0929,8.1786,8.1786,7.9071,8.1071,0.8819,13613.92,15366.111,0.07149999999999856,湖南,纺织,19980527,
600156.SH,华升股份,20010418,8.1071,8.1071,8.1929,8.0429,8.0929,0.1755,11527.22,13122.834,0.014200000000000657,湖南,纺织,19980527,
600156.SH,华升股份,20010417,8.0286,8.0929,8.1071,7.9643,8.0286,0.8009,12731.05,14294.542,0.06429999999999936,湖南,纺织,19980527,
600156.SH,华升股份,20010416,8.0,8.0286,8.0714,7.9286,8.0,0.3575,11434.68,12770.575,0.028600000000000847,湖南,纺织,19980527,
600156.SH,华升股份,20010413,7.9929,8.0,8.0429,7.9357,7.9714,0.3588,6189.69,6919.694,0.02859999999999996,湖南,纺织,19980527,
600156.SH,华升股份,20010412,8.0143,7.9714,8.05,7.95,8.0143,-0.5353,6649.76,7432.678,-0.04290000000000038,湖南,纺织,19980527,
600156.SH,华升股份,20010411,8.05,8.0143,8.0786,7.9357,8.0429,-0.3556,7343.32,8222.045,-0.02859999999999907,湖南,纺织,19980527,
600156.SH,华升股份,20010410,8.1071,8.0429,8.1357,8.0357,8.0857,-0.5293,9016.24,10194.507,-0.04279999999999973,湖南,纺织,19980527,
600156.SH,华升股份,20010409,8.0429,8.0857,8.1286,8.0429,8.0429,0.5321,16714.23,18934.69,0.04279999999999973,湖南,纺织,19980527,
600156.SH,华升股份,20010406,7.9857,8.0429,8.0786,7.9,7.95,1.1686,9617.32,10753.262,0.09289999999999932,湖南,纺织,19980527,
600156.SH,华升股份,20010405,7.8357,7.95,7.95,7.8,7.8429,1.3656,6594.73,7256.119,0.10709999999999997,湖南,纺织,19980527,
600156.SH,华升股份,20010404,7.8714,7.8429,8.0,7.7786,7.95,-1.3472,9027.16,9978.778,-0.10709999999999997,湖南,纺织,19980527,
600156.SH,华升股份,20010403,8.0571,7.95,8.0571,7.8929,8.05,-1.2422,7901.0,8800.599,-0.10000000000000053,湖南,纺织,19980527,
600156.SH,华升股份,20010402,8.0,8.05,8.0643,8.0,7.9714,0.986,8887.35,10002.426,0.07860000000000067,湖南,纺织,19980527,
600156.SH,华升股份,20010330,7.9071,7.9714,7.9714,7.8571,7.9071,0.8132,9117.17,10115.608,0.06430000000000025,湖南,纺织,19980527,
600156.SH,华升股份,20010329,7.7714,7.9071,8.0143,7.7714,7.7857,1.5593,6893.43,7641.641,0.12139999999999951,湖南,纺织,19980527,
600156.SH,华升股份,20010328,7.85,7.7857,7.8643,7.7429,7.85,-0.8191,7516.84,8193.694,-0.06429999999999936,湖南,纺织,19980527,
600156.SH,华升股份,20010327,7.7929,7.85,7.9143,7.7929,7.7929,0.7327,5240.82,5757.156,0.05709999999999926,湖南,纺织,19980527,
600156.SH,华升股份,20010326,7.7357,7.7929,7.8,7.6929,7.7357,0.7394,5330.62,5797.045,0.057200000000000806,湖南,纺织,19980527,
600156.SH,华升股份,20010323,7.8786,7.7357,7.8929,7.7143,7.8714,-1.724,7884.77,8626.517,-0.13570000000000082,湖南,纺织,19980527,
600156.SH,华升股份,20010322,7.9143,7.8714,7.9643,7.8429,7.9143,-0.5421,9134.38,10082.3,-0.042899999999999494,湖南,纺织,19980527,
600156.SH,华升股份,20010321,7.8714,7.9143,7.9286,7.8143,7.8571,0.728,7073.83,7788.957,0.05719999999999992,湖南,纺织,19980527,
600156.SH,华升股份,20010320,7.8143,7.8571,7.8571,7.7571,7.8214,0.4564,5101.15,5575.602,0.03570000000000029,湖南,纺织,19980527,
600156.SH,华升股份,20010319,7.6643,7.8214,7.8214,7.5929,7.6643,2.0498,5400.14,5803.066,0.1570999999999998,湖南,纺织,19980527,
600156.SH,华升股份,20010316,7.7143,7.6643,7.7571,7.6429,7.7143,-0.6481,4252.82,4577.993,-0.04999999999999982,湖南,纺织,19980527,
600156.SH,华升股份,20010315,7.7857,7.7143,7.7857,7.7071,7.7143,0.0,5233.92,5675.7,0.0,湖南,纺织,19980527,
600156.SH,华升股份,20010314,7.6357,7.7143,7.7714,7.6286,7.6357,1.0294,3028.24,3265.922,0.07859999999999978,湖南,纺织,19980527,
600156.SH,华升股份,20010313,7.6429,7.6357,7.6857,7.5857,7.6071,0.376,3648.73,3894.384,0.02859999999999996,湖南,纺织,19980527,
600156.SH,华升股份,20010312,7.6429,7.6071,7.6571,7.5714,7.65,-0.5608,3772.6,4016.769,-0.04290000000000038,湖南,纺织,19980527,
600156.SH,华升股份,20010309,7.5714,7.65,7.6786,7.5643,7.6071,0.5639,4900.14,5220.092,0.04290000000000038,湖南,纺织,19980527,
600156.SH,华升股份,20010308,7.5714,7.6071,7.6071,7.5571,7.5714,0.4715,3720.79,3951.503,0.03570000000000029,湖南,纺织,19980527,
600156.SH,华升股份,20010307,7.6071,7.5714,7.6143,7.55,7.5857,-0.1885,3965.65,4203.661,-0.014300000000000423,湖南,纺织,19980527,
600156.SH,华升股份,20010306,7.65,7.5857,7.65,7.5429,7.65,-0.8405,3819.59,4049.496,-0.06430000000000025,湖南,纺织,19980527,
600156.SH,华升股份,20010305,7.6786,7.65,7.7429,7.6429,7.7143,-0.8335,2621.31,2814.221,-0.06429999999999936,湖南,纺织,19980527,
600156.SH,华升股份,20010302,7.6429,7.7143,7.7143,7.6286,7.6286,1.1234,2884.56,3107.995,0.08570000000000011,湖南,纺织,19980527,
600156.SH,华升股份,20010301,7.6429,7.6286,7.7,7.5714,7.6429,-0.1871,2145.7,2289.567,-0.014300000000000423,湖南,纺织,19980527,
600156.SH,华升股份,20010228,7.5714,7.6429,7.7071,7.5571,7.5714,0.9443,2642.39,2814.92,0.07150000000000034,湖南,纺织,19980527,
600156.SH,华升股份,20010227,7.6357,7.5714,7.6714,7.5357,7.6214,-0.656,2778.15,2951.259,-0.05000000000000071,湖南,纺织,19980527,
600156.SH,华升股份,20010226,7.5571,7.6214,7.6214,7.4643,7.5,1.6187,3610.75,3810.541,0.1214000000000004,湖南,纺织,19980527,
600156.SH,华升股份,20010223,7.4714,7.5,7.5429,7.4286,7.4357,0.8647,2420.03,2530.219,0.06430000000000025,湖南,纺织,19980527,
600156.SH,华升股份,20010222,7.4643,7.4357,7.5357,7.4286,7.4571,-0.287,3773.65,3945.652,-0.021399999999999864,湖南,纺织,19980527,
600156.SH,华升股份,20010221,7.6071,7.4571,7.6786,7.3929,7.6071,-1.9718,4336.37,4570.341,-0.15000000000000036,湖南,纺织,19980527,
600156.SH,华升股份,20010220,7.8071,7.6071,7.8071,7.6071,7.7786,-2.2048,3792.85,4093.469,-0.17149999999999999,湖南,纺织,19980527,
600156.SH,华升股份,20010219,7.6429,7.7786,7.7857,7.6071,7.6429,1.7755,3170.39,3408.024,0.13569999999999993,湖南,纺织,19980527,
600156.SH,华升股份,20010216,7.6429,7.6429,7.65,7.5,7.7,-0.7416,4776.29,5067.745,-0.05710000000000015,湖南,纺织,19980527,
600156.SH,华升股份,20010215,7.7857,7.7,7.8214,7.6786,7.8,-1.2821,2686.79,2912.475,-0.09999999999999964,湖南,纺织,19980527,
600156.SH,华升股份,20010214,7.8643,7.8,7.8643,7.7714,7.8143,-0.183,2272.75,2481.648,-0.014300000000000423,湖南,纺织,19980527,
600156.SH,华升股份,20010213,7.9571,7.8143,7.9571,7.8,7.8357,-0.2731,3497.37,3844.536,-0.021399999999999864,湖南,纺织,19980527,
600156.SH,华升股份,20010212,7.8786,7.8357,7.8929,7.7357,7.8571,-0.2724,2174.95,2374.366,-0.021399999999999864,湖南,纺织,19980527,
600156.SH,华升股份,20010209,7.7571,7.8571,7.9286,7.6286,7.7786,1.0092,5272.13,5746.362,0.07850000000000001,湖南,纺织,19980527,
600156.SH,华升股份,20010208,7.8571,7.7786,7.9929,7.7643,7.8643,-1.0897,4737.54,5218.43,-0.08570000000000011,湖南,纺织,19980527,
600156.SH,华升股份,20010207,8.0,7.8643,8.0357,7.85,8.0,-1.6962,4565.67,5047.261,-0.13569999999999993,湖南,纺织,19980527,
600156.SH,华升股份,20010206,8.0357,8.0,8.0571,7.7143,8.0286,-0.3562,6384.11,7020.571,-0.028600000000000847,湖南,纺织,19980527,
600156.SH,华升股份,20010205,8.3857,8.0286,8.3857,8.0286,8.2714,-2.9354,5944.15,6787.225,-0.24279999999999902,湖南,纺织,19980527,
600156.SH,华升股份,20010119,8.2214,8.2714,8.3071,8.1714,8.1857,1.0469,6721.31,7781.02,0.08569999999999922,湖南,纺织,19980527,
600156.SH,华升股份,20010118,8.1286,8.1857,8.2214,8.1071,8.1357,0.6146,6925.04,7938.079,0.05000000000000071,湖南,纺织,19980527,
600156.SH,华升股份,20010117,8.2357,8.1357,8.2857,8.1143,8.2286,-1.129,5585.15,6396.134,-0.0929000000000002,湖南,纺织,19980527,
600156.SH,华升股份,20010116,8.1214,8.2286,8.2857,8.0714,8.15,0.9644,9515.23,10880.126,0.07859999999999978,湖南,纺织,19980527,
600156.SH,华升股份,20010115,8.4286,8.15,8.4643,8.1429,8.4714,-3.7939,13384.88,15563.548,-0.3213999999999988,湖南,纺织,19980527,
600156.SH,华升股份,20010112,8.6357,8.4714,8.6429,8.4286,8.6214,-1.7399,13498.68,16089.773,-0.15000000000000036,湖南,纺织,19980527,
600156.SH,华升股份,20010111,8.75,8.6214,8.8214,8.6071,8.7357,-1.3084,12465.16,15179.47,-0.11430000000000007,湖南,纺织,19980527,
600156.SH,华升股份,20010110,8.6429,8.7357,8.75,8.6429,8.6071,1.4941,10550.87,12861.357,0.12859999999999872,湖南,纺织,19980527,
600156.SH,华升股份,20010109,8.7143,8.6071,8.8214,8.5429,8.7143,-1.2302,18884.84,22948.794,-0.10719999999999885,湖南,纺织,19980527,
600156.SH,华升股份,20010108,8.7214,8.7143,8.9214,8.6571,8.6714,0.4947,43546.94,53636.182,0.042899999999999494,湖南,纺织,19980527,
600156.SH,华升股份,20010105,8.5,8.6714,8.75,8.45,8.5071,1.9313,24592.33,29761.09,0.16430000000000078,湖南,纺织,19980527,
600156.SH,华升股份,20010104,8.5357,8.5071,8.5357,8.3929,8.5357,-0.3351,13353.96,15852.681,-0.028600000000000847,湖南,纺织,19980527,
600156.SH,华升股份,20010103,8.4,8.5357,8.5571,8.3571,8.3643,2.0492,25118.64,29805.247,0.17140000000000022,湖南,纺织,19980527,
600156.SH,华升股份,20010102,8.2857,8.3643,8.3714,8.2143,8.2143,1.8261,8896.41,10359.039,0.15000000000000036,湖南,纺织,19980527,
600156.SH,华升股份,20001229,8.2,8.2143,8.3429,8.1857,8.2,0.1744,7321.6,8420.1,0.014300000000000423,湖南,纺织,19980527,
600156.SH,华升股份,20001228,8.2643,8.2,8.2643,8.1786,8.2643,-0.778,7466.44,8578.589,-0.06430000000000113,湖南,纺织,19980527,
600156.SH,华升股份,20001227,8.4286,8.2643,8.4429,8.2643,8.4,-1.6155,6985.0,8132.125,-0.13569999999999993,湖南,纺织,19980527,
600156.SH,华升股份,20001226,8.2857,8.4,8.4286,8.2857,8.2857,1.3795,10246.46,12020.779,0.11430000000000007,湖南,纺织,19980527,
600156.SH,华升股份,20001225,8.2143,8.2857,8.3571,8.2143,8.2143,0.8692,8410.95,9751.64,0.07140000000000057,湖南,纺织,19980527,
600156.SH,华升股份,20001222,8.2857,8.2143,8.3357,8.1429,8.2429,-0.347,8487.56,9769.904,-0.028600000000000847,湖南,纺织,19980527,
600156.SH,华升股份,20001221,8.2714,8.2429,8.3571,8.2143,8.25,-0.0861,8023.11,9297.734,-0.00709999999999944,湖南,纺织,19980527,
600156.SH,华升股份,20001220,8.2857,8.25,8.2857,8.1786,8.2357,0.1736,6409.54,7374.173,0.014300000000000423,湖南,纺织,19980527,
600156.SH,华升股份,20001219,8.2857,8.2357,8.3929,8.2143,8.2714,-0.4316,5259.16,6102.068,-0.03570000000000029,湖南,纺织,19980527,
600156.SH,华升股份,20001218,8.1786,8.2714,8.2857,8.1429,8.1786,1.1347,6149.59,7069.353,0.09280000000000044,湖南,纺织,19980527,
600156.SH,华升股份,20001215,8.3429,8.1786,8.3571,8.1571,8.3286,-1.801,8535.69,9829.873,-0.15000000000000036,湖南,纺织,19980527,
600156.SH,华升股份,20001214,8.3643,8.3286,8.4857,8.3286,8.3929,-0.7661,9566.58,11258.135,-0.06429999999999936,湖南,纺织,19980527,
600156.SH,华升股份,20001213,8.4786,8.3929,8.5357,8.3786,8.4643,-0.8435,15680.61,18549.605,-0.07140000000000057,湖南,纺织,19980527,
600156.SH,华升股份,20001212,8.2786,8.4643,8.4857,8.2214,8.2786,2.2431,26800.45,31511.886,0.18569999999999887,湖南,纺织,19980527,
600156.SH,华升股份,20001211,8.2,8.2786,8.4071,8.1857,8.2,0.9585,15677.08,18234.81,0.07860000000000156,湖南,纺织,19980527,
600156.SH,华升股份,20001208,8.1571,8.2,8.4071,8.1429,8.1571,0.5259,9800.64,11342.403,0.042899999999999494,湖南,纺织,19980527,
600156.SH,华升股份,20001207,8.2857,8.1571,8.2857,8.0714,8.3214,-1.9744,10245.08,11736.238,-0.16430000000000078,湖南,纺织,19980527,
600156.SH,华升股份,20001206,8.25,8.3214,8.4857,8.1857,8.1857,1.6578,40212.0,46940.265,0.13569999999999993,湖南,纺织,19980527,
600156.SH,华升股份,20001205,8.1429,8.1857,8.2143,8.05,8.1214,0.7917,10979.2,12486.091,0.06430000000000113,湖南,纺织,19980527,
600156.SH,华升股份,20001204,7.9,8.1214,8.1429,7.9,7.9929,1.6077,8533.4,9629.937,0.12849999999999984,湖南,纺织,19980527,
600156.SH,华升股份,20001201,8.0,7.9929,8.0143,7.9429,7.9857,0.0902,7249.13,8087.958,0.007200000000000095,湖南,纺织,19980527,
600156.SH,华升股份,20001130,8.0714,7.9857,8.0786,7.9357,8.0,-0.1788,4595.75,5140.405,-0.014300000000000423,湖南,纺织,19980527,
600156.SH,华升股份,20001129,8.1286,8.0,8.1429,7.9786,8.0643,-0.7973,8062.78,9082.384,-0.06429999999999936,湖南,纺织,19980527,
600156.SH,华升股份,20001128,8.0,8.0643,8.1429,8.0,7.9571,1.3472,7471.07,8444.524,0.10719999999999974,湖南,纺织,19980527,
600156.SH,华升股份,20001127,7.8929,7.9571,8.0571,7.8071,7.9429,0.1788,10111.63,11242.005,0.014199999999999768,湖南,纺织,19980527,
600156.SH,华升股份,20001124,8.25,7.9429,8.4143,7.8571,8.2214,-3.3875,22829.71,26091.019,-0.2784999999999993,湖南,纺织,19980527,
600156.SH,华升股份,20001123,8.1286,8.2214,8.2857,8.0357,8.05,2.1292,20921.91,23999.841,0.17139999999999844,湖南,纺织,19980527,
600156.SH,华升股份,20001122,8.0571,8.05,8.0714,7.9429,7.9714,0.986,10298.9,11554.619,0.07860000000000067,湖南,纺织,19980527,
600156.SH,华升股份,20001121,7.95,7.9714,8.1071,7.9071,7.9571,0.1797,10262.92,11537.113,0.014300000000000423,湖南,纺织,19980527,
600156.SH,华升股份,20001120,8.0571,7.9571,8.0571,7.8571,8.0,-0.5363,12262.31,13620.725,-0.04290000000000038,湖南,纺织,19980527,
600156.SH,华升股份,20001117,8.1429,8.0,8.1643,7.9857,8.1429,-1.7549,12937.0,14560.624,-0.14289999999999914,湖南,纺织,19980527,
600156.SH,华升股份,20001116,8.2071,8.1429,8.2143,8.1071,8.1357,0.0885,11211.0,12786.57,0.007199999999999207,湖南,纺织,19980527,
600156.SH,华升股份,20001115,8.0857,8.1357,8.2143,8.0357,8.0857,0.6184,20566.0,23429.552,0.05000000000000071,湖南,纺织,19980527,
600156.SH,华升股份,20001114,8.0714,8.0857,8.1071,7.95,8.0714,0.1772,13884.0,15580.494,0.014299999999998647,湖南,纺织,19980527,
600156.SH,华升股份,20001113,8.0857,8.0714,8.1429,8.0,8.0857,-0.1769,18487.0,20873.577,-0.014299999999998647,湖南,纺织,19980527,
600156.SH,华升股份,20001110,7.8571,8.0857,8.1429,7.8,7.8214,3.3792,28996.0,32336.925,0.26429999999999954,湖南,纺织,19980527,
600156.SH,华升股份,20001109,7.7857,7.8214,7.8571,7.7286,7.7786,0.5502,7984.0,8709.714,0.04279999999999973,湖南,纺织,19980527,
600156.SH,华升股份,20001108,7.6429,7.7786,7.8214,7.6429,7.6714,1.3974,5745.0,6220.945,0.10719999999999974,湖南,纺织,19980527,
600156.SH,华升股份,20001107,7.7,7.6714,7.7,7.6357,7.7071,-0.4632,6418.0,6880.635,-0.0356999999999994,湖南,纺织,19980527,
600156.SH,华升股份,20001106,7.6643,7.7071,7.7357,7.6429,7.6643,0.5584,6520.0,7010.887,0.04279999999999973,湖南,纺织,19980527,
600156.SH,华升股份,20001103,7.8143,7.6643,7.8143,7.6429,7.7286,-0.832,5940.0,6375.631,-0.06430000000000025,湖南,纺织,19980527,
600156.SH,华升股份,20001102,7.7143,7.7286,7.8214,7.7143,7.7071,0.279,5754.0,6237.354,0.02150000000000052,湖南,纺织,19980527,
600156.SH,华升股份,20001101,7.7714,7.7071,7.7857,7.6429,7.7714,-0.8274,7159.0,7705.894,-0.06430000000000025,湖南,纺织,19980527,
600156.SH,华升股份,20001031,7.85,7.7714,7.8857,7.7286,7.8143,-0.549,6194.0,6753.87,-0.04290000000000038,湖南,纺织,19980527,
600156.SH,华升股份,20001030,7.8857,7.8143,7.8857,7.7714,7.8929,-0.9958,6271.0,6851.321,-0.07859999999999978,湖南,纺织,19980527,
600156.SH,华升股份,20001027,7.8214,7.8929,7.9214,7.75,7.8214,0.9142,9142.0,10041.377,0.07150000000000034,湖南,纺织,19980527,
600156.SH,华升股份,20001026,7.8929,7.8214,7.9143,7.7357,7.8571,-0.4544,6094.0,6650.0,-0.03570000000000029,湖南,纺织,19980527,
600156.SH,华升股份,20001025,7.7929,7.8571,7.9143,7.7286,7.7857,0.9171,10276.0,11242.624,0.07139999999999969,湖南,纺织,19980527,
600156.SH,华升股份,20001024,7.8714,7.7857,7.8929,7.75,7.8571,-0.9087,4644.0,5069.039,-0.07139999999999969,湖南,纺织,19980527,
600156.SH,华升股份,20001023,7.8571,7.8571,7.9286,7.7857,7.7929,0.8238,7203.0,7919.418,0.06419999999999959,湖南,纺织,19980527,
600156.SH,华升股份,20001020,7.7143,7.7929,7.8714,7.6714,7.7071,1.1133,6697.0,7279.849,0.08580000000000076,湖南,纺织,19980527,
600156.SH,华升股份,20001019,7.85,7.7071,7.85,7.6786,7.85,-1.8204,5117.0,5561.934,-0.14290000000000003,湖南,纺织,19980527,
600156.SH,华升股份,20001018,7.8929,7.85,7.8929,7.7143,7.8214,0.3657,5208.0,5693.584,0.02859999999999996,湖南,纺织,19980527,
600156.SH,华升股份,20001017,7.85,7.8214,7.9214,7.6571,7.8429,-0.2741,4327.0,4712.745,-0.02150000000000052,湖南,纺织,19980527,
600156.SH,华升股份,20001016,7.8643,7.8429,8.0,7.7929,7.85,-0.0904,10670.0,11830.774,-0.00709999999999944,湖南,纺织,19980527,
600156.SH,华升股份,20001013,7.7929,7.85,8.05,7.7786,7.6071,3.1931,25329.0,28078.954,0.24289999999999967,湖南,纺织,19980527,
600156.SH,华升股份,20001012,7.7357,7.6071,7.7357,7.5429,7.7571,-1.9337,8012.0,8529.865,-0.15000000000000036,湖南,纺织,19980527,
600156.SH,华升股份,20001011,7.8929,7.7571,7.8929,7.7143,7.9071,-1.897,10849.0,11846.04,-0.14999999999999947,湖南,纺织,19980527,
600156.SH,华升股份,20001010,7.6071,7.9071,7.9429,7.5929,7.4857,5.6294,30218.0,33190.75,0.4214000000000002,湖南,纺织,19980527,
600156.SH,华升股份,20001009,7.5,7.4857,7.6071,7.35,7.4857,0.0,8323.0,8615.918,0.0,湖南,纺织,19980527,
600156.SH,华升股份,20000929,7.4643,7.4857,7.5571,7.4643,7.4714,0.1914,4585.0,4813.508,0.014299999999999535,湖南,纺织,19980527,
600156.SH,华升股份,20000928,7.6071,7.4714,7.6643,7.4643,7.6071,-1.7839,5455.0,5759.225,-0.13569999999999993,湖南,纺织,19980527,
600156.SH,华升股份,20000927,7.5357,7.6071,7.7286,7.4786,7.5071,1.3321,4480.0,4740.159,0.09999999999999964,湖南,纺织,19980527,
600156.SH,华升股份,20000926,7.5,7.5071,7.6071,7.4643,7.5357,-0.3795,3916.0,4124.762,-0.02859999999999996,湖南,纺织,19980527,
600156.SH,华升股份,20000925,7.6429,7.5357,7.7786,7.5214,7.7214,-2.405,4388.0,4675.026,-0.18569999999999975,湖南,纺织,19980527,
600156.SH,华升股份,20000922,7.6071,7.7214,7.7714,7.5,7.6429,1.0271,9869.0,10551.971,0.07850000000000001,湖南,纺织,19980527,
600156.SH,华升股份,20000921,7.7857,7.6429,7.85,7.6071,7.7429,-1.2915,16822.0,18318.496,-0.09999999999999964,湖南,纺织,19980527,
600156.SH,华升股份,20000920,7.5,7.7429,7.7571,7.4,7.4286,4.2309,9657.0,10209.67,0.31429999999999936,湖南,纺织,19980527,
600156.SH,华升股份,20000919,7.5,7.4286,7.5,7.3571,7.5643,-1.794,9371.0,9709.588,-0.13569999999999993,湖南,纺织,19980527,
600156.SH,华升股份,20000918,7.8286,7.5643,7.9143,7.5571,7.8286,-3.3761,7530.0,8130.602,-0.26429999999999954,湖南,纺织,19980527,
600156.SH,华升股份,20000915,7.6643,7.8286,7.9571,7.6429,7.6714,2.0492,9864.0,10811.221,0.15719999999999956,湖南,纺织,19980527,
600156.SH,华升股份,20000914,7.7857,7.6714,7.8143,7.6357,7.7857,-1.4681,7568.0,8156.008,-0.11430000000000007,湖南,纺织,19980527,
600156.SH,华升股份,20000913,7.8429,7.7857,7.8429,7.6857,7.8429,-0.7293,9087.0,9884.597,-0.05719999999999992,湖南,纺织,19980527,
600156.SH,华升股份,20000912,7.8357,7.8429,7.8929,7.6429,7.8286,0.1827,10729.0,11691.582,0.014300000000000423,湖南,纺织,19980527,
600156.SH,华升股份,20000911,7.5714,7.8286,7.8571,7.5,7.5286,3.9848,16796.0,18120.398,0.2999999999999998,湖南,纺织,19980527,
600156.SH,华升股份,20000908,7.5071,7.5286,7.6071,7.3429,7.5,0.3813,11550.0,12087.604,0.02859999999999996,湖南,纺织,19980527,
600156.SH,华升股份,20000907,7.4286,7.5,7.6429,7.3929,7.35,2.0408,13183.0,13805.0,0.15000000000000036,湖南,纺织,19980527,
600156.SH,华升股份,20000906,7.5786,7.35,7.6429,7.3357,7.6357,-3.7416,15358.53,16092.572,-0.2857000000000003,湖南,纺织,19980527,
600156.SH,华升股份,20000905,7.9143,7.6357,8.0643,7.5071,7.9429,-3.8676,16501.0,18154.134,-0.3071999999999999,湖南,纺织,19980527,
600156.SH,华升股份,20000904,8.0,7.9429,8.0714,7.7714,8.0071,-0.8018,18718.0,20700.776,-0.06419999999999959,湖南,纺织,19980527,
600156.SH,华升股份,20000901,8.0714,8.0071,8.2357,8.0071,8.1429,-1.6677,18427.0,20893.234,-0.1357999999999997,湖南,纺织,19980527,
600156.SH,华升股份,20000831,8.5714,8.1429,8.5714,8.1357,8.5786,-5.0789,33270.0,38739.808,-0.43570000000000064,湖南,纺织,19980527,
600156.SH,华升股份,20000830,8.7071,8.5786,8.7286,8.5714,8.8071,-2.5945,39207.0,47375.183,-0.22850000000000037,湖南,纺织,19980527,
600156.SH,华升股份,20000829,9.0,8.8071,9.0,8.7857,8.9714,-1.8314,11827.0,14690.689,-0.164299999999999,湖南,纺织,19980527,
600156.SH,华升股份,20000828,8.7714,8.9714,8.9929,8.75,8.7714,2.2801,13117.0,16272.609,0.1999999999999993,湖南,纺织,19980527,
600156.SH,华升股份,20000825,8.7143,8.7714,8.8286,8.6429,8.7286,0.4903,16457.0,20083.336,0.04279999999999973,湖南,纺织,19980527,
600156.SH,华升股份,20000824,8.8071,8.7286,8.9071,8.6286,8.8071,-0.8913,20223.0,24724.303,-0.07850000000000001,湖南,纺织,19980527,
600156.SH,华升股份,20000823,8.95,8.8071,9.05,8.3571,9.0571,-2.7603,36682.0,44842.683,-0.25,湖南,纺织,19980527,
600156.SH,华升股份,20000822,9.1429,9.0571,9.3929,9.0429,9.1357,-0.8604,26549.0,34121.101,-0.07859999999999978,湖南,纺织,19980527,
600156.SH,华升股份,20000821,9.1429,9.1357,9.15,8.9714,9.1571,-0.2337,17982.0,22762.774,-0.021399999999999864,湖南,纺织,19980527,
600156.SH,华升股份,20000818,9.2071,9.1571,9.2857,9.0714,9.1714,-0.1559,18350.0,23560.287,-0.014300000000000423,湖南,纺织,19980527,
600156.SH,华升股份,20000817,8.9714,9.1714,9.2571,8.9714,8.9571,2.3925,25666.0,32766.466,0.2142999999999997,湖南,纺织,19980527,
600156.SH,华升股份,20000816,8.8929,8.9571,9.0214,8.8571,8.8929,0.7219,14218.0,17761.953,0.06420000000000137,湖南,纺织,19980527,
600156.SH,华升股份,20000815,9.0714,8.8929,9.1429,8.8714,9.05,-1.7359,18430.0,23043.873,-0.15710000000000157,湖南,纺织,19980527,
600156.SH,华升股份,20000814,8.9357,9.05,9.2214,8.9357,8.9286,1.3597,15919.0,20242.417,0.12140000000000128,湖南,纺织,19980527,
600156.SH,华升股份,20000811,8.8714,8.9286,9.0714,8.8571,8.8786,0.5632,14928.0,18728.519,0.049999999999998934,湖南,纺织,19980527,
600156.SH,华升股份,20000810,8.8571,8.8786,9.0643,8.7571,8.8571,0.2427,26166.0,32494.785,0.02149999999999963,湖南,纺织,19980527,
600156.SH,华升股份,20000809,9.0,8.8571,9.0643,8.8286,9.0643,-2.2859,35782.0,44711.409,-0.2071999999999985,湖南,纺织,19980527,
600156.SH,华升股份,20000808,9.0,9.0643,9.1929,8.9286,8.9857,0.8747,24268.0,30827.901,0.07859999999999978,湖南,纺织,19980527,
600156.SH,华升股份,20000807,9.1429,8.9857,9.1429,8.8714,9.2357,-2.7069,47196.0,59417.998,-0.25,湖南,纺织,19980527,
600156.SH,华升股份,20000804,9.5357,9.2357,9.8571,9.2,9.3857,-1.5982,128989.0,172005.58,-0.15000000000000036,湖南,纺织,19980527,
600156.SH,华升股份,20000803,9.2071,9.3857,9.5857,9.0286,9.1571,2.4964,112934.0,147154.938,0.22860000000000014,湖南,纺织,19980527,
600156.SH,华升股份,20000802,9.0714,9.1571,9.2714,8.9714,9.0357,1.3436,81618.0,104669.305,0.12139999999999951,湖南,纺织,19980527,
600156.SH,华升股份,20000801,8.8214,9.0357,9.1214,8.7214,8.7714,3.0132,71326.0,89524.665,0.2643000000000004,湖南,纺织,19980527,
600156.SH,华升股份,20000731,8.9286,8.7714,9.0286,8.75,8.7429,0.326,84081.0,104548.916,0.028499999999999304,湖南,纺织,19980527,
600156.SH,华升股份,20000728,8.5,8.7429,8.8214,8.2286,8.4714,3.2049,70062.0,83848.375,0.2715000000000014,湖南,纺织,19980527,
600156.SH,华升股份,20000727,8.5357,8.4714,8.7071,8.4143,8.5357,-0.7533,36860.0,44167.216,-0.06430000000000113,湖南,纺织,19980527,
600156.SH,华升股份,20000726,8.5643,8.5357,8.8286,8.4857,8.8929,-4.0167,41794.0,50310.474,-0.35719999999999885,湖南,纺织,19980527,
600156.SH,华升股份,20000725,8.9286,8.8929,9.05,8.7929,8.9286,-0.3998,30556.0,38172.915,-0.03570000000000029,湖南,纺织,19980527,
600156.SH,华升股份,20000724,9.0429,8.9286,9.1286,8.7714,9.1857,-2.7989,84650.0,105841.42,-0.2571000000000012,湖南,纺织,19980527,
600156.SH,华升股份,20000721,8.5714,9.1857,9.3929,8.3571,8.5571,7.3459,135615.0,166357.644,0.6286000000000005,湖南,纺织,19980527,
600156.SH,华升股份,20000720,8.5,8.5571,8.5643,8.2857,8.4,1.8702,54674.0,64433.654,0.1570999999999998,湖南,纺织,19980527,
600156.SH,华升股份,20000719,7.9571,8.4,8.5571,7.9571,7.8786,6.6179,67647.0,78930.498,0.5214000000000008,湖南,纺织,19980527,
600156.SH,华升股份,20000718,8.0865,7.8809,8.1276,7.8123,8.1276,-3.0353,51169.0,59461.993,-0.2466999999999997,湖南,纺织,19980527,
600156.SH,华升股份,20000717,8.2578,8.1276,8.3674,8.107,8.1892,-0.7522,73230.0,88116.117,-0.06160000000000032,湖南,纺织,19980527,
600156.SH,华升股份,20000714,8.0179,8.1892,8.2235,7.8877,7.9837,2.574,39232.0,46468.203,0.2054999999999998,湖南,纺织,19980527,
600156.SH,华升股份,20000713,8.155,7.9837,8.3126,7.9562,8.0865,-1.2713,33657.0,40174.826,-0.10279999999999934,湖南,纺织,19980527,
600156.SH,华升股份,20000712,7.7986,8.0865,8.0865,7.7575,7.7918,3.7822,20268.0,23586.497,0.29469999999999885,湖南,纺织,19980527,
600156.SH,华升股份,20000711,7.826,7.7918,7.8809,7.737,7.826,-0.437,16916.0,19190.318,-0.03419999999999934,湖南,纺织,19980527,
600156.SH,华升股份,20000710,7.9151,7.826,7.9288,7.7781,7.8877,-0.7822,11588.0,13204.298,-0.06170000000000009,湖南,纺织,19980527,
600156.SH,华升股份,20000707,7.8809,7.8877,7.8877,7.7438,7.7781,1.4091,8241.0,9397.899,0.10959999999999948,湖南,纺织,19980527,
600156.SH,华升股份,20000706,7.9562,7.7781,7.9562,7.7438,7.8809,-1.3044,6464.0,7364.986,-0.10279999999999934,湖南,纺织,19980527,
600156.SH,华升股份,20000705,7.7986,7.8809,8.059,7.7438,7.7986,1.0553,10024.0,11525.756,0.08229999999999915,湖南,纺织,19980527,
600156.SH,华升股份,20000704,7.6273,7.7986,7.7986,7.6273,7.6684,1.6979,8629.0,9740.542,0.13020000000000032,湖南,纺织,19980527,
600156.SH,华升股份,20000703,7.9562,7.6684,7.9562,7.5382,8.0316,-4.5221,19098.0,21575.798,-0.3631999999999991,湖南,纺织,19980527,
600156.SH,华升股份,20000630,8.155,8.0316,8.2167,8.0179,8.155,-1.5132,12282.0,14460.91,-0.12340000000000018,湖南,纺织,19980527,
600156.SH,华升股份,20000629,8.2852,8.155,8.3537,8.1207,8.2783,-1.4894,15075.0,18068.461,-0.12330000000000041,湖南,纺织,19980527,
600156.SH,华升股份,20000628,8.1207,8.2783,8.3263,8.0385,8.0865,2.3719,18621.0,22150.919,0.19180000000000064,湖南,纺织,19980527,
600156.SH,华升股份,20000627,8.292,8.0865,8.3606,8.0659,8.2852,-2.3983,20137.0,23887.259,-0.19870000000000054,湖南,纺织,19980527,
600156.SH,华升股份,20000626,8.2235,8.2852,8.4085,8.2235,8.1961,1.0871,25340.0,30696.277,0.08910000000000018,湖南,纺织,19980527,
600156.SH,华升股份,20000623,8.2372,8.1961,8.34,8.0933,8.2372,-0.499,29738.0,35564.751,-0.041100000000000136,湖南,纺织,19980527,
600156.SH,华升股份,20000622,8.203,8.2372,8.5662,8.1892,8.0933,1.778,87434.0,106976.808,0.14390000000000036,湖南,纺织,19980527,
600156.SH,华升股份,20000621,7.9905,8.0933,8.1207,7.8329,7.9905,1.2865,40386.0,47306.687,0.10279999999999934,湖南,纺织,19980527,
600156.SH,华升股份,20000620,7.6753,7.9905,8.0522,7.6479,7.6753,4.1067,23614.0,27147.992,0.3151999999999999,湖南,纺织,19980527,
600156.SH,华升股份,20000619,7.7095,7.6753,7.737,7.6067,7.737,-0.7975,10086.0,11288.271,-0.06170000000000009,湖南,纺织,19980527,
600156.SH,华升股份,20000616,7.6753,7.737,7.8809,7.6616,7.6684,0.8946,15905.0,18066.733,0.0686,湖南,纺织,19980527,
600156.SH,华升股份,20000615,7.7095,7.6684,7.7644,7.6067,7.7095,-0.5331,11506.0,12881.447,-0.041100000000000136,湖南,纺织,19980527,
600156.SH,华升股份,20000614,7.8123,7.7095,7.8809,7.6753,7.737,-0.3554,11093.0,12601.932,-0.027499999999999858,湖南,纺织,19980527,
600156.SH,华升股份,20000613,7.6753,7.737,7.7438,7.6479,7.6821,0.7146,7827.0,8797.644,0.05489999999999995,湖南,纺织,19980527,
600156.SH,华升股份,20000612,7.5382,7.6821,7.7232,7.504,7.6205,0.8083,9360.0,10359.668,0.06160000000000032,湖南,纺织,19980527,
600156.SH,华升股份,20000609,7.7438,7.6205,7.7644,7.5862,7.7781,-2.0262,13019.0,14551.959,-0.1576000000000004,湖南,纺织,19980527,
600156.SH,华升股份,20000608,7.9494,7.7781,8.0042,7.7438,7.8946,-1.4757,12928.0,14830.796,-0.11649999999999938,湖南,纺织,19980527,
600156.SH,华升股份,20000607,7.826,7.8946,8.0179,7.8123,7.8055,1.1415,24172.0,27954.281,0.08909999999999929,湖南,纺织,19980527,
600156.SH,华升股份,20000606,7.6205,7.8055,7.8809,7.5999,7.6136,2.5205,13508.0,15181.39,0.1919000000000004,湖南,纺织,19980527,
600156.SH,华升股份,20000605,7.9151,7.6136,7.9905,7.5793,7.8946,-3.5594,20142.0,22737.191,-0.2809999999999997,湖南,纺织,19980527,
600156.SH,华升股份,20000602,7.8123,7.8946,8.0659,7.8123,7.8123,1.0535,29611.0,34215.91,0.08230000000000004,湖南,纺织,19980527,
600156.SH,华升股份,20000601,7.5382,7.8123,7.9151,7.4697,7.5382,3.6361,15044.0,16783.557,0.2740999999999998,湖南,纺织,19980527,
600156.SH,华升股份,20000531,7.4697,7.5382,7.593,7.3532,7.5177,0.2727,16306.0,17793.425,0.020500000000000185,湖南,纺织,19980527,
600156.SH,华升股份,20000530,7.7301,7.5177,7.737,7.4697,7.7027,-2.4018,20364.0,22507.773,-0.1850000000000005,湖南,纺织,19980527,
600156.SH,华升股份,20000529,7.689,7.7027,7.7986,7.5382,7.689,0.1782,20927.0,23331.613,0.013700000000000045,湖南,纺织,19980527,
600156.SH,华升股份,20000526,7.9425,7.689,7.9494,7.6753,7.9083,-2.773,23634.0,26745.455,-0.2192999999999996,湖南,纺织,19980527,
600156.SH,华升股份,20000525,8.0316,7.9083,8.0865,7.7438,7.9083,0.0,21171.0,24368.656,0.0,湖南,纺织,19980527,
600156.SH,华升股份,20000524,7.8329,7.9083,8.0385,7.737,7.8329,0.9626,32087.0,37047.643,0.07539999999999925,湖南,纺织,19980527,
600156.SH,华升股份,20000523,7.8329,7.8329,7.8809,7.6136,7.7849,0.6166,23431.0,26478.88,0.04800000000000004,湖南,纺织,19980527,
600156.SH,华升股份,20000522,7.6067,7.7849,7.9151,7.5725,7.5108,3.6494,34046.0,38541.242,0.2741000000000007,湖南,纺织,19980527,
600156.SH,华升股份,20000519,7.5382,7.5108,7.6067,7.3463,7.5314,-0.2735,23504.0,25670.19,-0.02059999999999995,湖南,纺织,19980527,
600156.SH,华升股份,20000518,7.127,7.5314,7.5382,6.9968,7.175,4.9672,16839.0,17982.988,0.35639999999999983,湖南,纺织,19980527,
600156.SH,华升股份,20000517,7.2504,7.175,7.3189,7.1476,7.2435,-0.9457,7351.0,7711.061,-0.06850000000000023,湖南,纺织,19980527,
600156.SH,华升股份,20000516,7.1956,7.2435,7.3326,7.1613,7.127,1.6346,7225.0,7658.088,0.11650000000000027,湖南,纺织,19980527,
600156.SH,华升股份,20000515,7.4354,7.127,7.4423,7.0996,7.3326,-2.8039,9980.0,10497.569,-0.20560000000000045,湖南,纺织,19980527,
600156.SH,华升股份,20000512,7.0928,7.3326,7.4012,7.0448,7.0722,3.682,21988.0,23275.447,0.26040000000000063,湖南,纺织,19980527,
600156.SH,华升股份,20000511,7.0242,7.0722,7.1956,6.99,7.0585,0.1941,12955.0,13402.55,0.013699999999999157,湖南,纺织,19980527,
600156.SH,华升股份,20000510,7.3052,7.0585,7.3052,6.99,7.3326,-3.7381,18060.0,18684.316,-0.2740999999999998,湖南,纺织,19980527,
600156.SH,华升股份,20000509,7.4012,7.3326,7.4149,7.271,7.4423,-1.474,16346.0,17458.384,-0.10970000000000013,湖南,纺织,19980527,
600156.SH,华升股份,20000508,7.6067,7.4423,7.6136,7.4012,7.6136,-2.2499,15294.0,16631.486,-0.17129999999999956,湖南,纺织,19980527,
600156.SH,华升股份,20000428,7.6067,7.6136,7.7095,7.4012,7.641,-0.3586,30913.0,33923.428,-0.02740000000000009,湖南,纺织,19980527,
600156.SH,华升股份,20000427,7.9768,7.641,8.0179,7.6067,7.9768,-4.2097,30065.0,34022.768,-0.3357999999999999,湖南,纺织,19980527,
600156.SH,华升股份,20000426,8.0316,7.9768,8.1276,7.9494,8.0042,-0.3423,17263.0,20241.511,-0.02740000000000098,湖南,纺织,19980527,
600156.SH,华升股份,20000425,7.8329,8.0042,8.1207,7.7644,7.8397,2.0983,24143.0,28038.144,0.1645000000000012,湖南,纺织,19980527,
600156.SH,华升股份,20000424,7.8809,7.8397,8.0796,7.7438,7.9357,-1.2097,32294.0,37074.574,-0.09600000000000009,湖南,纺织,19980527,
600156.SH,华升股份,20000421,8.155,7.9357,8.3606,7.8466,8.155,-2.6891,78222.0,91726.146,-0.2192999999999996,湖南,纺织,19980527,
600156.SH,华升股份,20000420,8.1824,8.155,8.8814,8.1413,8.1755,-0.2507,96064.0,119585.227,-0.020500000000000185,湖南,纺织,19980527,
600156.SH,华升股份,20000419,8.0796,8.1755,8.2235,7.922,8.0796,1.1869,54740.0,64833.225,0.09590000000000032,湖南,纺织,19980527,
600156.SH,华升股份,20000418,8.155,8.0796,8.155,7.7095,8.1892,-1.3383,77911.0,90591.555,-0.10960000000000036,湖南,纺织,19980527,
600156.SH,华升股份,20000417,7.8466,8.1892,8.3606,7.8397,7.6342,7.2699,300961.0,356753.206,0.5549999999999997,湖南,纺织,19980527,
600156.SH,华升股份,20000414,7.0311,7.6342,7.6547,6.9763,6.9626,9.6458,121005.0,129643.604,0.6715999999999998,湖南,纺织,19980527,
600156.SH,华升股份,20000413,6.7159,6.9626,7.0928,6.6885,6.7159,3.6734,34755.0,35336.15,0.2466999999999997,湖南,纺织,19980527,
600156.SH,华升股份,20000412,6.7775,6.7159,6.8324,6.661,6.7775,-0.9089,11561.0,11327.282,-0.06159999999999943,湖南,纺织,19980527,
600156.SH,华升股份,20000411,6.894,6.7775,6.99,6.7501,6.8735,-1.3967,13597.0,13584.982,-0.09600000000000009,湖南,纺织,19980527,
600156.SH,华升股份,20000407,6.7844,6.8735,6.9694,6.7707,6.7844,1.3133,16492.0,16501.729,0.08910000000000018,湖南,纺织,19980527,
600156.SH,华升股份,20000406,6.6816,6.7844,6.7844,6.6336,6.661,1.8526,12805.0,12566.553,0.12340000000000018,湖南,纺织,19980527,
600156.SH,华升股份,20000405,6.6473,6.661,6.7707,6.5103,6.6473,0.2061,12104.0,11695.658,0.013699999999999157,湖南,纺织,19980527,
600156.SH,华升股份,20000404,6.8461,6.6473,6.8461,6.6473,6.8666,-3.1937,14118.0,13816.843,-0.2192999999999996,湖南,纺织,19980527,
600156.SH,华升股份,20000403,6.9626,6.8666,7.0585,6.8529,6.9694,-1.475,18960.0,19193.727,-0.10280000000000022,湖南,纺织,19980527,
600156.SH,华升股份,20000331,7.0859,6.9694,7.0928,6.8529,7.0859,-1.6441,21725.0,22114.745,-0.11649999999999938,湖南,纺织,19980527,
600156.SH,华升股份,20000330,6.8529,7.0859,7.1956,6.7707,6.8529,3.4,47218.0,48674.885,0.23299999999999965,湖南,纺织,19980527,
600156.SH,华升股份,20000329,6.99,6.8529,7.0722,6.7159,6.9557,-1.4779,22184.0,22124.034,-0.10280000000000022,湖南,纺织,19980527,
600156.SH,华升股份,20000328,7.0585,6.9557,7.1613,6.8666,6.99,-0.4907,24574.0,24910.763,-0.0343,湖南,纺织,19980527,
600156.SH,华升股份,20000327,6.8392,6.99,7.1202,6.7775,6.757,3.4483,29763.0,30238.051,0.23300000000000054,湖南,纺织,19980527,
600156.SH,华升股份,20000324,6.9352,6.757,7.0174,6.7501,6.9215,-2.3767,35553.0,35617.722,-0.1645000000000003,湖南,纺织,19980527,
600156.SH,华升股份,20000323,6.7227,6.9215,7.0242,6.7227,6.7227,2.9571,43719.0,44053.125,0.1988000000000003,湖南,纺织,19980527,
600156.SH,华升股份,20000322,6.9626,6.7227,7.0242,6.6542,6.8803,-2.2906,54144.0,53743.806,-0.1576000000000004,湖南,纺织,19980527,
600156.SH,华升股份,20000321,6.3732,6.8803,6.99,6.3047,6.4006,7.4946,60142.0,59252.766,0.47970000000000024,湖南,纺织,19980527,
600156.SH,华升股份,20000320,6.195,6.4006,6.428,6.1539,6.1882,3.4323,13855.0,12808.063,0.2123999999999997,湖南,纺织,19980527,
600156.SH,华升股份,20000317,6.0991,6.1882,6.2293,6.0306,6.0991,1.4609,11555.0,10375.207,0.08910000000000018,湖南,纺织,19980527,
600156.SH,华升股份,20000316,6.4349,6.0991,6.4349,6.0306,6.4418,-5.3199,13406.0,12141.097,-0.3426999999999998,湖南,纺织,19980527,
600156.SH,华升股份,20000315,6.2704,6.4418,6.4418,6.2704,6.2704,2.7335,10107.0,9393.492,0.17139999999999933,湖南,纺织,19980527,
600156.SH,华升股份,20000314,6.428,6.2704,6.428,6.1402,6.4418,-2.6607,16975.0,15495.56,-0.17139999999999933,湖南,纺织,19980527,
600156.SH,华升股份,20000313,6.2362,6.4418,6.4692,6.1745,6.2978,2.2865,11327.0,10512.195,0.14400000000000013,湖南,纺织,19980527,
600156.SH,华升股份,20000310,6.4418,6.2978,6.4418,6.2704,6.428,-2.0255,14713.0,13534.439,-0.13020000000000032,湖南,纺织,19980527,
600156.SH,华升股份,20000309,6.5103,6.428,6.5651,6.3732,6.5103,-1.2642,17304.0,16244.071,-0.08230000000000004,湖南,纺织,19980527,
600156.SH,华升股份,20000308,6.476,6.5103,6.6131,6.3732,6.476,0.5296,10198.0,9643.357,0.0343,湖南,纺织,19980527,
600156.SH,华升股份,20000307,6.2704,6.476,6.5103,6.2225,6.4006,1.178,17082.0,15838.471,0.07540000000000013,湖南,纺织,19980527,
600156.SH,华升股份,20000306,6.8529,6.4006,6.8529,6.3595,6.8803,-6.9721,28217.0,27401.177,-0.47970000000000024,湖南,纺织,19980527,
600156.SH,华升股份,20000303,6.7159,6.8803,7.1887,6.6816,6.6473,3.5052,45309.0,45817.701,0.23299999999999965,湖南,纺织,19980527,
600156.SH,华升股份,20000302,6.7844,6.6473,6.8392,6.5171,6.7707,-1.8226,27825.0,26961.722,-0.12339999999999929,湖南,纺织,19980527,
600156.SH,华升股份,20000301,6.9557,6.7707,7.0517,6.7159,6.9557,-2.6597,41834.0,41659.611,-0.1850000000000005,湖南,纺织,19980527,
600156.SH,华升股份,20000229,7.1819,6.9557,7.4149,6.8461,6.7638,2.8372,73114.0,74861.864,0.1919000000000004,湖南,纺织,19980527,
600156.SH,华升股份,20000225,6.428,6.7638,6.99,6.3938,6.3732,6.1288,107873.0,106109.634,0.39060000000000006,湖南,纺织,19980527,
600156.SH,华升股份,20000224,6.3047,6.3732,6.4418,6.243,6.2773,1.5277,26277.0,24380.142,0.09589999999999943,湖南,纺织,19980527,
600156.SH,华升股份,20000223,6.0991,6.2773,6.3047,6.0032,6.1402,2.2328,20130.0,18034.041,0.13710000000000022,湖南,纺织,19980527,
600156.SH,华升股份,20000222,6.4966,6.1402,6.5857,6.0991,6.4418,-4.6819,32089.0,29900.781,-0.30159999999999965,湖南,纺织,19980527,
600156.SH,华升股份,20000221,6.0306,6.4418,6.5925,5.962,6.0648,6.2162,48419.0,45007.721,0.3769999999999998,湖南,纺织,19980527,
600156.SH,华升股份,20000218,6.2362,6.0648,6.2362,5.8455,6.2636,-3.1739,21063.0,18470.67,-0.1988000000000003,湖南,纺织,19980527,
600156.SH,华升股份,20000217,6.1676,6.2636,6.5103,6.0991,6.1334,2.1228,54067.0,49354.635,0.13020000000000032,湖南,纺织,19980527,
600156.SH,华升股份,20000216,6.2362,6.1334,6.339,6.0169,6.2499,-1.864,34179.0,30522.744,-0.11650000000000027,湖南,纺织,19980527,
600156.SH,华升股份,20000215,6.4006,6.2499,6.7227,6.2019,6.195,0.8862,51094.0,48066.104,0.05489999999999995,湖南,纺织,19980527,
600156.SH,华升股份,20000214,6.1676,6.195,6.195,5.8935,5.6331,9.975,36746.0,32629.0,0.5619000000000005,湖南,纺织,19980527,
600156.SH,华升股份,20000128,5.4618,5.6331,5.6879,5.3658,5.4412,3.5268,24660.0,19724.523,0.19189999999999952,湖南,纺织,19980527,
600156.SH,华升股份,20000127,5.6194,5.4412,5.6194,5.4001,5.5235,-1.49,21228.0,16894.667,-0.08230000000000004,湖南,纺织,19980527,
600156.SH,华升股份,20000126,5.5577,5.5235,5.6811,5.4618,5.5509,-0.4936,10349.0,8317.449,-0.02740000000000009,湖南,纺织,19980527,
600156.SH,华升股份,20000125,5.4275,5.5509,5.6879,5.3795,5.4275,2.2736,22759.0,18254.518,0.12340000000000018,湖南,纺织,19980527,
600156.SH,华升股份,20000124,5.6125,5.4275,5.6125,5.359,5.6057,-3.1789,19973.0,15811.99,-0.17819999999999947,湖南,纺织,19980527,
600156.SH,华升股份,20000121,5.6948,5.6057,5.7565,5.5372,5.6948,-1.5646,14686.0,11944.538,-0.08910000000000018,湖南,纺织,19980527,
600156.SH,华升股份,20000120,5.7565,5.6948,5.7565,5.6263,5.729,-0.597,5589.0,4615.601,-0.03420000000000023,湖南,纺织,19980527,
600156.SH,华升股份,20000119,5.6879,5.729,5.777,5.6537,5.7153,0.2397,3917.0,3267.137,0.013700000000000045,湖南,纺织,19980527,
600156.SH,华升股份,20000118,5.6605,5.7153,5.729,5.592,5.6468,1.2131,4810.0,3974.801,0.06850000000000023,湖南,纺织,19980527,
600156.SH,华升股份,20000117,5.5851,5.6468,5.6742,5.5029,5.5646,1.4772,3558.0,2899.778,0.08219999999999938,湖南,纺织,19980527,
600156.SH,华升股份,20000114,5.6879,5.5646,5.7016,5.5509,5.6605,-1.6942,4958.0,4055.161,-0.09589999999999943,湖南,纺织,19980527,
600156.SH,华升股份,20000113,5.6879,5.6605,5.7565,5.6194,5.6811,-0.3626,5552.0,4597.443,-0.02059999999999995,湖南,纺织,19980527,
600156.SH,华升股份,20000112,5.9346,5.6811,5.962,5.6811,5.9209,-4.0501,9639.0,8116.311,-0.2397999999999998,湖南,纺织,19980527,
600156.SH,华升股份,20000111,6.339,5.9209,6.339,5.8524,6.3047,-6.0875,10933.0,9680.992,-0.3838000000000008,湖南,纺织,19980527,
600156.SH,华升股份,20000110,6.0648,6.3047,6.3732,6.0032,6.0443,4.3082,21098.0,19029.137,0.26040000000000063,湖南,纺织,19980527,
600156.SH,华升股份,20000107,5.962,6.0443,6.0991,5.8935,5.8935,2.5588,21717.0,19018.571,0.15079999999999938,湖南,纺织,19980527,
600156.SH,华升股份,20000106,5.6537,5.8935,5.8935,5.6263,5.7428,2.6242,7999.0,6722.222,0.1507000000000005,湖南,纺织,19980527,
600156.SH,华升股份,20000105,5.7907,5.7428,5.8935,5.6811,5.7907,-0.8272,6509.0,5485.338,-0.047900000000000276,湖南,纺织,19980527,
600156.SH,华升股份,20000104,5.6194,5.7907,5.8044,5.592,5.592,3.5533,3561.0,2980.19,0.19870000000000054,湖南,纺织,19980527,
