数据由w0x7ce整理
股票代码,股票名称,交易日期,开盘价,收盘价,最高价,最低价,前收盘价,复权因子,成交量,成交额,波动,地区,行业,上市日期,退市日期
600604.SH,市北高新,20200618,8.42,8.41,8.56,8.38,8.46,-0.591,225672.97,190718.652,-0.05000000000000071,上海,园区开发,19920327,
600604.SH,市北高新,20200617,8.52,8.46,8.52,8.35,8.54,-0.9368,245190.81,206283.696,-0.0799999999999983,上海,园区开发,19920327,
600604.SH,市北高新,20200616,8.49,8.54,8.61,8.32,8.46,0.9456,382519.12,322651.356,0.0799999999999983,上海,园区开发,19920327,
600604.SH,市北高新,20200615,8.3,8.46,8.71,8.3,8.27,2.2975,533104.06,453660.959,0.19000000000000128,上海,园区开发,19920327,
600604.SH,市北高新,20200612,8.17,8.27,8.3,8.1,8.38,-1.3126,303590.65,249372.437,-0.11000000000000121,上海,园区开发,19920327,
600604.SH,市北高新,20200611,8.42,8.38,8.68,8.31,8.51,-1.5276,403749.76,343082.456,-0.129999999999999,上海,园区开发,19920327,
600604.SH,市北高新,20200610,8.57,8.51,8.74,8.36,8.52,-0.1174,372852.85,318282.021,-0.009999999999999787,上海,园区开发,19920327,
600604.SH,市北高新,20200609,8.69,8.52,8.79,8.46,8.69,-1.9563,436952.12,374856.379,-0.16999999999999993,上海,园区开发,19920327,
600604.SH,市北高新,20200608,8.63,8.69,9.04,8.53,8.54,1.7564,714082.36,625988.066,0.15000000000000036,上海,园区开发,19920327,
600604.SH,市北高新,20200605,8.1,8.54,8.76,8.07,8.11,5.3021,671252.18,565266.696,0.4299999999999997,上海,园区开发,19920327,
600604.SH,市北高新,20200604,8.3,8.11,8.3,8.09,8.25,-1.697,236556.56,192715.779,-0.14000000000000057,上海,园区开发,19920327,
600604.SH,市北高新,20200603,8.4397,8.2499,8.4896,8.24,8.4297,-2.1329,379220.96,315638.834,-0.17980000000000018,上海,园区开发,19920327,
600604.SH,市北高新,20200602,8.3698,8.4297,8.5596,8.3199,8.3798,0.5955,452652.68,382386.939,0.049900000000000944,上海,园区开发,19920327,
600604.SH,市北高新,20200601,8.0502,8.3798,8.4397,8.0402,8.0901,3.5809,450815.17,374672.236,0.28969999999999985,上海,园区开发,19920327,
600604.SH,市北高新,20200529,8.0002,8.0901,8.2499,7.9403,8.1401,-0.6142,309589.79,249904.191,-0.05000000000000071,上海,园区开发,19920327,
600604.SH,市北高新,20200528,8.3398,8.1401,8.5296,8.0602,8.3398,-2.3945,436336.09,359898.207,-0.1997,上海,园区开发,19920327,
600604.SH,市北高新,20200527,8.1201,8.3398,8.6495,8.0502,8.1101,2.8323,642028.18,536398.136,0.22970000000000113,上海,园区开发,19920327,
600604.SH,市北高新,20200526,8.0402,8.1101,8.17,8.0102,8.0502,0.7441,262698.87,212731.174,0.059899999999998954,上海,园区开发,19920327,
600604.SH,市北高新,20200525,8.17,8.0502,8.3498,7.9803,8.19,-1.707,331323.55,270890.867,-0.13979999999999926,上海,园区开发,19920327,
600604.SH,市北高新,20200522,8.4896,8.19,8.5096,8.1401,8.5196,-3.8687,458765.27,380923.067,-0.329600000000001,上海,园区开发,19920327,
600604.SH,市北高新,20200521,8.0901,8.5196,8.7893,8.0901,8.0901,5.309,780110.89,662850.521,0.4295000000000009,上海,园区开发,19920327,
600604.SH,市北高新,20200520,8.2,8.0901,8.3698,8.0102,8.3398,-2.9941,370297.68,302185.915,-0.2497000000000007,上海,园区开发,19920327,
600604.SH,市北高新,20200519,8.1401,8.3398,8.5596,8.1101,8.1101,2.8323,551626.87,462313.571,0.22970000000000113,上海,园区开发,19920327,
600604.SH,市北高新,20200518,8.0002,8.1101,8.3099,7.8704,8.1201,-0.1232,406893.27,329810.203,-0.010000000000001563,上海,园区开发,19920327,
600604.SH,市北高新,20200515,7.9603,8.1201,8.3698,7.8105,7.9303,2.3934,447128.28,362035.062,0.18980000000000086,上海,园区开发,19920327,
600604.SH,市北高新,20200514,8.0901,7.9303,8.1101,7.9004,8.1401,-2.5774,277675.09,222006.182,-0.20980000000000043,上海,园区开发,19920327,
600604.SH,市北高新,20200513,7.9903,8.1401,8.17,7.9104,8.0502,1.1167,308291.98,248677.255,0.08990000000000009,上海,园区开发,19920327,
600604.SH,市北高新,20200512,8.0402,8.0502,8.1401,7.8904,8.1001,-0.616,322882.4,258736.856,-0.04989999999999917,上海,园区开发,19920327,
600604.SH,市北高新,20200511,8.22,8.1001,8.2599,8.0502,8.18,-0.9768,404395.99,329304.855,-0.0799000000000003,上海,园区开发,19920327,
600604.SH,市北高新,20200508,8.3398,8.18,8.4697,8.1401,8.4197,-2.8469,649130.38,536503.94,-0.2397000000000009,上海,园区开发,19920327,
600604.SH,市北高新,20200507,8.16,8.4197,8.7893,8.1501,8.23,2.305,874802.73,740412.663,0.1897000000000002,上海,园区开发,19920327,
600604.SH,市北高新,20200506,8.2,8.23,8.6694,8.1001,7.8904,4.304,1090326.0,911247.67,0.3396000000000008,上海,园区开发,19920327,
600604.SH,市北高新,20200430,7.7106,7.8904,7.8904,7.5208,7.1713,10.0275,708758.8,552476.438,0.7191000000000001,上海,园区开发,19920327,
600604.SH,市北高新,20200429,7.0314,7.1713,7.361,7.0214,7.6007,-5.6495,437765.37,316007.532,-0.4294000000000002,上海,园区开发,19920327,
600604.SH,市北高新,20200428,7.9903,7.6007,7.9903,7.5808,7.2611,4.677,804880.59,630313.581,0.3395999999999999,上海,园区开发,19920327,
600604.SH,市北高新,20200427,7.0214,7.2611,7.5508,6.9715,6.9815,4.0049,378530.81,276924.459,0.2796000000000003,上海,园区开发,19920327,
600604.SH,市北高新,20200424,7.1113,6.9815,7.1313,6.9515,7.0914,-1.5498,109666.08,77129.332,-0.10990000000000055,上海,园区开发,19920327,
600604.SH,市北高新,20200423,7.2012,7.0914,7.2312,7.0914,7.1713,-1.1142,96765.95,69149.366,-0.07989999999999942,上海,园区开发,19920327,
600604.SH,市北高新,20200422,7.1613,7.1713,7.2412,7.0714,7.2212,-0.691,112085.07,80087.982,-0.049900000000000055,上海,园区开发,19920327,
600604.SH,市北高新,20200421,7.2611,7.2212,7.3211,7.0914,7.3311,-1.4991,166861.99,120111.456,-0.10990000000000055,上海,园区开发,19920327,
600604.SH,市北高新,20200420,7.0614,7.3311,7.381,7.0614,7.0514,3.9666,238450.21,173133.541,0.27970000000000006,上海,园区开发,19920327,
600604.SH,市北高新,20200417,7.1113,7.0514,7.1313,7.0514,7.0814,-0.4236,86665.09,61542.037,-0.03000000000000025,上海,园区开发,19920327,
600604.SH,市北高新,20200416,7.0614,7.0814,7.1013,7.0015,7.0714,0.1414,90741.36,64125.594,0.010000000000000675,上海,园区开发,19920327,
600604.SH,市北高新,20200415,7.1413,7.0714,7.1812,7.0614,7.1413,-0.9788,90174.36,64270.724,-0.06990000000000052,上海,园区开发,19920327,
600604.SH,市北高新,20200414,7.1213,7.1413,7.1413,7.0714,7.0614,1.1315,83656.8,59567.19,0.0799000000000003,上海,园区开发,19920327,
600604.SH,市北高新,20200413,7.2012,7.0614,7.2012,7.0314,7.2512,-2.6175,111548.19,79408.826,-0.18979999999999997,上海,园区开发,19920327,
600604.SH,市北高新,20200410,7.361,7.2512,7.401,7.1513,7.2911,-0.5472,184281.6,134641.345,-0.03990000000000027,上海,园区开发,19920327,
600604.SH,市北高新,20200409,7.3011,7.2911,7.4409,7.2911,7.2911,0.0,130485.23,95969.556,0.0,上海,园区开发,19920327,
600604.SH,市北高新,20200408,7.361,7.2911,7.371,7.2711,7.391,-1.3516,140949.51,103272.178,-0.09989999999999988,上海,园区开发,19920327,
600604.SH,市北高新,20200407,7.2911,7.391,7.421,7.2312,7.361,0.4076,280034.39,205793.337,0.03000000000000025,上海,园区开发,19920327,
600604.SH,市北高新,20200403,7.1713,7.361,7.4809,7.1213,7.2112,2.0773,289277.35,210848.425,0.14979999999999993,上海,园区开发,19920327,
600604.SH,市北高新,20200402,6.8516,7.2112,7.2512,6.8516,6.9116,4.3347,219513.18,156238.675,0.29959999999999987,上海,园区开发,19920327,
600604.SH,市北高新,20200401,6.9016,6.9116,7.0314,6.8916,6.9515,-0.574,93908.65,65372.84,-0.03990000000000027,上海,园区开发,19920327,
600604.SH,市北高新,20200331,7.0214,6.9515,7.1113,6.9415,6.9615,-0.1436,105470.68,74182.655,-0.009999999999999787,上海,园区开发,19920327,
600604.SH,市北高新,20200330,7.0414,6.9615,7.0414,6.8117,7.1213,-2.244,140899.74,97437.858,-0.15979999999999972,上海,园区开发,19920327,
600604.SH,市北高新,20200327,7.2811,7.1213,7.2911,7.1113,7.1713,-0.6972,98682.0,71151.098,-0.04999999999999982,上海,园区开发,19920327,
600604.SH,市北高新,20200326,7.2512,7.1713,7.2911,7.1513,7.361,-2.5771,140885.62,101754.241,-0.1897000000000002,上海,园区开发,19920327,
600604.SH,市北高新,20200325,7.3111,7.361,7.401,7.2112,7.1213,3.366,202810.65,148188.184,0.23970000000000002,上海,园区开发,19920327,
600604.SH,市北高新,20200324,7.1213,7.1213,7.1613,6.9116,6.9815,2.0024,154673.2,109335.478,0.13980000000000015,上海,园区开发,19920327,
600604.SH,市北高新,20200323,7.1213,6.9815,7.1912,6.9415,7.351,-5.0265,173957.76,123339.411,-0.3695000000000004,上海,园区开发,19920327,
600604.SH,市北高新,20200320,7.3111,7.351,7.411,7.1912,7.2811,0.96,158238.38,115669.757,0.06989999999999963,上海,园区开发,19920327,
600604.SH,市北高新,20200319,7.1713,7.2811,7.2911,7.0414,7.1912,1.2501,209292.02,149915.853,0.08990000000000009,上海,园区开发,19920327,
600604.SH,市北高新,20200318,7.421,7.1912,7.5508,7.1713,7.361,-2.3068,225814.99,166657.006,-0.1697999999999995,上海,园区开发,19920327,
600604.SH,市北高新,20200317,7.4709,7.361,7.7006,6.9815,7.5508,-2.5136,286991.18,210278.683,-0.18979999999999997,上海,园区开发,19920327,
600604.SH,市北高新,20200316,7.9004,7.5508,8.0302,7.5308,7.7006,-1.9453,342102.26,267966.195,-0.14979999999999993,上海,园区开发,19920327,
600604.SH,市北高新,20200313,7.391,7.7006,7.8504,7.381,7.9903,-3.6256,378721.69,287928.204,-0.28970000000000073,上海,园区开发,19920327,
600604.SH,市北高新,20200312,8.1001,7.9903,8.2599,7.8904,8.3898,-4.7617,437269.45,353035.218,-0.39949999999999886,上海,园区开发,19920327,
600604.SH,市北高新,20200311,8.6495,8.3898,8.9291,8.3598,8.7893,-4.5453,598024.14,515616.551,-0.3995000000000015,上海,园区开发,19920327,
600604.SH,市北高新,20200310,8.7893,8.7893,9.019,8.21,9.1189,-3.6145,1031629.71,889013.632,-0.3295999999999992,上海,园区开发,19920327,
600604.SH,市北高新,20200309,8.7393,9.1189,9.1189,8.5995,8.2899,10.0001,1342541.05,1203630.482,0.8290000000000006,上海,园区开发,19920327,
600604.SH,市北高新,20200306,8.5795,8.2899,8.6994,8.22,8.3598,-0.8361,560874.11,472362.798,-0.06990000000000052,上海,园区开发,19920327,
600604.SH,市北高新,20200305,8.1401,8.3598,8.4896,7.9603,7.9603,5.0187,764769.53,632944.87,0.39949999999999974,上海,园区开发,19920327,
600604.SH,市北高新,20200304,7.7605,7.9603,8.0002,7.7505,7.8904,0.8859,275135.06,217258.729,0.06990000000000052,上海,园区开发,19920327,
600604.SH,市北高新,20200303,8.24,7.8904,8.24,7.8005,7.9403,-0.6284,470345.19,376145.873,-0.049900000000000055,上海,园区开发,19920327,
600604.SH,市北高新,20200302,7.2611,7.9403,7.9403,7.2611,7.2212,9.9582,455441.51,355462.323,0.7191000000000001,上海,园区开发,19920327,
600604.SH,市北高新,20200228,7.5108,7.2212,7.6507,7.2012,7.8105,-7.545,315415.08,234481.624,-0.5893000000000006,上海,园区开发,19920327,
600604.SH,市北高新,20200227,8.0302,7.8105,8.1101,7.7905,7.9703,-2.0049,257895.14,203913.122,-0.15979999999999972,上海,园区开发,19920327,
600604.SH,市北高新,20200226,7.7805,7.9703,8.22,7.7406,7.9303,0.5044,373630.77,300194.23,0.040000000000000036,上海,园区开发,19920327,
600604.SH,市北高新,20200225,7.9703,7.9303,8.0602,7.6007,8.19,-3.1709,370755.11,293348.374,-0.2596999999999996,上海,园区开发,19920327,
600604.SH,市北高新,20200224,8.0801,8.19,8.3398,8.0102,8.0602,1.6104,381233.0,310741.349,0.12979999999999947,上海,园区开发,19920327,
600604.SH,市北高新,20200221,7.9903,8.0602,8.17,7.7805,7.8604,2.5419,428499.19,345469.879,0.19979999999999976,上海,园区开发,19920327,
600604.SH,市北高新,20200220,7.6407,7.8604,7.9403,7.5508,7.6307,3.0102,318849.16,247298.225,0.22970000000000024,上海,园区开发,19920327,
600604.SH,市北高新,20200219,7.7605,7.6307,8.0102,7.6207,7.8105,-2.302,315513.74,246157.843,-0.17980000000000018,上海,园区开发,19920327,
600604.SH,市北高新,20200218,7.7206,7.8105,7.8704,7.6407,7.7605,0.6443,291979.35,227501.798,0.04999999999999982,上海,园区开发,19920327,
600604.SH,市北高新,20200217,7.4409,7.7605,7.9503,7.391,7.3111,6.1468,386402.3,296600.201,0.4494000000000007,上海,园区开发,19920327,
600604.SH,市北高新,20200214,7.2911,7.3111,7.371,7.1713,7.3011,0.137,193669.17,141139.895,0.009999999999999787,上海,园区开发,19920327,
600604.SH,市北高新,20200213,7.2911,7.3011,7.4509,7.2512,7.3011,0.0,236906.06,174032.064,0.0,上海,园区开发,19920327,
600604.SH,市北高新,20200212,7.1912,7.3011,7.3311,7.1413,7.1812,1.6696,208490.07,151341.107,0.11990000000000034,上海,园区开发,19920327,
600604.SH,市北高新,20200211,7.2012,7.1812,7.351,7.1413,7.2212,-0.5539,225470.37,163414.364,-0.040000000000000036,上海,园区开发,19920327,
600604.SH,市北高新,20200210,7.1113,7.2212,7.3211,7.0214,7.1013,1.6884,233972.66,168230.36,0.11989999999999945,上海,园区开发,19920327,
600604.SH,市北高新,20200207,7.0015,7.1013,7.1313,6.9515,7.0414,0.8507,230479.07,162279.86,0.05989999999999984,上海,园区开发,19920327,
600604.SH,市北高新,20200206,6.9915,7.0414,7.1413,6.8117,6.9016,2.0256,305587.11,213445.361,0.13980000000000015,上海,园区开发,19920327,
600604.SH,市北高新,20200205,6.7418,6.9016,7.1513,6.7418,6.7118,2.8279,279517.27,194497.599,0.18979999999999997,上海,园区开发,19920327,
600604.SH,市北高新,20200204,6.552,6.7118,6.9415,6.552,7.2811,-7.8189,381110.9,257322.675,-0.5693000000000001,上海,园区开发,19920327,
600604.SH,市北高新,20200203,7.2811,7.2811,7.2811,7.2811,8.0901,-9.9999,34557.0,25192.053,-0.8089999999999993,上海,园区开发,19920327,
600604.SH,市北高新,20200123,8.2599,8.0901,8.4697,8.0502,8.2999,-2.5277,200758.98,164474.246,-0.20979999999999954,上海,园区开发,19920327,
600604.SH,市北高新,20200122,8.3498,8.2999,8.4097,8.1301,8.5196,-2.5788,210617.4,174397.442,-0.21970000000000134,上海,园区开发,19920327,
600604.SH,市北高新,20200121,8.6195,8.5196,8.8392,8.5196,8.4697,0.5892,248964.89,215783.833,0.049900000000000944,上海,园区开发,19920327,
600604.SH,市北高新,20200120,8.4797,8.4697,8.4996,8.3099,8.4797,-0.1179,163568.62,137520.536,-0.009999999999999787,上海,园区开发,19920327,
600604.SH,市北高新,20200117,8.6195,8.4797,8.6894,8.4497,8.5795,-1.1632,130492.0,111501.411,-0.09980000000000011,上海,园区开发,19920327,
600604.SH,市北高新,20200116,8.7793,8.5795,8.8192,8.5396,8.7493,-1.9407,184521.72,159715.293,-0.1698000000000004,上海,园区开发,19920327,
600604.SH,市北高新,20200115,8.6794,8.7493,8.8292,8.6395,8.6794,0.8054,208761.37,183030.004,0.06990000000000052,上海,园区开发,19920327,
600604.SH,市北高新,20200114,8.7194,8.6794,8.7893,8.6794,8.7094,-0.3445,161381.31,141072.518,-0.030000000000001137,上海,园区开发,19920327,
600604.SH,市北高新,20200113,8.6395,8.7094,8.7094,8.5096,8.6594,0.5774,164878.71,142283.945,0.05000000000000071,上海,园区开发,19920327,
600604.SH,市北高新,20200110,8.7693,8.6594,8.7893,8.6495,8.7593,-1.1405,161266.44,140382.092,-0.09989999999999988,上海,园区开发,19920327,
600604.SH,市北高新,20200109,8.7393,8.7593,8.8093,8.6694,8.6495,1.2694,175494.43,153680.182,0.1097999999999999,上海,园区开发,19920327,
600604.SH,市北高新,20200108,8.9091,8.6495,8.9091,8.6395,8.9691,-3.5633,316746.65,278211.034,-0.31959999999999944,上海,园区开发,19920327,
600604.SH,市北高新,20200107,8.8692,8.9691,9.0889,8.8592,8.8892,0.8988,344937.85,309718.704,0.07989999999999853,上海,园区开发,19920327,
600604.SH,市北高新,20200106,8.8093,8.8892,9.049,8.7194,8.9391,-0.5582,353293.13,314107.17,-0.04989999999999917,上海,园区开发,19920327,
600604.SH,市北高新,20200103,8.8692,8.9391,8.9791,8.7493,8.9091,0.3367,374082.16,331635.802,0.02999999999999936,上海,园区开发,19920327,
600604.SH,市北高新,20200102,8.9791,8.9091,9.1089,8.8792,8.8492,0.6769,395807.49,354840.039,0.05990000000000073,上海,园区开发,19920327,
600604.SH,市北高新,20191231,9.0789,8.8492,9.1389,8.7893,8.9391,-1.0057,423466.72,379321.919,-0.08990000000000009,上海,园区开发,19920327,
600604.SH,市北高新,20191230,8.7893,8.9391,9.1389,8.6894,8.4597,5.6669,588432.2,525502.062,0.47940000000000005,上海,园区开发,19920327,
600604.SH,市北高新,20191227,8.7393,8.4597,8.8892,8.4497,8.6095,-1.7399,280308.94,243584.376,-0.14980000000000082,上海,园区开发,19920327,
600604.SH,市北高新,20191226,8.4597,8.6095,8.6694,8.3998,8.4397,2.0119,260311.73,222694.915,0.1698000000000004,上海,园区开发,19920327,
600604.SH,市北高新,20191225,8.3898,8.4397,8.4896,8.3398,8.4097,0.3567,137052.9,115365.235,0.02999999999999936,上海,园区开发,19920327,
600604.SH,市北高新,20191224,8.3398,8.4097,8.4697,8.2999,8.2999,1.3229,160763.09,135088.857,0.10980000000000167,上海,园区开发,19920327,
600604.SH,市北高新,20191223,8.6894,8.2999,8.7393,8.2699,8.7593,-5.2447,275547.35,234597.538,-0.4594000000000005,上海,园区开发,19920327,
600604.SH,市北高新,20191220,8.8492,8.7593,8.9691,8.7593,8.8093,-0.5676,281212.42,249678.463,-0.05000000000000071,上海,园区开发,19920327,
600604.SH,市北高新,20191219,8.6694,8.8093,8.8792,8.6694,8.7094,1.147,263545.4,231547.832,0.09989999999999988,上海,园区开发,19920327,
600604.SH,市北高新,20191218,8.8492,8.7094,8.9591,8.6794,8.8991,-2.1317,402969.8,355388.175,-0.1897000000000002,上海,园区开发,19920327,
600604.SH,市北高新,20191217,8.4297,8.8991,9.2287,8.3698,8.3898,6.0705,583338.84,522214.168,0.5093000000000014,上海,园区开发,19920327,
600604.SH,市北高新,20191216,8.2799,8.3898,8.4397,8.23,8.23,1.9417,227713.34,190160.879,0.15979999999999883,上海,园区开发,19920327,
600604.SH,市北高新,20191213,8.17,8.23,8.3398,8.1201,8.0901,1.7293,208282.23,171881.994,0.1399000000000008,上海,园区开发,19920327,
600604.SH,市北高新,20191212,8.1101,8.0901,8.19,8.0702,8.16,-0.8566,129056.75,104888.32,-0.06990000000000052,上海,园区开发,19920327,
600604.SH,市北高新,20191211,8.2499,8.16,8.3199,8.1201,8.3199,-1.9219,201372.19,165123.808,-0.15990000000000038,上海,园区开发,19920327,
600604.SH,市北高新,20191210,8.0402,8.3199,8.4097,7.9703,8.0302,3.6076,348831.97,287780.855,0.28969999999999985,上海,园区开发,19920327,
600604.SH,市北高新,20191209,8.0402,8.0302,8.0702,8.0002,8.0302,0.0,104885.1,84301.863,0.0,上海,园区开发,19920327,
600604.SH,市北高新,20191206,8.0602,8.0302,8.1101,8.0002,8.0502,-0.2484,103097.59,82943.167,-0.019999999999999574,上海,园区开发,19920327,
600604.SH,市北高新,20191205,7.9903,8.0502,8.0901,7.9603,7.9603,1.1294,156249.45,125494.121,0.08990000000000009,上海,园区开发,19920327,
600604.SH,市北高新,20191204,7.8804,7.9603,8.0402,7.8404,7.9403,0.2519,125121.95,99644.414,0.020000000000000462,上海,园区开发,19920327,
600604.SH,市北高新,20191203,7.7905,7.9403,7.9503,7.6507,7.8305,1.4022,182052.36,142687.103,0.1097999999999999,上海,园区开发,19920327,
600604.SH,市北高新,20191202,7.8205,7.8305,7.9303,7.8005,7.7905,0.5134,92872.5,73117.685,0.040000000000000036,上海,园区开发,19920327,
600604.SH,市北高新,20191129,7.8904,7.7905,7.9104,7.7406,7.8804,-1.1408,120697.24,94057.51,-0.08990000000000009,上海,园区开发,19920327,
600604.SH,市北高新,20191128,7.9503,7.8804,8.0402,7.8604,7.9703,-1.1279,103205.53,82001.064,-0.08990000000000009,上海,园区开发,19920327,
600604.SH,市北高新,20191127,8.0801,7.9703,8.0901,7.9503,8.0402,-0.8694,87735.08,70283.902,-0.06990000000000052,上海,园区开发,19920327,
600604.SH,市北高新,20191126,8.1201,8.0402,8.16,8.0402,8.0901,-0.6168,75182.92,60770.547,-0.04989999999999917,上海,园区开发,19920327,
600604.SH,市北高新,20191125,8.1201,8.0901,8.21,8.0202,8.1201,-0.3695,90746.6,73590.284,-0.030000000000001137,上海,园区开发,19920327,
600604.SH,市北高新,20191122,8.21,8.1201,8.3498,8.1101,8.21,-1.095,126342.41,103943.15,-0.08990000000000009,上海,园区开发,19920327,
600604.SH,市北高新,20191121,8.19,8.21,8.2799,8.1401,8.2699,-0.7243,106274.43,87334.91,-0.059899999999998954,上海,园区开发,19920327,
600604.SH,市北高新,20191120,8.22,8.2699,8.4397,8.2,8.2799,-0.1208,158046.45,131189.875,-0.009999999999999787,上海,园区开发,19920327,
600604.SH,市北高新,20191119,8.1401,8.2799,8.4597,8.0901,8.1301,1.8425,163559.39,135915.756,0.14979999999999905,上海,园区开发,19920327,
600604.SH,市北高新,20191118,8.0702,8.1301,8.19,7.9403,8.0502,0.9925,123920.4,100389.48,0.0799000000000003,上海,园区开发,19920327,
600604.SH,市北高新,20191115,8.3199,8.0502,8.3498,8.0402,8.2999,-3.0085,152823.38,124579.787,-0.24969999999999892,上海,园区开发,19920327,
600604.SH,市北高新,20191114,8.2899,8.2999,8.3898,8.21,8.2899,0.1206,103887.88,86228.018,0.009999999999999787,上海,园区开发,19920327,
600604.SH,市北高新,20191113,8.3298,8.2899,8.4597,8.2599,8.3798,-1.0728,99511.8,83019.402,-0.08990000000000009,上海,园区开发,19920327,
600604.SH,市北高新,20191112,8.3398,8.3798,8.4497,8.22,8.3898,-0.1192,129254.18,107726.944,-0.009999999999999787,上海,园区开发,19920327,
600604.SH,市北高新,20191111,8.7194,8.3898,8.7194,8.3398,8.8093,-4.762,210118.69,178554.729,-0.4195000000000011,上海,园区开发,19920327,
600604.SH,市北高新,20191108,8.6994,8.8093,8.8991,8.6894,8.6894,1.3798,194830.73,171572.019,0.11990000000000123,上海,园区开发,19920327,
600604.SH,市北高新,20191107,8.5995,8.6894,8.7693,8.5895,8.6295,0.6941,148828.51,129216.676,0.059899999999998954,上海,园区开发,19920327,
600604.SH,市北高新,20191106,8.8492,8.6295,8.8892,8.5895,8.8592,-2.5928,182173.75,159037.335,-0.22969999999999935,上海,园区开发,19920327,
600604.SH,市北高新,20191105,8.989,8.8592,9.019,8.7294,8.999,-1.5535,201050.84,178196.186,-0.13980000000000103,上海,园区开发,19920327,
600604.SH,市北高新,20191104,9.0889,8.999,9.0889,8.9291,9.019,-0.2218,181904.83,163757.523,-0.019999999999999574,上海,园区开发,19920327,
600604.SH,市北高新,20191101,8.8192,9.019,9.0789,8.6694,8.8192,2.2655,215776.37,192531.571,0.19979999999999976,上海,园区开发,19920327,
600604.SH,市北高新,20191031,9.0689,8.8192,9.1289,8.7693,9.039,-2.4317,249450.46,222329.862,-0.21979999999999933,上海,园区开发,19920327,
600604.SH,市北高新,20191030,9.1588,9.039,9.4485,8.989,9.2587,-2.3729,283345.42,259658.212,-0.21969999999999956,上海,园区开发,19920327,
600604.SH,市北高新,20191029,9.4685,9.2587,9.6882,9.2587,9.5284,-2.8305,462547.54,439467.891,-0.2697000000000003,上海,园区开发,19920327,
600604.SH,市北高新,20191028,9.3786,9.5284,9.5983,9.0889,9.4385,0.9525,521727.43,491152.158,0.08990000000000009,上海,园区开发,19920327,
600604.SH,市北高新,20191025,8.9391,9.4385,9.7881,8.8093,8.9691,5.2335,562311.42,522422.202,0.46940000000000026,上海,园区开发,19920327,
600604.SH,市北高新,20191024,8.7094,8.9691,9.1788,8.6395,8.8492,1.3549,303514.53,271915.613,0.11989999999999945,上海,园区开发,19920327,
600604.SH,市北高新,20191023,8.8392,8.8492,9.0889,8.8392,8.7593,1.0263,256696.03,230232.43,0.08990000000000009,上海,园区开发,19920327,
600604.SH,市北高新,20191022,8.7393,8.7593,8.8392,8.6794,8.7693,-0.114,131622.1,115318.802,-0.009999999999999787,上海,园区开发,19920327,
600604.SH,市北高新,20191021,8.6694,8.7693,8.989,8.3398,8.6594,1.2691,199294.64,172625.502,0.10989999999999966,上海,园区开发,19920327,
600604.SH,市北高新,20191018,8.8792,8.6594,8.8991,8.5695,8.8792,-2.4754,198648.86,173454.259,-0.2198000000000011,上海,园区开发,19920327,
600604.SH,市北高新,20191017,8.999,8.8792,9.0689,8.8192,9.019,-1.5501,168574.44,150744.635,-0.13979999999999926,上海,园区开发,19920327,
600604.SH,市北高新,20191016,9.1089,9.019,9.2487,8.999,9.039,-0.2213,163561.88,149192.255,-0.019999999999999574,上海,园区开发,19920327,
600604.SH,市北高新,20191015,9.1688,9.039,9.3086,9.009,9.2487,-2.2673,185929.33,169719.59,-0.20969999999999978,上海,园区开发,19920327,
600604.SH,市北高新,20191014,9.2188,9.2487,9.4385,9.1688,9.1688,0.8714,234931.43,218820.934,0.0799000000000003,上海,园区开发,19920327,
600604.SH,市北高新,20191011,9.1189,9.1688,9.3286,9.0889,9.1688,0.0,215546.88,198957.264,0.0,上海,园区开发,19920327,
600604.SH,市北高新,20191010,9.039,9.1688,9.3786,8.9091,9.019,1.6609,245966.46,224940.836,0.14979999999999905,上海,园区开发,19920327,
600604.SH,市北高新,20191009,8.7893,9.019,9.029,8.5895,8.8492,1.9188,156690.77,138552.742,0.1698000000000004,上海,园区开发,19920327,
600604.SH,市北高新,20191008,8.7793,8.8492,8.9291,8.7294,8.7393,1.2575,157095.44,138963.568,0.10989999999999966,上海,园区开发,19920327,
600604.SH,市北高新,20190930,8.9491,8.7393,9.029,8.7094,8.9391,-2.2351,168205.07,149081.644,-0.19979999999999976,上海,园区开发,19920327,
600604.SH,市北高新,20190927,8.9091,8.9391,9.0789,8.7294,8.9191,0.2242,204453.93,183271.619,0.019999999999999574,上海,园区开发,19920327,
600604.SH,市北高新,20190926,9.5484,8.9191,9.6582,8.8892,9.5384,-6.4927,440607.58,403262.93,-0.6192999999999991,上海,园区开发,19920327,
600604.SH,市北高新,20190925,9.7981,9.5384,9.9778,9.5384,9.878,-3.4379,290112.97,283924.532,-0.3396000000000008,上海,园区开发,19920327,
600604.SH,市北高新,20190924,9.9579,9.878,10.0677,9.848,9.9978,-1.1983,260330.26,258797.76,-0.11979999999999968,上海,园区开发,19920327,
600604.SH,市北高新,20190923,10.1177,9.9978,10.2076,9.878,10.2275,-2.2459,317264.1,317270.251,-0.22969999999999935,上海,园区开发,19920327,
600604.SH,市北高新,20190920,10.2275,10.2275,10.4772,10.0477,10.3074,-0.7752,445939.13,458691.846,-0.0799000000000003,上海,园区开发,19920327,
600604.SH,市北高新,20190919,10.2175,10.3074,10.4473,9.9279,10.1576,1.4748,579290.52,591027.677,0.14979999999999905,上海,园区开发,19920327,
600604.SH,市北高新,20190918,9.7481,10.1576,10.4872,9.7381,9.6882,4.8451,685098.2,697281.731,0.46940000000000026,上海,园区开发,19920327,
600604.SH,市北高新,20190917,10.0977,9.6882,10.1177,9.5883,10.0977,-4.0554,489761.4,478438.208,-0.40949999999999953,上海,园区开发,19920327,
600604.SH,市北高新,20190916,10.2775,10.0977,10.2875,9.9878,10.2775,-1.7495,476003.58,481955.774,-0.17980000000000018,上海,园区开发,19920327,
600604.SH,市北高新,20190912,10.2875,10.2775,10.667,10.2175,10.2974,-0.1933,566366.25,590402.092,-0.019899999999999807,上海,园区开发,19920327,
600604.SH,市北高新,20190911,10.1177,10.2974,10.5471,10.0178,10.0677,2.2816,734382.82,760729.283,0.22969999999999935,上海,园区开发,19920327,
600604.SH,市北高新,20190910,10.2175,10.0677,10.2175,9.9079,10.2275,-1.5625,535786.14,539144.696,-0.15979999999999883,上海,园区开发,19920327,
600604.SH,市北高新,20190909,9.7481,10.2275,10.3174,9.5384,9.5783,6.7778,826305.37,823357.31,0.6491999999999987,上海,园区开发,19920327,
600604.SH,市北高新,20190906,9.7881,9.5783,9.838,9.4185,9.6382,-0.6215,436810.11,418241.412,-0.059899999999998954,上海,园区开发,19920327,
600604.SH,市北高新,20190905,9.4385,9.6382,9.858,9.3286,9.3486,3.0978,786078.2,761773.364,0.2896000000000001,上海,园区开发,19920327,
600604.SH,市北高新,20190904,9.0989,9.3486,9.5384,9.019,9.1289,2.4066,552863.06,513732.702,0.21969999999999956,上海,园区开发,19920327,
600604.SH,市北高新,20190903,9.1089,9.1289,9.1688,9.009,9.0789,0.5507,319189.05,290268.062,0.049999999999998934,上海,园区开发,19920327,
600604.SH,市北高新,20190902,8.9391,9.0789,9.1189,8.9391,8.8692,2.3644,304745.46,276069.857,0.20970000000000155,上海,园区开发,19920327,
600604.SH,市北高新,20190830,9.3786,8.8692,9.3786,8.8592,9.1888,-3.4781,414846.42,377353.353,-0.3196000000000012,上海,园区开发,19920327,
600604.SH,市北高新,20190829,9.3286,9.1888,9.3686,9.1389,9.3486,-1.7093,383008.4,354127.925,-0.15979999999999883,上海,园区开发,19920327,
600604.SH,市北高新,20190828,9.2887,9.3486,9.4585,9.2088,9.4485,-1.0573,404780.24,377163.661,-0.09989999999999988,上海,园区开发,19920327,
600604.SH,市北高新,20190827,9.3985,9.4485,9.5783,9.3186,9.3786,0.7453,501604.58,475774.779,0.06989999999999874,上海,园区开发,19920327,
600604.SH,市北高新,20190826,9.3486,9.3786,9.6183,9.1089,9.7681,-3.9875,589788.22,550760.572,-0.38949999999999996,上海,园区开发,19920327,
600604.SH,市北高新,20190823,9.5184,9.7681,10.1476,9.3386,9.5583,2.195,871070.69,851669.147,0.20980000000000132,上海,园区开发,19920327,
600604.SH,市北高新,20190822,9.858,9.5583,10.1576,9.5583,9.5084,0.5248,1297265.72,1276018.469,0.04989999999999917,上海,园区开发,19920327,
600604.SH,市北高新,20190821,8.6894,9.5084,9.5084,8.6594,8.6395,10.0573,671150.3,615268.358,0.8689,上海,园区开发,19920327,
600604.SH,市北高新,20190820,8.8492,8.6395,8.9391,8.5695,8.7693,-1.4802,546906.12,478559.209,-0.12979999999999947,上海,园区开发,19920327,
600604.SH,市北高新,20190819,8.6295,8.7693,8.7693,8.4896,8.4797,3.4152,457513.96,396073.221,0.2896000000000001,上海,园区开发,19920327,
600604.SH,市北高新,20190816,8.5995,8.4797,8.6794,8.4397,8.5895,-1.2783,337628.87,288783.102,-0.1097999999999999,上海,园区开发,19920327,
600604.SH,市北高新,20190815,8.2,8.5895,8.6694,8.1301,8.5396,0.5843,409428.65,344525.516,0.04989999999999917,上海,园区开发,19920327,
600604.SH,市北高新,20190814,8.7194,8.5396,8.7593,8.4996,8.5296,0.1172,323647.51,280251.203,0.009999999999999787,上海,园区开发,19920327,
600604.SH,市北高新,20190813,8.6994,8.5296,8.7893,8.4896,8.7294,-2.2888,263750.4,226973.64,-0.19979999999999976,上海,园区开发,19920327,
600604.SH,市北高新,20190812,8.5596,8.7294,8.7793,8.5596,8.5995,1.5106,259059.38,225130.269,0.12989999999999924,上海,园区开发,19920327,
600604.SH,市北高新,20190809,8.989,8.5995,9.039,8.5396,8.8192,-2.4912,368958.1,324922.681,-0.21969999999999956,上海,园区开发,19920327,
600604.SH,市北高新,20190808,8.9291,8.8192,8.9791,8.6694,8.7194,1.1446,346149.3,305981.351,0.09980000000000011,上海,园区开发,19920327,
600604.SH,市北高新,20190807,8.7094,8.7194,9.049,8.5695,8.5695,1.7492,483094.68,425100.865,0.1499000000000006,上海,园区开发,19920327,
600604.SH,市北高新,20190806,8.8392,8.5695,8.8392,8.2,9.039,-5.1942,513679.85,435992.795,-0.46950000000000003,上海,园区开发,19920327,
600604.SH,市北高新,20190805,9.0989,9.039,9.2587,8.9791,9.0889,-0.549,320949.39,292677.36,-0.049900000000000944,上海,园区开发,19920327,
600604.SH,市北高新,20190802,9.0689,9.0889,9.2887,8.8692,9.4485,-3.8059,483328.1,438161.164,-0.3595999999999986,上海,园区开发,19920327,
600604.SH,市北高新,20190801,9.3686,9.4485,9.6482,9.2188,9.5484,-1.0462,406243.3,384168.064,-0.09990000000000165,上海,园区开发,19920327,
600604.SH,市北高新,20190731,9.9479,9.5484,10.1676,9.5484,10.6071,-9.9811,777853.47,758847.388,-1.0587,上海,园区开发,19920327,
600604.SH,市北高新,20190730,10.5871,10.6071,10.8268,10.5571,10.5372,0.6634,274796.72,293705.596,0.06990000000000052,上海,园区开发,19920327,
600604.SH,市北高新,20190729,10.9167,10.5372,10.9167,10.5072,10.7469,-1.9513,232751.9,247655.031,-0.20969999999999978,上海,园区开发,19920327,
600604.SH,市北高新,20190726,10.9067,10.7469,10.9367,10.5172,10.8468,-0.921,272586.47,292811.796,-0.09989999999999988,上海,园区开发,19920327,
600604.SH,市北高新,20190725,10.9167,10.8468,11.0365,10.7968,10.9167,-0.6403,228065.03,248531.579,-0.06990000000000052,上海,园区开发,19920327,
600604.SH,市北高新,20190724,10.8767,10.9167,11.1164,10.7868,10.9167,0.0,321463.42,353420.491,0.0,上海,园区开发,19920327,
600604.SH,市北高新,20190723,10.677,10.9167,10.9367,9.9978,10.8568,0.5517,434701.37,456059.116,0.05990000000000073,上海,园区开发,19920327,
600604.SH,市北高新,20190722,12.1752,10.8568,12.1752,10.8568,12.0653,-10.0163,617111.74,683341.28,-1.2085000000000008,上海,园区开发,19920327,
600604.SH,市北高新,20190719,12.0054,12.0653,12.2251,11.9454,12.0054,0.4989,219305.07,265408.928,0.05990000000000073,上海,园区开发,19920327,
600604.SH,市北高新,20190718,12.325,12.0054,12.325,11.9854,12.4548,-3.6082,234094.43,284581.644,-0.4494000000000007,上海,园区开发,19920327,
600604.SH,市北高新,20190717,12.305,12.4548,12.7644,12.1152,12.295,1.2997,346502.18,433569.469,0.1598000000000006,上海,园区开发,19920327,
600604.SH,市北高新,20190716,12.285,12.295,12.4149,12.2451,12.285,0.0814,183983.22,226883.734,0.009999999999999787,上海,园区开发,19920327,
600604.SH,市北高新,20190715,12.1552,12.285,12.4248,11.9155,12.1752,0.9018,232729.8,284623.653,0.1097999999999999,上海,园区开发,19920327,
600604.SH,市北高新,20190712,11.9354,12.1752,12.265,11.8456,11.9454,1.9238,254932.16,307297.94,0.2298000000000009,上海,园区开发,19920327,
600604.SH,市北高新,20190711,12.2551,11.9454,12.4548,11.7856,12.1951,-2.0475,306349.65,371916.27,-0.2497000000000007,上海,园区开发,19920327,
600604.SH,市北高新,20190710,12.6546,12.1951,12.7544,12.1052,12.6845,-3.8583,310828.09,385450.043,-0.48939999999999984,上海,园区开发,19920327,
600604.SH,市北高新,20190709,13.0041,12.6845,13.104,12.4748,13.3038,-4.6551,460590.19,587439.366,-0.6193000000000008,上海,园区开发,19920327,
600604.SH,市北高新,20190708,13.2938,13.3038,13.8731,13.134,13.3837,-0.597,527054.39,713471.293,-0.07989999999999853,上海,园区开发,19920327,
600604.SH,市北高新,20190705,13.2339,13.3837,13.5535,13.0441,13.2339,1.1319,260371.97,347073.934,0.14979999999999905,上海,园区开发,19920327,
600604.SH,市北高新,20190704,13.3737,13.2339,13.5635,13.1939,13.3637,-0.9713,247394.98,329993.094,-0.12979999999999947,上海,园区开发,19920327,
600604.SH,市北高新,20190703,13.4636,13.3637,13.6733,13.3437,13.3537,0.0749,331520.12,448332.432,0.009999999999999787,上海,园区开发,19920327,
600604.SH,市北高新,20190702,13.6534,13.3537,13.6833,13.2538,13.5934,-1.7634,321062.86,431604.2,-0.2397000000000009,上海,园区开发,19920327,
600604.SH,市北高新,20190701,13.6034,13.5934,13.7432,13.4436,13.2638,2.485,342350.71,466095.482,0.329600000000001,上海,园区开发,19920327,
600604.SH,市北高新,20190628,13.5335,13.2638,13.6534,13.2339,13.5934,-2.4247,363133.25,486722.833,-0.329600000000001,上海,园区开发,19920327,
600604.SH,市北高新,20190627,13.7632,13.5934,13.943,13.5834,13.7532,-1.1619,362582.8,497701.843,-0.15979999999999883,上海,园区开发,19920327,
600604.SH,市北高新,20190626,13.8631,13.7532,14.0329,13.7133,14.1428,-2.7548,330448.74,458334.134,-0.3895999999999997,上海,园区开发,19920327,
600604.SH,市北高新,20190625,13.7832,14.1428,14.5423,13.3637,13.7732,2.6835,611854.16,849549.903,0.36960000000000015,上海,园区开发,19920327,
600604.SH,市北高新,20190624,13.933,13.7732,14.0828,13.6534,14.0029,-1.6404,409129.53,566072.207,-0.22970000000000113,上海,园区开发,19920327,
600604.SH,市北高新,20190621,13.8731,14.0029,14.3725,13.7233,13.7033,2.1863,748976.38,1053574.762,0.29959999999999987,上海,园区开发,19920327,
600604.SH,市北高新,20190620,13.3837,13.7033,13.933,13.2838,13.5435,1.1799,517175.28,707071.471,0.1598000000000006,上海,园区开发,19920327,
600604.SH,市北高新,20190619,13.8531,13.5435,13.9829,13.5035,13.2738,2.0318,498350.69,684083.482,0.2697000000000003,上海,园区开发,19920327,
600604.SH,市北高新,20190618,13.3537,13.2738,13.5035,13.0441,13.2738,0.0,229050.52,303922.638,0.0,上海,园区开发,19920327,
600604.SH,市北高新,20190617,13.3737,13.2738,13.5734,13.134,13.3337,-0.4492,292348.61,389750.003,-0.05990000000000073,上海,园区开发,19920327,
600604.SH,市北高新,20190614,14.0728,13.3337,14.0728,13.134,14.0728,-5.252,681258.65,925894.493,-0.7391000000000005,上海,园区开发,19920327,
600604.SH,市北高新,20190613,14.3026,14.0728,14.722,13.8931,14.3425,-1.8804,786341.24,1119734.149,-0.2696999999999985,上海,园区开发,19920327,
600604.SH,市北高新,20190612,14.0828,14.3425,14.4724,13.953,14.2127,0.9133,921196.39,1311883.708,0.12979999999999947,上海,园区开发,19920327,
600604.SH,市北高新,20190611,12.9942,14.2127,14.2127,12.8443,12.9242,9.9697,963869.66,1325562.274,1.288499999999999,上海,园区开发,19920327,
600604.SH,市北高新,20190610,12.6945,12.9242,13.2638,12.4948,12.6546,2.1305,375188.28,483005.947,0.2696000000000005,上海,园区开发,19920327,
600604.SH,市北高新,20190606,13.5635,12.6546,13.6833,12.4848,13.5635,-6.7011,548890.58,713270.904,-0.9088999999999992,上海,园区开发,19920327,
600604.SH,市北高新,20190605,13.913,13.5635,13.9829,13.124,13.6534,-0.6584,528522.59,718111.94,-0.08990000000000009,上海,园区开发,19920327,
600604.SH,市北高新,20190604,14.1827,13.6534,14.1827,13.5734,14.2926,-4.4722,552811.72,765513.873,-0.6392000000000007,上海,园区开发,19920327,
600604.SH,市北高新,20190603,14.2826,14.2926,14.782,14.1428,14.2526,0.2807,593249.7,859740.62,0.040000000000000924,上海,园区开发,19920327,
600604.SH,市北高新,20190531,14.5822,14.2526,14.6521,14.1827,14.5523,-2.0595,586244.63,845434.252,-0.2997000000000014,上海,园区开发,19920327,
600604.SH,市北高新,20190530,13.9929,14.5523,14.8519,13.9929,14.6521,-0.6811,711453.18,1030243.5,-0.09980000000000011,上海,园区开发,19920327,
600604.SH,市北高新,20190529,14.8219,14.6521,14.9817,14.4923,14.5423,0.755,899185.78,1328095.316,0.10980000000000167,上海,园区开发,19920327,
600604.SH,市北高新,20190528,15.1715,14.5423,15.541,14.4923,14.3825,1.1111,1374347.31,2070549.504,0.15979999999999883,上海,园区开发,19920327,
600604.SH,市北高新,20190527,13.6234,14.3825,14.6222,13.5535,13.933,3.2262,857594.78,1219240.366,0.44950000000000045,上海,园区开发,19920327,
600604.SH,市北高新,20190524,14.8819,13.933,15.1116,13.903,14.6322,-4.7785,1222263.68,1768131.136,-0.6991999999999994,上海,园区开发,19920327,
600604.SH,市北高新,20190523,13.1939,14.6322,14.6322,12.9043,13.3038,9.9851,802496.85,1130828.285,1.3283999999999985,上海,园区开发,19920327,
600604.SH,市北高新,20190522,13.4836,13.3038,13.7233,13.144,13.7233,-3.0568,637341.88,857920.848,-0.4194999999999993,上海,园区开发,19920327,
600604.SH,市北高新,20190521,12.6346,13.7233,13.8831,12.6246,12.7445,7.6802,844035.88,1139587.856,0.9787999999999997,上海,园区开发,19920327,
600604.SH,市北高新,20190520,12.8543,12.7445,12.9642,12.0054,12.8643,-0.9313,460024.6,577071.306,-0.11979999999999968,上海,园区开发,19920327,
600604.SH,市北高新,20190517,13.6833,12.8643,13.8231,12.7045,13.6833,-5.9854,664308.15,883405.227,-0.8189999999999991,上海,园区开发,19920327,
600604.SH,市北高新,20190516,13.8731,13.6833,14.1827,13.3937,13.9829,-2.1426,727132.57,1003498.446,-0.29960000000000164,上海,园区开发,19920327,
600604.SH,市北高新,20190515,14.0627,13.9829,14.2422,13.5142,13.7336,1.8153,758223.73,1058878.555,0.24930000000000163,上海,园区开发,19920327,
600604.SH,市北高新,20190514,13.1451,13.7336,14.6112,13.0454,13.4443,2.1518,997028.77,1396795.326,0.289299999999999,上海,园区开发,19920327,
600604.SH,市北高新,20190513,12.8459,13.4443,13.7435,12.7861,13.185,1.9666,796349.06,1059113.33,0.25929999999999964,上海,园区开发,19920327,
600604.SH,市北高新,20190510,12.7961,13.185,13.2249,12.0181,12.3971,6.3555,820743.3,1058016.079,0.7879000000000005,上海,园区开发,19920327,
600604.SH,市北高新,20190509,12.3473,12.3971,12.9257,12.2675,12.6664,-2.1261,455821.3,575570.358,-0.26929999999999943,上海,园区开发,19920327,
600604.SH,市北高新,20190508,12.2276,12.6664,13.195,12.078,12.7661,-0.781,635124.79,807423.115,-0.09970000000000034,上海,园区开发,19920327,
600604.SH,市北高新,20190507,12.5766,12.7661,12.9457,11.9882,12.447,2.5637,622549.23,787307.064,0.3191000000000006,上海,园区开发,19920327,
600604.SH,市北高新,20190506,12.9656,12.447,13.3745,12.447,13.8333,-10.0215,652535.29,838339.185,-1.3863000000000003,上海,园区开发,19920327,
600604.SH,市北高新,20190430,13.3646,13.8333,14.2522,13.3247,13.2449,4.4425,766765.34,1061441.238,0.5884,上海,园区开发,19920327,
600604.SH,市北高新,20190429,13.953,13.2449,14.2422,13.1651,13.953,-5.0749,811444.61,1105702.426,-0.7081,上海,园区开发,19920327,
600604.SH,市北高新,20190426,14.691,13.953,14.8107,13.8632,15.1598,-7.9605,1068196.14,1538093.554,-1.2068000000000012,上海,园区开发,19920327,
600604.SH,市北高新,20190425,15.6585,15.1598,16.7556,15.1099,16.1372,-6.0568,1374127.23,2192485.691,-0.9773999999999994,上海,园区开发,19920327,
600604.SH,市北高新,20190424,17.703,16.1372,17.9524,15.7782,17.5335,-7.9636,1949916.4,3202292.975,-1.3963,上海,园区开发,19920327,
600604.SH,市北高新,20190423,16.4165,17.5335,17.5335,16.1871,15.9377,10.0127,2126338.34,3607743.407,1.5958000000000006,上海,园区开发,19920327,
600604.SH,市北高新,20190422,14.691,15.9377,15.9377,14.4916,14.4916,9.9789,1882734.89,2957338.99,1.4460999999999995,上海,园区开发,19920327,
600604.SH,市北高新,20190419,14.3719,14.4916,14.711,14.0627,14.312,1.2549,589514.35,850710.829,0.17960000000000065,上海,园区开发,19920327,
600604.SH,市北高新,20190418,14.4118,14.312,14.5414,14.0128,14.701,-2.6461,629990.22,903666.554,-0.3890000000000011,上海,园区开发,19920327,
600604.SH,市北高新,20190417,14.2721,14.701,15.0002,14.1325,14.2622,3.0767,905686.53,1330674.771,0.4388000000000005,上海,园区开发,19920327,
600604.SH,市北高新,20190416,13.8433,14.2622,14.322,13.4643,14.1624,0.7047,633229.67,880797.68,0.09980000000000011,上海,园区开发,19920327,
600604.SH,市北高新,20190415,14.6511,14.1624,14.8805,14.1126,14.6112,-3.0716,614960.95,897974.848,-0.4488000000000003,上海,园区开发,19920327,
600604.SH,市北高新,20190412,14.5813,14.6112,14.9304,14.4317,14.2023,2.8791,707179.8,1041211.23,0.40890000000000093,上海,园区开发,19920327,
600604.SH,市北高新,20190411,14.3021,14.2023,14.721,14.1824,14.3719,-1.1801,521038.52,753695.069,-0.16960000000000086,上海,园区开发,19920327,
600604.SH,市北高新,20190410,14.5614,14.3719,14.6811,14.1624,14.9304,-3.7407,667039.91,963497.054,-0.5585000000000004,上海,园区开发,19920327,
600604.SH,市北高新,20190409,14.2023,14.9304,15.1,13.9929,14.4018,3.6704,979257.83,1446543.159,0.5286000000000008,上海,园区开发,19920327,
600604.SH,市北高新,20190408,15.0301,14.4018,15.1797,14.0228,15.0301,-4.1803,941845.88,1370148.512,-0.6282999999999994,上海,园区开发,19920327,
600604.SH,市北高新,20190404,15.2595,15.0301,15.5587,14.9603,15.3992,-2.3969,904934.72,1380864.267,-0.3691000000000013,上海,园区开发,19920327,
600604.SH,市北高新,20190403,15.3593,15.3992,15.9078,15.2196,15.8579,-2.8926,945361.69,1466881.849,-0.45870000000000033,上海,园区开发,19920327,
600604.SH,市北高新,20190402,15.1997,15.8579,16.5561,14.8506,15.1897,4.399,1733832.53,2757767.103,0.6682000000000006,上海,园区开发,19920327,
600604.SH,市北高新,20190401,14.4118,15.1897,15.3094,14.4118,14.332,5.9845,1226928.11,1834264.464,0.8576999999999995,上海,园区开发,19920327,
600604.SH,市北高新,20190329,14.0128,14.332,14.5215,13.5042,13.8932,3.1584,1053277.25,1488434.458,0.4388000000000005,上海,园区开发,19920327,
600604.SH,市北高新,20190328,14.2522,13.8932,14.6412,13.8134,14.5514,-4.5233,858807.59,1217439.112,-0.658199999999999,上海,园区开发,19920327,
600604.SH,市北高新,20190327,14.5714,14.5514,14.8406,13.7934,14.3918,1.109,1022772.78,1476531.834,0.1595999999999993,上海,园区开发,19920327,
600604.SH,市北高新,20190326,15.3992,14.3918,15.5388,14.2522,15.4391,-6.7834,1249088.71,1837753.193,-1.0473,上海,园区开发,19920327,
600604.SH,市北高新,20190325,16.0674,15.4391,16.5361,15.1698,16.8553,-8.4021,1486871.61,2366165.946,-1.4162,上海,园区开发,19920327,
600604.SH,市北高新,20190322,16.2669,16.8553,17.2542,16.2369,16.576,1.685,1503174.96,2525486.68,0.2792999999999992,上海,园区开发,19920327,
600604.SH,市北高新,20190321,16.3067,16.576,17.5534,15.9577,16.197,2.3399,2010671.79,3383297.204,0.37900000000000134,上海,园区开发,19920327,
600604.SH,市北高新,20190320,16.0375,16.197,16.7356,15.5687,16.0774,0.7439,1390160.9,2254916.877,0.11959999999999837,上海,园区开发,19920327,
600604.SH,市北高新,20190319,15.9876,16.0774,17.2542,15.838,16.965,-5.2319,1559848.38,2576465.091,-0.8875999999999991,上海,园区开发,19920327,
600604.SH,市北高新,20190318,16.6359,16.965,18.3015,15.5089,17.2343,-1.5626,2290685.87,3667068.942,-0.2693000000000012,上海,园区开发,19920327,
600604.SH,市北高新,20190315,17.2642,17.2343,19.8972,16.955,18.1818,-5.2113,2349141.66,4345836.321,-0.947499999999998,上海,园区开发,19920327,
600604.SH,市北高新,20190314,18.3015,18.1818,19.3786,18.1818,20.2064,-10.0196,1064014.31,1971935.064,-2.0245999999999995,上海,园区开发,19920327,
600604.SH,市北高新,20190313,19.5282,20.2064,20.2164,18.2815,18.3812,9.9297,2619261.57,5188980.345,1.8251999999999988,上海,园区开发,19920327,
600604.SH,市北高新,20190312,16.8154,18.3812,18.3812,16.0574,16.7057,10.0295,2246334.62,3950580.546,1.6754999999999995,上海,园区开发,19920327,
600604.SH,市北高新,20190311,14.9803,16.7057,17.0548,14.0627,15.5288,7.5788,2227270.35,3535304.211,1.1768999999999998,上海,园区开发,19920327,
600604.SH,市北高新,20190308,15.5288,15.5288,17.1445,15.5288,17.2542,-9.9999,2047461.81,3276820.558,-1.7254000000000005,上海,园区开发,19920327,
600604.SH,市北高新,20190307,15.459,17.2542,17.2542,15.2894,15.6884,9.9806,2164097.42,3624042.784,1.5658000000000012,上海,园区开发,19920327,
600604.SH,市北高新,20190306,15.6884,15.6884,15.6884,14.4217,14.2622,9.9999,2348126.54,3626926.64,1.4261999999999997,上海,园区开发,19920327,
600604.SH,市北高新,20190305,13.1651,14.2622,14.2622,12.9756,12.9656,10.0003,1160647.75,1606694.446,1.2965999999999998,上海,园区开发,19920327,
600604.SH,市北高新,20190304,12.3074,12.9656,12.9656,11.8486,11.7887,9.9833,2454147.1,3099451.476,1.1768999999999998,上海,园区开发,19920327,
600604.SH,市北高新,20190301,10.7415,11.7887,12.2375,10.4224,11.4696,2.7821,2449064.82,2762253.739,0.3191000000000006,上海,园区开发,19920327,
600604.SH,市北高新,20190228,12.9656,11.4696,14.0228,11.4696,12.7462,-10.0155,3402449.93,4405463.451,-1.2766000000000002,上海,园区开发,19920327,
600604.SH,市北高新,20190227,11.9683,12.7462,12.7462,11.7688,11.5893,9.9825,1902694.46,2392288.447,1.1569000000000003,上海,园区开发,19920327,
600604.SH,市北高新,20190226,11.5893,11.5893,11.5893,11.2302,10.5321,10.0379,881767.82,1021941.08,1.0572,上海,园区开发,19920327,
600604.SH,市北高新,20190225,10.5321,10.5321,10.5321,10.5321,9.5746,10.0004,30999.13,32735.081,0.9574999999999996,上海,园区开发,19920327,
600604.SH,市北高新,20190222,8.5673,9.5746,9.5746,8.5274,8.7069,9.9657,1426270.75,1329802.947,0.867700000000001,上海,园区开发,19920327,
600604.SH,市北高新,20190221,8.1484,8.7069,8.9662,8.0985,8.1484,6.8541,2186681.09,1895352.666,0.5584999999999987,上海,园区开发,19920327,
600604.SH,市北高新,20190220,8.1783,8.1484,8.278,7.9788,8.308,-1.921,1077430.16,878652.105,-0.1595999999999993,上海,园区开发,19920327,
600604.SH,市北高新,20190219,7.8791,8.308,8.3479,7.7295,7.929,4.7799,1667732.16,1351159.322,0.37899999999999956,上海,园区开发,19920327,
600604.SH,市北高新,20190218,7.6597,7.929,8.0387,7.4901,7.5101,5.5778,1286580.67,999692.602,0.41889999999999983,上海,园区开发,19920327,
600604.SH,市北高新,20190215,7.2907,7.5101,7.7594,7.2607,7.4403,0.9381,1192610.39,901833.124,0.06980000000000075,上海,园区开发,19920327,
600604.SH,市北高新,20190214,7.1111,7.4403,7.7295,7.0912,7.0413,5.6666,1407534.92,1052491.599,0.399,上海,园区开发,19920327,
600604.SH,市北高新,20190213,7.0114,7.0413,7.2308,6.8718,6.9815,0.8565,988396.65,700605.224,0.059800000000000075,上海,园区开发,19920327,
600604.SH,市北高新,20190212,6.802,6.9815,6.9915,6.782,6.8618,1.7444,834992.82,578082.748,0.11969999999999992,上海,园区开发,19920327,
600604.SH,市北高新,20190211,6.5327,6.8618,6.9216,6.4529,6.4728,6.0098,750801.4,506852.983,0.38899999999999935,上海,园区开发,19920327,
600604.SH,市北高新,20190201,6.423,6.4728,6.5127,6.2135,6.3631,1.724,695285.93,446577.577,0.10970000000000013,上海,园区开发,19920327,
600604.SH,市北高新,20190131,7.1111,6.3631,7.2308,6.3631,7.0712,-10.0139,1183459.7,796933.068,-0.7081,上海,园区开发,19920327,
600604.SH,市北高新,20190130,7.3505,7.0712,7.4103,6.9416,7.3106,-3.2747,849734.88,608576.37,-0.23939999999999984,上海,园区开发,19920327,
600604.SH,市北高新,20190129,7.7893,7.3106,8.0287,7.1311,7.919,-7.6828,1096075.48,823681.589,-0.6083999999999996,上海,园区开发,19920327,
600604.SH,市北高新,20190128,7.7694,7.919,8.1284,7.53,7.7295,2.4516,1155238.98,910957.174,0.18949999999999978,上海,园区开发,19920327,
600604.SH,市北高新,20190125,8.0287,7.7295,8.1384,7.5899,8.2381,-6.1738,1236223.46,976635.155,-0.5085999999999995,上海,园区开发,19920327,
600604.SH,市北高新,20190124,8.5773,8.2381,8.5773,8.1883,8.6271,-4.509,1502386.42,1256624.805,-0.3890000000000011,上海,园区开发,19920327,
600604.SH,市北高新,20190123,8.0985,8.6271,8.7269,7.9788,8.0487,7.1863,1844074.61,1537026.661,0.5784000000000002,上海,园区开发,19920327,
600604.SH,市北高新,20190122,7.7694,8.0487,8.5374,7.7195,7.7893,3.3302,1863697.84,1521142.978,0.2594000000000003,上海,园区开发,19920327,
600604.SH,市北高新,20190121,7.5001,7.7893,7.9389,7.3106,7.53,3.4436,1351664.48,1035974.42,0.25929999999999964,上海,园区开发,19920327,
600604.SH,市北高新,20190118,7.8592,7.53,7.8592,7.4103,7.8691,-4.3093,1539273.4,1172867.789,-0.3391000000000002,上海,园区开发,19920327,
600604.SH,市北高新,20190117,7.1012,7.8691,7.8691,7.0712,7.151,10.042,2049806.5,1551136.56,0.7181000000000006,上海,园区开发,19920327,
600604.SH,市北高新,20190116,7.1111,7.151,7.4702,6.9416,7.0812,0.9857,1174885.64,847994.399,0.06979999999999986,上海,园区开发,19920327,
600604.SH,市北高新,20190115,7.0912,7.0812,7.1311,6.782,7.2408,-2.2042,999733.92,697480.738,-0.1596000000000002,上海,园区开发,19920327,
600604.SH,市北高新,20190114,7.171,7.2408,7.4901,7.1311,7.171,0.9734,1006388.54,738642.327,0.06979999999999986,上海,园区开发,19920327,
600604.SH,市北高新,20190111,7.1909,7.171,7.3705,7.1111,7.2807,-1.5067,841290.34,607301.293,-0.10970000000000013,上海,园区开发,19920327,
600604.SH,市北高新,20190110,7.53,7.2807,7.6996,7.181,7.6597,-4.948,1324550.6,985216.289,-0.37899999999999956,上海,园区开发,19920327,
600604.SH,市北高新,20190109,7.2308,7.6597,7.7494,7.0413,7.181,6.6662,1752602.59,1295824.828,0.4786999999999999,上海,园区开发,19920327,
600604.SH,市北高新,20190108,7.0513,7.181,7.3306,7.0214,7.0513,1.8394,1214983.97,872236.334,0.1296999999999997,上海,园区开发,19920327,
600604.SH,市北高新,20190107,7.1311,7.0513,7.171,7.0014,7.0613,-0.1416,1068708.61,758301.766,-0.009999999999999787,上海,园区开发,19920327,
600604.SH,市北高新,20190104,6.8419,7.0613,7.2208,6.792,7.0513,0.1418,1174977.71,825936.73,0.009999999999999787,上海,园区开发,19920327,
600604.SH,市北高新,20190103,7.7993,7.0513,7.8592,7.0513,7.8292,-9.9359,1768001.34,1285415.874,-0.7778999999999998,上海,园区开发,19920327,
600604.SH,市北高新,20190102,7.7494,7.8292,8.0686,7.4802,7.6896,1.8154,1334313.39,1043948.952,0.13959999999999972,上海,园区开发,19920327,
600604.SH,市北高新,20181228,7.8093,7.6896,8.1085,7.6198,7.7993,-1.4065,1440491.56,1138634.465,-0.10969999999999924,上海,园区开发,19920327,
600604.SH,市北高新,20181227,7.909,7.7993,8.4576,7.7893,8.0786,-3.4573,2216064.29,1793741.183,-0.2793000000000001,上海,园区开发,19920327,
600604.SH,市北高新,20181226,7.4802,8.0786,8.3179,7.3705,7.5599,6.8612,2083113.78,1636804.252,0.5186999999999999,上海,园区开发,19920327,
600604.SH,市北高新,20181225,7.0812,7.5599,7.8592,7.0114,7.161,5.5705,1850462.97,1375828.007,0.39890000000000025,上海,园区开发,19920327,
600604.SH,市北高新,20181224,7.151,7.161,7.3006,6.9516,7.2707,-1.5088,999255.56,714289.065,-0.10970000000000013,上海,园区开发,19920327,
600604.SH,市北高新,20181221,7.0613,7.2707,7.3206,6.9416,7.171,1.3903,1185560.89,846974.909,0.09969999999999946,上海,园区开发,19920327,
600604.SH,市北高新,20181220,6.8119,7.171,7.4403,6.7621,6.9117,3.7516,1672426.19,1205077.286,0.25930000000000053,上海,园区开发,19920327,
600604.SH,市北高新,20181219,6.782,6.9117,7.1211,6.6224,6.802,1.6128,1236029.53,853817.719,0.10970000000000013,上海,园区开发,19920327,
600604.SH,市北高新,20181218,6.6823,6.802,6.8419,6.5227,6.782,0.2949,917864.61,618225.228,0.019999999999999574,上海,园区开发,19920327,
600604.SH,市北高新,20181217,6.6224,6.782,6.9216,6.5626,6.6025,2.7187,1137451.6,770927.853,0.1795,上海,园区开发,19920327,
600604.SH,市北高新,20181214,7.151,6.6025,7.2508,6.4828,7.2009,-8.3101,1562427.99,1061966.759,-0.5983999999999998,上海,园区开发,19920327,
600604.SH,市北高新,20181213,7.2408,7.2009,7.3605,7.1012,7.3206,-1.6351,1048069.22,759162.421,-0.11969999999999992,上海,园区开发,19920327,
600604.SH,市北高新,20181212,6.9216,7.3206,7.54,6.8119,6.9117,5.9161,1565165.36,1123631.318,0.40890000000000004,上海,园区开发,19920327,
600604.SH,市北高新,20181211,6.8917,6.9117,7.0114,6.772,6.9216,-0.143,713776.1,492146.935,-0.00990000000000002,上海,园区开发,19920327,
600604.SH,市北高新,20181210,6.8119,6.9216,7.0613,6.7321,6.7621,2.3587,980571.04,677700.475,0.15949999999999953,上海,园区开发,19920327,
600604.SH,市北高新,20181207,7.0912,6.7621,7.1012,6.7022,6.9915,-3.2811,1124723.51,778603.135,-0.22940000000000005,上海,园区开发,19920327,
600604.SH,市北高新,20181206,7.0513,6.9915,7.3206,6.9017,7.5899,-7.8842,1869270.48,1328638.625,-0.5983999999999998,上海,园区开发,19920327,
600604.SH,市北高新,20181205,7.5899,7.5899,7.5899,7.5899,8.4276,-9.94,116560.0,88702.16,-0.8376999999999999,上海,园区开发,19920327,
600604.SH,市北高新,20181204,8.0487,8.4276,8.6371,7.9988,8.2381,2.3003,1917881.92,1614272.145,0.18950000000000067,上海,园区开发,19920327,
600604.SH,市北高新,20181203,8.278,8.2381,8.5074,8.1085,8.1185,1.4732,1452800.97,1213891.089,0.11960000000000015,上海,园区开发,19920327,
600604.SH,市北高新,20181130,8.3578,8.1185,8.4476,7.9489,8.308,-2.2809,1235088.17,1009563.771,-0.18950000000000067,上海,园区开发,19920327,
600604.SH,市北高新,20181129,8.4476,8.308,8.667,8.1783,8.5274,-2.5729,1473840.37,1249430.682,-0.21940000000000026,上海,园区开发,19920327,
600604.SH,市北高新,20181128,8.7967,8.5274,8.9463,8.1783,8.8964,-4.1477,1780695.01,1522224.383,-0.3689999999999998,上海,园区开发,19920327,
600604.SH,市北高新,20181127,9.1856,8.8964,9.2156,8.5673,9.1757,-3.0439,1930817.39,1726866.972,-0.279300000000001,上海,园区开发,19920327,
600604.SH,市北高新,20181126,9.1757,9.1757,9.4051,9.1757,10.193,-9.9804,1945231.75,1791407.734,-1.0172999999999988,上海,园区开发,19920327,
600604.SH,市北高新,20181123,10.193,10.193,10.193,10.193,11.3299,-10.0345,124958.0,127707.076,-1.1369000000000007,上海,园区开发,19920327,
600604.SH,市北高新,20181122,11.0806,11.3299,11.3299,10.6817,11.2302,0.8878,2084527.49,2316027.224,0.09970000000000034,上海,园区开发,19920327,
600604.SH,市北高新,20181121,11.0208,11.2302,11.32,10.572,11.0607,1.5325,2816577.5,3110558.344,0.16949999999999932,上海,园区开发,19920327,
600604.SH,市北高新,20181120,10.5021,11.0607,11.0607,10.3426,10.0533,10.0206,3445582.97,3759333.255,1.0074000000000005,上海,园区开发,19920327,
600604.SH,市北高新,20181119,10.0533,10.0533,10.0533,10.0533,9.1358,10.0429,154059.87,155292.349,0.9175000000000004,上海,园区开发,19920327,
600604.SH,市北高新,20181116,9.1358,9.1358,9.1358,9.1358,8.308,9.9639,509596.43,466790.33,0.8277999999999999,上海,园区开发,19920327,
600604.SH,市北高新,20181115,8.308,8.308,8.308,8.308,7.55,10.0397,142574.44,118764.509,0.758,上海,园区开发,19920327,
600604.SH,市北高新,20181114,7.55,7.55,7.55,7.55,6.8618,10.0294,33891.38,25655.775,0.6882000000000001,上海,园区开发,19920327,
600604.SH,市北高新,20181113,6.8618,6.8618,6.8618,6.8618,6.2335,10.0794,27503.4,18922.339,0.6282999999999994,上海,园区开发,19920327,
600604.SH,市北高新,20181112,6.2335,6.2335,6.2335,6.2335,5.665,10.0353,17043.33,10652.081,0.5685000000000002,上海,园区开发,19920327,
600604.SH,市北高新,20181109,5.665,5.665,5.665,5.665,5.1464,10.0769,36506.3,20735.578,0.5186000000000002,上海,园区开发,19920327,
600604.SH,市北高新,20181108,5.1464,5.1464,5.1464,5.1464,4.6776,10.0222,72113.77,37210.705,0.4687999999999999,上海,园区开发,19920327,
600604.SH,市北高新,20181107,4.6776,4.6776,4.6776,4.6776,4.2487,10.0949,53278.47,24987.602,0.4288999999999996,上海,园区开发,19920327,
600604.SH,市北高新,20181106,4.2487,4.2487,4.2487,4.2487,3.8598,10.0757,69702.29,29693.176,0.38890000000000047,上海,园区开发,19920327,
600604.SH,市北高新,20181105,3.5306,3.8598,3.8598,3.4907,3.5107,9.9439,350474.74,131638.642,0.34909999999999997,上海,园区开发,19920327,
600604.SH,市北高新,20181102,3.4608,3.5107,3.5406,3.411,3.4209,2.625,186832.22,65067.218,0.08979999999999988,上海,园区开发,19920327,
600604.SH,市北高新,20181101,3.3711,3.4209,3.4907,3.3711,3.3711,1.4773,143593.27,49322.032,0.049799999999999844,上海,园区开发,19920327,
600604.SH,市北高新,20181031,3.3611,3.3711,3.4209,3.3411,3.3611,0.2975,94658.42,32126.63,0.010000000000000231,上海,园区开发,19920327,
600604.SH,市北高新,20181030,3.2414,3.3611,3.4309,3.2414,3.3112,1.507,96659.84,32367.636,0.049900000000000055,上海,园区开发,19920327,
600604.SH,市北高新,20181029,3.401,3.3112,3.4209,3.3012,3.4309,-3.4889,104702.16,35079.646,-0.11969999999999992,上海,园区开发,19920327,
600604.SH,市北高新,20181026,3.3611,3.4309,3.5406,3.3411,3.3711,1.7739,175407.79,60437.632,0.05979999999999963,上海,园区开发,19920327,
600604.SH,市北高新,20181025,3.1915,3.3711,3.5905,3.1716,3.3112,1.809,197384.36,66955.935,0.059900000000000286,上海,园区开发,19920327,
600604.SH,市北高新,20181024,3.2713,3.3112,3.3312,3.2314,3.3012,0.3029,89985.67,29664.952,0.009999999999999787,上海,园区开发,19920327,
600604.SH,市北高新,20181023,3.3112,3.3012,3.401,3.2613,3.3411,-1.1942,133308.31,44619.309,-0.039899999999999824,上海,园区开发,19920327,
600604.SH,市北高新,20181022,3.1616,3.3411,3.381,3.1616,3.1716,5.3443,147735.62,48981.539,0.16949999999999976,上海,园区开发,19920327,
600604.SH,市北高新,20181019,3.0419,3.1716,3.1816,3.002,3.0918,2.581,96433.54,30170.753,0.0798000000000001,上海,园区开发,19920327,
600604.SH,市北高新,20181018,3.1616,3.0918,3.1716,3.0519,3.1616,-2.2077,88260.0,27499.71,-0.06979999999999986,上海,园区开发,19920327,
600604.SH,市北高新,20181017,3.1616,3.1616,3.2015,3.1018,3.1217,1.2781,86845.13,27446.042,0.039899999999999824,上海,园区开发,19920327,
600604.SH,市北高新,20181016,3.2613,3.1217,3.2913,3.0719,3.2514,-3.9891,100209.77,32020.692,-0.1296999999999997,上海,园区开发,19920327,
600604.SH,市北高新,20181015,3.3611,3.2514,3.3611,3.2314,3.3511,-2.9751,90503.4,30009.026,-0.09970000000000034,上海,园区开发,19920327,
600604.SH,市北高新,20181012,3.4409,3.3511,3.4907,3.1716,3.5207,-4.8172,175020.24,58028.852,-0.16959999999999997,上海,园区开发,19920327,
600604.SH,市北高新,20181011,3.8099,3.5207,3.8199,3.5207,3.9096,-9.9473,158190.0,57858.081,-0.3889,上海,园区开发,19920327,
600604.SH,市北高新,20181010,3.9396,3.9096,3.9495,3.8797,3.9196,-0.2551,48555.68,19034.142,-0.009999999999999787,上海,园区开发,19920327,
600604.SH,市北高新,20181009,3.9096,3.9196,3.9695,3.8897,3.8897,0.7687,48582.67,19120.951,0.029900000000000038,上海,园区开发,19920327,
600604.SH,市北高新,20181008,3.9595,3.8897,4.0094,3.8897,4.0094,-2.9855,85525.0,33885.331,-0.11970000000000036,上海,园区开发,19920327,
600604.SH,市北高新,20180928,3.9994,4.0094,4.0193,3.9695,3.9595,1.2603,50608.0,20316.605,0.0499000000000005,上海,园区开发,19920327,
600604.SH,市北高新,20180927,4.0792,3.9595,4.0991,3.9495,4.0792,-2.9344,116668.8,46935.656,-0.11970000000000036,上海,园区开发,19920327,
600604.SH,市北高新,20180926,4.0991,4.0792,4.139,4.0592,4.129,-1.2061,109412.49,44974.613,-0.0497999999999994,上海,园区开发,19920327,
600604.SH,市北高新,20180925,4.0592,4.129,4.149,4.0094,4.1091,0.4843,101542.58,41570.171,0.019899999999999807,上海,园区开发,19920327,
600604.SH,市北高新,20180921,4.2487,4.1091,4.3385,4.0892,4.0493,1.4768,171108.06,71286.846,0.059800000000000075,上海,园区开发,19920327,
600604.SH,市北高新,20180920,4.0393,4.0493,4.0892,4.0293,4.0692,-0.489,90475.19,36758.412,-0.019900000000000695,上海,园区开发,19920327,
600604.SH,市北高新,20180919,4.0193,4.0692,4.1191,3.9894,4.0193,1.2415,145985.08,59641.435,0.049900000000000055,上海,园区开发,19920327,
600604.SH,市北高新,20180918,3.9096,4.0193,4.0193,3.9096,3.9595,1.5103,72996.74,29073.907,0.05980000000000052,上海,园区开发,19920327,
600604.SH,市北高新,20180917,4.0193,3.9595,4.0393,3.9495,4.0094,-1.2446,58776.31,23498.725,-0.0499000000000005,上海,园区开发,19920327,
600604.SH,市北高新,20180914,4.0393,4.0094,4.0792,3.9994,4.0393,-0.7402,71448.02,28914.065,-0.029899999999999594,上海,园区开发,19920327,
600604.SH,市北高新,20180913,3.9894,4.0393,4.0493,3.9894,3.9794,1.5053,72523.14,29287.483,0.05989999999999984,上海,园区开发,19920327,
600604.SH,市北高新,20180912,3.9495,3.9794,4.0094,3.9396,3.9595,0.5026,45895.52,18349.623,0.01990000000000025,上海,园区开发,19920327,
600604.SH,市北高新,20180911,3.9794,3.9595,3.9794,3.9096,3.9595,0.0,51348.0,20337.699,0.0,上海,园区开发,19920327,
600604.SH,市北高新,20180910,4.0094,3.9595,4.0592,3.9396,3.9994,-0.9976,69541.0,27773.192,-0.03990000000000027,上海,园区开发,19920327,
600604.SH,市北高新,20180907,3.9994,3.9994,4.0692,3.9695,3.9894,0.2507,70384.05,28348.265,0.010000000000000231,上海,园区开发,19920327,
600604.SH,市北高新,20180906,4.0293,3.9894,4.0592,3.9794,4.0293,-0.9902,68883.0,27731.162,-0.03990000000000027,上海,园区开发,19920327,
600604.SH,市北高新,20180905,4.0193,4.0293,4.0892,4.0094,4.0592,-0.7366,92510.0,37544.279,-0.029899999999999594,上海,园区开发,19920327,
600604.SH,市北高新,20180904,3.9894,4.0592,4.129,3.9794,3.9894,1.7496,125045.73,50922.972,0.06979999999999986,上海,园区开发,19920327,
600604.SH,市北高新,20180903,4.0692,3.9894,4.0892,3.8897,4.0592,-1.7196,161698.28,64418.003,-0.06979999999999986,上海,园区开发,19920327,
600604.SH,市北高新,20180831,4.149,4.0592,4.1989,4.0193,4.1689,-2.6314,189423.14,78234.337,-0.10970000000000013,上海,园区开发,19920327,
600604.SH,市北高新,20180830,4.2288,4.1689,4.2687,4.149,4.2288,-1.4165,171512.05,72197.659,-0.05989999999999984,上海,园区开发,19920327,
600604.SH,市北高新,20180829,4.6078,4.2288,4.6078,4.1989,4.6576,-9.2065,521705.14,227402.899,-0.42880000000000074,上海,园区开发,19920327,
600604.SH,市北高新,20180828,4.6477,4.6576,4.7175,4.6178,4.6776,-0.4276,95834.62,44861.707,-0.019999999999999574,上海,园区开发,19920327,
600604.SH,市北高新,20180827,4.5679,4.6776,4.8272,4.508,4.5479,2.8519,152368.49,71150.243,0.1296999999999997,上海,园区开发,19920327,
600604.SH,市北高新,20180824,4.6477,4.5479,4.6676,4.5479,4.6975,-3.1847,141525.69,65394.199,-0.1495999999999995,上海,园区开发,19920327,
600604.SH,市北高新,20180823,4.8172,4.6975,4.8172,4.6676,4.8272,-2.6869,213979.84,101467.101,-0.1297000000000006,上海,园区开发,19920327,
600604.SH,市北高新,20180822,4.8771,4.8272,5.0067,4.6975,5.0366,-4.1576,325098.04,157612.454,-0.2093999999999996,上海,园区开发,19920327,
600604.SH,市北高新,20180821,5.0267,5.0366,5.286,4.9569,5.0267,0.1969,531963.03,274784.219,0.00990000000000002,上海,园区开发,19920327,
600604.SH,市北高新,20180820,5.0267,5.0267,5.0267,5.0267,4.5679,10.044,169075.04,85213.82,0.4588000000000001,上海,园区开发,19920327,
600604.SH,市北高新,20180817,4.7374,4.5679,4.7973,4.5579,4.7674,-4.1847,136637.94,63931.506,-0.19950000000000045,上海,园区开发,19920327,
600604.SH,市北高新,20180816,4.538,4.7674,4.9369,4.4981,4.6178,3.2396,267765.4,128075.248,0.1496000000000004,上海,园区开发,19920327,
600604.SH,市北高新,20180815,4.508,4.6178,4.6477,4.4382,4.518,2.2089,103355.53,47222.319,0.09980000000000011,上海,园区开发,19920327,
600604.SH,市北高新,20180814,4.528,4.518,4.5679,4.4781,4.528,-0.2208,45801.41,20799.83,-0.009999999999999787,上海,园区开发,19920327,
600604.SH,市北高新,20180813,4.4781,4.528,4.538,4.3983,4.6178,-1.9446,92687.62,41618.628,-0.08980000000000032,上海,园区开发,19920327,
600604.SH,市北高新,20180810,4.4382,4.6178,4.8671,4.4283,4.4283,4.2793,165695.29,76937.152,0.18949999999999978,上海,园区开发,19920327,
600604.SH,市北高新,20180809,4.3086,4.4283,4.4382,4.2986,4.3485,1.8351,60401.59,26668.929,0.07980000000000054,上海,园区开发,19920327,
600604.SH,市北高新,20180808,4.4083,4.3485,4.4183,4.3185,4.4183,-1.5798,51989.0,22759.179,-0.06980000000000075,上海,园区开发,19920327,
600604.SH,市北高新,20180807,4.2288,4.4183,4.4582,4.1989,4.2288,4.4812,76220.07,33273.678,0.18950000000000067,上海,园区开发,19920327,
600604.SH,市北高新,20180806,4.3185,4.2288,4.4283,4.149,4.3784,-3.4168,70712.43,30309.88,-0.1496000000000004,上海,园区开发,19920327,
600604.SH,市北高新,20180803,4.4582,4.3784,4.5479,4.3784,4.4283,-1.1268,62713.17,28054.166,-0.049900000000000055,上海,园区开发,19920327,
600604.SH,市北高新,20180802,4.6078,4.4283,4.6178,4.2986,4.6975,-5.7307,104051.36,46569.38,-0.26919999999999966,上海,园区开发,19920327,
600604.SH,市北高新,20180801,4.7973,4.6975,4.9668,4.6876,4.8172,-2.4848,105812.0,51324.208,-0.11969999999999992,上海,园区开发,19920327,
600604.SH,市北高新,20180731,4.7773,4.8172,4.887,4.7175,4.8172,0.0,85037.66,40818.38,0.0,上海,园区开发,19920327,
600604.SH,市北高新,20180730,4.9668,4.8172,4.9668,4.7773,4.9768,-3.2069,159188.76,77393.466,-0.1596000000000002,上海,园区开发,19920327,
600604.SH,市北高新,20180727,4.7474,4.9768,5.1663,4.6975,4.8072,3.528,254832.59,126742.613,0.16959999999999997,上海,园区开发,19920327,
600604.SH,市北高新,20180726,4.6676,4.8072,4.9369,4.6078,4.6576,3.212,193808.36,93084.234,0.1495999999999995,上海,园区开发,19920327,
600604.SH,市北高新,20180725,4.6178,4.6576,4.6975,4.5779,4.6178,0.8619,100078.42,46508.946,0.0398000000000005,上海,园区开发,19920327,
600604.SH,市北高新,20180724,4.4781,4.6178,4.6576,4.4781,4.508,2.4357,116075.69,53482.989,0.1097999999999999,上海,园区开发,19920327,
600604.SH,市北高新,20180723,4.4681,4.508,4.528,4.4083,4.4881,0.4434,45433.1,20420.951,0.019899999999999807,上海,园区开发,19920327,
600604.SH,市北高新,20180720,4.4582,4.4881,4.4981,4.3983,4.4881,0.0,67021.1,29994.868,0.0,上海,园区开发,19920327,
600604.SH,市北高新,20180719,4.5779,4.4881,4.5878,4.4582,4.5779,-1.9616,42846.08,19355.589,-0.08979999999999944,上海,园区开发,19920327,
600604.SH,市北高新,20180718,4.538,4.5779,4.6178,4.518,4.538,0.8792,73561.02,33712.106,0.03989999999999938,上海,园区开发,19920327,
600604.SH,市北高新,20180717,4.538,4.538,4.5479,4.4482,4.508,0.6655,45516.64,20549.014,0.03000000000000025,上海,园区开发,19920327,
600604.SH,市北高新,20180716,4.538,4.508,4.5679,4.4881,4.528,-0.4417,37926.0,17168.245,-0.019999999999999574,上海,园区开发,19920327,
600604.SH,市北高新,20180713,4.5779,4.528,4.6377,4.4981,4.5779,-1.09,72314.02,33001.308,-0.049900000000000055,上海,园区开发,19920327,
600604.SH,市北高新,20180712,4.2487,4.5779,4.6377,4.2388,4.2986,6.4975,133397.83,60470.802,0.2792999999999992,上海,园区开发,19920327,
600604.SH,市北高新,20180711,4.3983,4.2986,4.4382,4.1789,4.4482,-3.3632,56363.02,24354.02,-0.1495999999999995,上海,园区开发,19920327,
600604.SH,市北高新,20180710,4.3884,4.4482,4.4681,4.3884,4.4083,0.9051,48898.16,21767.524,0.03990000000000027,上海,园区开发,19920327,
600604.SH,市北高新,20180709,4.3584,4.4083,4.4382,4.2687,4.3584,1.1449,49153.0,21605.492,0.049900000000000055,上海,园区开发,19920327,
600604.SH,市北高新,20180706,4.4981,4.3584,4.5579,4.0293,4.4781,-2.673,104305.3,45070.209,-0.1197000000000008,上海,园区开发,19920327,
600604.SH,市北高新,20180705,4.6377,4.4781,4.7075,4.4681,4.6676,-4.0599,61082.35,28162.538,-0.18949999999999978,上海,园区开发,19920327,
600604.SH,市北高新,20180704,4.6876,4.6676,4.7674,4.6178,4.7275,-1.2671,73548.93,34557.1,-0.05989999999999984,上海,园区开发,19920327,
600604.SH,市北高新,20180703,4.6776,4.7275,4.7374,4.5479,4.6576,1.5008,63032.72,29416.478,0.06989999999999963,上海,园区开发,19920327,
600604.SH,市北高新,20180702,4.7374,4.6576,4.7873,4.5878,4.7275,-1.4786,54654.0,25756.499,-0.06989999999999963,上海,园区开发,19920327,
600604.SH,市北高新,20180629,4.6078,4.7275,4.7674,4.6078,4.6078,2.5978,61473.07,29023.759,0.11969999999999992,上海,园区开发,19920327,
600604.SH,市北高新,20180628,4.6377,4.6078,4.7275,4.5978,4.6676,-1.2812,41471.76,19388.404,-0.059800000000000075,上海,园区开发,19920327,
600604.SH,市北高新,20180627,4.7474,4.6676,4.7773,4.6377,4.7374,-1.4734,45816.0,21618.127,-0.06979999999999986,上海,园区开发,19920327,
600604.SH,市北高新,20180626,4.6377,4.7374,4.7474,4.5978,4.7275,0.2094,63765.48,29928.505,0.00990000000000002,上海,园区开发,19920327,
600604.SH,市北高新,20180625,4.7674,4.7275,4.917,4.6676,4.6576,1.5008,78877.24,37632.3,0.06989999999999963,上海,园区开发,19920327,
600604.SH,市北高新,20180622,4.518,4.6576,4.6876,4.518,4.5878,1.5214,60746.24,28266.319,0.06980000000000075,上海,园区开发,19920327,
600604.SH,市北高新,20180621,4.8372,4.5878,4.8372,4.5679,4.7474,-3.3618,88366.71,41576.828,-0.1596000000000002,上海,园区开发,19920327,
600604.SH,市北高新,20180620,4.5479,4.7474,4.9369,4.5479,4.6277,2.5866,124716.85,59648.559,0.11969999999999992,上海,园区开发,19920327,
600604.SH,市北高新,20180619,4.917,4.6277,5.0466,4.6277,5.1364,-9.9038,150840.72,72345.868,-0.5087000000000002,上海,园区开发,19920327,
600604.SH,市北高新,20180615,5.5453,5.1364,5.5453,4.9967,5.4057,-4.9818,210353.74,111042.918,-0.2693000000000003,上海,园区开发,19920327,
600604.SH,市北高新,20180614,4.8771,5.4057,5.4057,4.8372,4.917,9.939,137313.24,73433.695,0.4887000000000006,上海,园区开发,19920327,
600604.SH,市北高新,20180613,5.1563,4.917,5.1962,4.907,5.1962,-5.3732,82625.0,41765.994,-0.27920000000000034,上海,园区开发,19920327,
600604.SH,市北高新,20180612,5.2062,5.1962,5.2062,5.1364,5.1763,0.3844,42716.3,22204.483,0.019899999999999807,上海,园区开发,19920327,
600604.SH,市北高新,20180611,5.2162,5.1763,5.266,5.1164,5.2261,-0.9529,49965.35,25897.705,-0.0497999999999994,上海,园区开发,19920327,
600604.SH,市北高新,20180608,5.4456,5.2261,5.4755,5.0765,5.4954,-4.9005,106492.85,56257.861,-0.2693000000000003,上海,园区开发,19920327,
600604.SH,市北高新,20180607,5.4755,5.4954,5.6351,5.4555,5.4755,0.3634,79845.32,44311.236,0.019899999999999807,上海,园区开发,19920327,
600604.SH,市北高新,20180606,5.5154,5.4755,5.5253,5.4456,5.5353,-1.0803,53136.0,29169.012,-0.059800000000000075,上海,园区开发,19920327,
600604.SH,市北高新,20180605,5.4954,5.5353,5.5353,5.3857,5.4655,1.2771,79189.4,43413.608,0.06980000000000075,上海,园区开发,19920327,
600604.SH,市北高新,20180604,5.6849,5.4655,5.6849,5.4456,5.665,-3.5216,74435.0,41279.97,-0.19950000000000045,上海,园区开发,19920327,
600604.SH,市北高新,20180601,5.6649,5.6649,5.7147,5.5753,5.6649,0.0,51129.96,29015.512,0.0,上海,园区开发,19920327,
600604.SH,市北高新,20180531,5.7246,5.6649,5.7445,5.6251,5.635,0.5306,51116.16,29112.064,0.029900000000000482,上海,园区开发,19920327,
600604.SH,市北高新,20180530,5.9735,5.635,5.9735,5.6051,6.0432,-6.7547,110035.36,63984.885,-0.4081999999999999,上海,园区开发,19920327,
600604.SH,市北高新,20180529,6.0432,6.0432,6.1129,6.0332,6.0432,0.0,36792.02,22406.508,0.0,上海,园区开发,19920327,
600604.SH,市北高新,20180528,6.1029,6.0432,6.1428,6.0432,6.1029,-0.9782,45111.02,27547.528,-0.05970000000000031,上海,园区开发,19920327,
600604.SH,市北高新,20180525,6.1328,6.1029,6.1826,6.093,6.1328,-0.4875,43523.74,26782.487,-0.029899999999999594,上海,园区开发,19920327,
600604.SH,市北高新,20180524,6.1428,6.1328,6.1925,6.1328,6.1627,-0.4852,49163.1,30415.232,-0.029900000000000482,上海,园区开发,19920327,
600604.SH,市北高新,20180523,6.2821,6.1627,6.2921,6.1527,6.2921,-2.0565,67570.0,42230.328,-0.12939999999999952,上海,园区开发,19920327,
600604.SH,市北高新,20180522,6.322,6.2921,6.322,6.2523,6.3717,-1.2493,82833.37,52293.325,-0.07960000000000012,上海,园区开发,19920327,
600604.SH,市北高新,20180521,6.2523,6.3717,6.531,6.2124,6.2124,2.5642,158464.48,101010.55,0.1593,上海,园区开发,19920327,
600604.SH,市北高新,20180518,6.2324,6.2124,6.2324,6.1428,6.1925,0.3214,39809.12,24714.438,0.019899999999999807,上海,园区开发,19920327,
600604.SH,市北高新,20180517,6.2523,6.1925,6.2821,6.1826,6.1925,0.0,42212.0,26381.043,0.0,上海,园区开发,19920327,
600604.SH,市北高新,20180516,6.2124,6.1925,6.2423,6.1726,6.2324,-0.6402,44507.27,27723.465,-0.03990000000000027,上海,园区开发,19920327,
600604.SH,市北高新,20180515,6.2224,6.2324,6.2423,6.1228,6.2324,0.0,68878.16,42759.472,0.0,上海,园区开发,19920327,
600604.SH,市北高新,20180514,6.2423,6.2324,6.2821,6.2224,6.2423,-0.1586,49749.55,31226.592,-0.00990000000000002,上海,园区开发,19920327,
600604.SH,市北高新,20180511,6.3319,6.2423,6.3319,6.2224,6.312,-1.1042,59906.0,37704.867,-0.0697000000000001,上海,园区开发,19920327,
600604.SH,市北高新,20180510,6.2622,6.312,6.3618,6.1925,6.2523,0.9548,87749.72,55248.954,0.05970000000000031,上海,园区开发,19920327,
600604.SH,市北高新,20180509,6.3021,6.2523,6.3021,6.2124,6.312,-0.9458,60552.16,38043.211,-0.05970000000000031,上海,园区开发,19920327,
600604.SH,市北高新,20180508,6.2821,6.312,6.3319,6.2423,6.2821,0.476,77811.0,49160.817,0.029900000000000482,上海,园区开发,19920327,
600604.SH,市北高新,20180507,6.2523,6.2821,6.3021,6.1826,6.2324,0.7974,65750.27,41377.387,0.04969999999999963,上海,园区开发,19920327,
600604.SH,市北高新,20180504,6.2523,6.2324,6.2921,6.1925,6.2722,-0.6345,61875.59,38755.388,-0.03979999999999961,上海,园区开发,19920327,
600604.SH,市北高新,20180503,6.1726,6.2722,6.2722,6.1627,6.2124,0.9626,74635.04,46638.088,0.059800000000000075,上海,园区开发,19920327,
600604.SH,市北高新,20180502,6.3618,6.2124,6.4215,6.1527,6.4016,-2.9555,132868.74,83564.943,-0.18920000000000048,上海,园区开发,19920327,
600604.SH,市北高新,20180427,6.3917,6.4016,6.531,6.3021,6.6406,-3.5991,232743.02,149834.655,-0.23899999999999988,上海,园区开发,19920327,
600604.SH,市北高新,20180426,6.8496,6.6406,7.1184,6.6107,6.4713,2.6162,469110.7,327309.948,0.16929999999999978,上海,园区开发,19920327,
600604.SH,市北高新,20180425,6.3618,6.4713,6.4912,6.2921,6.3817,1.404,115494.75,74221.012,0.0895999999999999,上海,园区开发,19920327,
600604.SH,市北高新,20180424,6.2224,6.3817,6.4016,6.2224,6.2224,2.5601,60815.36,38655.99,0.1593,上海,园区开发,19920327,
600604.SH,市北高新,20180423,6.1925,6.2224,6.2523,6.1129,6.1627,0.9687,41949.7,26062.325,0.05970000000000031,上海,园区开发,19920327,
600604.SH,市北高新,20180420,6.312,6.1627,6.3618,6.1527,6.3419,-2.8257,59345.0,37370.314,-0.1791999999999998,上海,园区开发,19920327,
600604.SH,市北高新,20180419,6.322,6.3419,6.4116,6.3021,6.322,0.3148,52487.41,33476.75,0.019899999999999807,上海,园区开发,19920327,
600604.SH,市北高新,20180418,6.3021,6.322,6.3419,6.1726,6.2025,1.9266,51772.0,32581.472,0.11950000000000038,上海,园区开发,19920327,
600604.SH,市北高新,20180417,6.4116,6.2025,6.4514,6.1925,6.3817,-2.808,70019.57,44536.578,-0.1792000000000007,上海,园区开发,19920327,
600604.SH,市北高新,20180416,6.4713,6.3817,6.4813,6.3319,6.5111,-1.9874,65201.92,41923.922,-0.12939999999999952,上海,园区开发,19920327,
600604.SH,市北高新,20180413,6.4813,6.5111,6.5808,6.4613,6.4912,0.3066,47286.98,30927.384,0.019899999999999807,上海,园区开发,19920327,
600604.SH,市北高新,20180412,6.6007,6.4912,6.6007,6.4813,6.6107,-1.8077,76071.59,49916.922,-0.1194999999999995,上海,园区开发,19920327,
600604.SH,市北高新,20180411,6.5808,6.6107,6.7302,6.5609,6.5609,0.759,105678.44,70433.505,0.0497999999999994,上海,园区开发,19920327,
600604.SH,市北高新,20180410,6.5709,6.5609,6.5908,6.4414,6.5509,0.1527,86623.36,56605.084,0.009999999999999787,上海,园区开发,19920327,
600604.SH,市北高新,20180409,6.3717,6.5509,6.6306,6.3419,6.4613,1.3867,96240.12,62980.262,0.08960000000000079,上海,园区开发,19920327,
600604.SH,市北高新,20180404,6.531,6.4613,6.7102,6.4514,6.5012,-0.6137,93960.26,62069.697,-0.03990000000000027,上海,园区开发,19920327,
600604.SH,市北高新,20180403,6.6206,6.5012,6.6206,6.4613,6.7003,-2.9715,96647.47,63393.853,-0.1991000000000005,上海,园区开发,19920327,
600604.SH,市北高新,20180402,6.7302,6.7003,6.8496,6.6903,6.7401,-0.5905,89970.61,61145.028,-0.03979999999999961,上海,园区开发,19920327,
600604.SH,市北高新,20180330,6.6704,6.7401,6.7998,6.6306,6.6505,1.3473,108673.97,73197.74,0.0895999999999999,上海,园区开发,19920327,
600604.SH,市北高新,20180329,6.6206,6.6505,6.7202,6.5709,6.541,1.6741,107778.74,71910.746,0.10949999999999971,上海,园区开发,19920327,
600604.SH,市北高新,20180328,6.4613,6.541,6.6007,6.4315,6.5709,-0.455,70100.01,46022.305,-0.029899999999999594,上海,园区开发,19920327,
600604.SH,市北高新,20180327,6.5509,6.5709,6.6804,6.5211,6.4613,1.6963,111893.76,74091.276,0.10960000000000036,上海,园区开发,19920327,
600604.SH,市北高新,20180326,6.312,6.4613,6.4713,6.0731,6.4215,0.6198,116918.58,74081.133,0.03979999999999961,上海,园区开发,19920327,
600604.SH,市北高新,20180323,6.9193,6.4215,6.9591,6.4215,7.1383,-10.0416,264915.12,177543.782,-0.7168000000000001,上海,园区开发,19920327,
600604.SH,市北高新,20180322,7.1383,7.1383,7.2578,6.989,7.0687,0.9846,232785.43,166579.92,0.06960000000000033,上海,园区开发,19920327,
600604.SH,市北高新,20180321,6.9193,7.0687,7.1383,6.8894,6.9193,2.1592,196548.63,138991.146,0.14939999999999998,上海,园区开发,19920327,
600604.SH,市北高新,20180320,6.8894,6.9193,7.0587,6.8496,6.989,-0.9973,113456.44,78825.427,-0.0697000000000001,上海,园区开发,19920327,
600604.SH,市北高新,20180319,7.0786,6.989,7.1682,6.9293,7.1483,-2.2285,179371.64,126623.506,-0.1593,上海,园区开发,19920327,
600604.SH,市北高新,20180316,6.9293,7.1483,7.4171,6.9293,6.9193,3.3096,306198.54,220195.743,0.2290000000000001,上海,园区开发,19920327,
600604.SH,市北高新,20180315,6.989,6.9193,7.0288,6.8198,7.0089,-1.2784,103450.87,71756.824,-0.0895999999999999,上海,园区开发,19920327,
600604.SH,市北高新,20180314,7.0487,7.0089,7.1284,6.979,7.0388,-0.4248,97892.03,69213.942,-0.029900000000000482,上海,园区开发,19920327,
600604.SH,市北高新,20180313,7.0487,7.0388,7.0985,6.979,7.0487,-0.1405,110636.81,78121.444,-0.00990000000000002,上海,园区开发,19920327,
600604.SH,市北高新,20180312,6.979,7.0487,7.1682,6.9293,6.9691,1.1422,150241.58,106287.072,0.07960000000000012,上海,园区开发,19920327,
600604.SH,市北高新,20180309,6.8198,6.9691,6.989,6.8098,6.8198,2.1892,131573.92,91574.875,0.1493000000000002,上海,园区开发,19920327,
600604.SH,市北高新,20180308,6.9094,6.8198,6.979,6.7799,6.9094,-1.2968,114090.59,78708.537,-0.0895999999999999,上海,园区开发,19920327,
600604.SH,市北高新,20180307,7.0388,6.9094,7.0687,6.8994,7.0587,-2.1151,131358.98,92007.623,-0.1493000000000002,上海,园区开发,19920327,
600604.SH,市北高新,20180306,7.0587,7.0587,7.2279,6.9492,7.0189,0.567,196480.3,139707.222,0.03979999999999961,上海,园区开发,19920327,
600604.SH,市北高新,20180305,6.8695,7.0189,7.2976,6.8198,6.9094,1.5848,191914.65,135709.366,0.1095000000000006,上海,园区开发,19920327,
600604.SH,市北高新,20180302,6.7202,6.9094,7.0189,6.6605,6.77,2.0591,185955.0,128385.761,0.1394000000000002,上海,园区开发,19920327,
600604.SH,市北高新,20180301,6.7202,6.77,6.8397,6.6505,6.77,0.0,93020.59,63058.587,0.0,上海,园区开发,19920327,
600604.SH,市北高新,20180228,6.6903,6.77,6.8496,6.5808,6.76,0.1479,113643.67,76837.065,0.009999999999999787,上海,园区开发,19920327,
600604.SH,市北高新,20180227,6.76,6.76,6.8994,6.7302,6.7998,-0.5853,129870.61,88752.732,-0.0398000000000005,上海,园区开发,19920327,
600604.SH,市北高新,20180226,6.6704,6.7998,6.8994,6.6107,6.6804,1.7873,175950.53,119675.845,0.11940000000000062,上海,园区开发,19920327,
600604.SH,市北高新,20180223,6.5111,6.6804,6.7202,6.4813,6.531,2.2876,146123.27,96947.936,0.14939999999999998,上海,园区开发,19920327,
600604.SH,市北高新,20180222,6.3817,6.531,6.5509,6.3817,6.322,3.3059,93214.42,60632.995,0.20899999999999963,上海,园区开发,19920327,
600604.SH,市北高新,20180214,6.2224,6.322,6.3319,6.2124,6.2124,1.7642,51067.73,32199.705,0.10960000000000036,上海,园区开发,19920327,
600604.SH,市北高新,20180213,6.2722,6.2124,6.4514,6.2025,6.2324,-0.3209,85458.0,54319.333,-0.020000000000000462,上海,园区开发,19920327,
600604.SH,市北高新,20180212,6.1826,6.2324,6.2821,6.1826,6.1129,1.9549,51901.02,32516.937,0.11950000000000038,上海,园区开发,19920327,
600604.SH,市北高新,20180209,6.2722,6.1129,6.3419,6.0332,6.4414,-5.0998,101126.82,62773.066,-0.3285,上海,园区开发,19920327,
600604.SH,市北高新,20180208,6.322,6.4414,6.5012,6.3021,6.3419,1.5689,63640.98,41043.221,0.09949999999999992,上海,园区开发,19920327,
600604.SH,市北高新,20180207,6.4016,6.3419,6.531,6.0731,6.2921,0.7915,97978.4,62547.023,0.04980000000000029,上海,园区开发,19920327,
600604.SH,市北高新,20180206,6.6704,6.2921,6.7302,6.2722,6.7501,-6.7851,131349.24,86258.815,-0.4580000000000002,上海,园区开发,19920327,
600604.SH,市北高新,20180205,6.4813,6.7501,6.8496,6.4016,6.5908,2.417,110330.93,74173.143,0.1593,上海,园区开发,19920327,
600604.SH,市北高新,20180202,6.3917,6.5908,6.6605,6.3917,6.5908,0.0,99033.31,65087.473,0.0,上海,园区开发,19920327,
600604.SH,市北高新,20180201,7.1483,6.5908,7.1583,6.5808,7.1184,-7.4118,159673.35,109759.796,-0.5276000000000005,上海,园区开发,19920327,
600604.SH,市北高新,20180131,7.1284,7.1184,7.2379,7.0587,7.1881,-0.9697,103366.01,73962.322,-0.0697000000000001,上海,园区开发,19920327,
600604.SH,市北高新,20180130,7.1782,7.1881,7.2479,7.1284,7.1682,0.2776,85210.02,61477.81,0.019900000000000695,上海,园区开发,19920327,
600604.SH,市北高新,20180129,7.4968,7.1682,7.5465,7.1483,7.4768,-4.1274,224745.82,164150.199,-0.3086000000000002,上海,园区开发,19920327,
600604.SH,市北高新,20180126,7.5266,7.4768,7.656,7.4669,7.5864,-1.4447,167837.55,127148.709,-0.10960000000000036,上海,园区开发,19920327,
600604.SH,市北高新,20180125,7.5366,7.5864,7.7158,7.3972,7.5167,0.9273,218250.74,165389.944,0.0697000000000001,上海,园区开发,19920327,
600604.SH,市北高新,20180124,7.5664,7.5167,7.666,7.4569,7.656,-1.8195,220785.51,166722.173,-0.13929999999999954,上海,园区开发,19920327,
600604.SH,市北高新,20180123,7.8153,7.656,7.8253,7.5963,7.7855,-1.6633,247288.69,191158.245,-0.12950000000000017,上海,园区开发,19920327,
600604.SH,市北高新,20180122,7.6162,7.7855,7.885,7.5764,7.5565,3.0305,351289.15,274001.193,0.2290000000000001,上海,园区开发,19920327,
600604.SH,市北高新,20180119,7.4868,7.5565,7.7158,7.4768,7.6361,-1.0424,239188.44,182391.476,-0.07960000000000012,上海,园区开发,19920327,
600604.SH,市北高新,20180118,7.4768,7.6361,7.7357,7.4171,7.5465,1.1873,287664.12,218713.063,0.0895999999999999,上海,园区开发,19920327,
600604.SH,市北高新,20180117,7.4569,7.5465,8.0841,7.2678,7.4669,1.066,466267.97,357474.647,0.07960000000000012,上海,园区开发,19920327,
600604.SH,市北高新,20180116,7.218,7.4669,7.5266,7.0985,7.218,3.4483,351770.13,259487.617,0.2488999999999999,上海,园区开发,19920327,
600604.SH,市北高新,20180115,7.3972,7.218,7.4868,7.1383,7.6859,-6.0878,437570.7,322127.941,-0.4679000000000002,上海,园区开发,19920327,
600604.SH,市北高新,20180112,7.1383,7.6859,7.8651,7.0786,7.1483,7.5207,718950.88,556497.326,0.5376000000000003,上海,园区开发,19920327,
600604.SH,市北高新,20180111,7.0687,7.1483,7.1881,7.0487,7.0786,0.9847,111269.85,79543.552,0.0697000000000001,上海,园区开发,19920327,
600604.SH,市北高新,20180110,7.2976,7.0786,7.2976,7.0487,7.2877,-2.8692,171292.74,123148.934,-0.20910000000000029,上海,园区开发,19920327,
600604.SH,市北高新,20180109,7.3574,7.2877,7.447,7.2678,7.3773,-1.2145,143740.3,105825.479,-0.0895999999999999,上海,园区开发,19920327,
600604.SH,市北高新,20180108,7.3773,7.3773,7.447,7.2976,7.4669,-1.2,190775.59,141079.839,-0.0895999999999999,上海,园区开发,19920327,
600604.SH,市北高新,20180105,7.4868,7.4669,7.656,7.2976,7.437,0.402,343616.07,259001.007,0.029899999999999594,上海,园区开发,19920327,
600604.SH,市北高新,20180104,7.3474,7.437,7.4569,7.2578,7.3972,0.538,218822.85,161311.494,0.0398000000000005,上海,园区开发,19920327,
600604.SH,市北高新,20180103,7.1881,7.3972,7.437,7.1682,7.2777,1.642,267754.73,197099.786,0.1194999999999995,上海,园区开发,19920327,
600604.SH,市北高新,20180102,7.1682,7.2777,7.4072,7.1383,7.1682,1.5276,180282.21,131952.724,0.1095000000000006,上海,园区开发,19920327,
600604.SH,市北高新,20171229,7.1383,7.1682,7.1881,6.979,7.1383,0.4189,125542.93,89423.298,0.029899999999999594,上海,园区开发,19920327,
600604.SH,市北高新,20171228,7.3375,7.1383,7.3375,7.1184,7.2379,-1.3761,174957.48,126368.203,-0.09959999999999969,上海,园区开发,19920327,
600604.SH,市北高新,20171227,7.0487,7.2379,7.2578,6.9293,7.1085,1.8204,174179.82,124152.54,0.12939999999999952,上海,园区开发,19920327,
600604.SH,市北高新,20171226,7.1782,7.1085,7.2479,6.8795,7.1284,-0.2792,182683.12,129906.231,-0.019899999999999807,上海,园区开发,19920327,
600604.SH,市北高新,20171225,7.218,7.1284,7.2877,7.1085,7.2578,-1.7829,154731.24,111524.922,-0.12939999999999952,上海,园区开发,19920327,
600604.SH,市北高新,20171222,7.3872,7.2578,7.4669,7.1981,7.5366,-3.6993,272249.79,199793.799,-0.2788000000000004,上海,园区开发,19920327,
600604.SH,市北高新,20171221,7.666,7.5366,7.9448,7.4968,7.3872,2.0224,436544.72,336268.213,0.14939999999999998,上海,园区开发,19920327,
600604.SH,市北高新,20171220,7.4072,7.3872,7.6361,7.3375,7.2976,1.2278,367534.02,275903.826,0.0895999999999999,上海,园区开发,19920327,
600604.SH,市北高新,20171219,7.1583,7.2976,7.3076,7.1483,7.1583,1.946,143804.46,104398.291,0.13930000000000042,上海,园区开发,19920327,
600604.SH,市北高新,20171218,7.2678,7.1583,7.2777,7.0786,7.3175,-2.1756,157826.26,113307.084,-0.15920000000000023,上海,园区开发,19920327,
600604.SH,市北高新,20171215,7.3574,7.3175,7.3872,7.218,7.3972,-1.0774,173459.39,127137.847,-0.07969999999999988,上海,园区开发,19920327,
600604.SH,市北高新,20171214,7.2578,7.3972,7.4072,7.1483,7.2578,1.9207,262769.27,192192.91,0.1394000000000002,上海,园区开发,19920327,
600604.SH,市北高新,20171213,7.2279,7.2578,7.3375,7.0687,7.1782,1.1089,257023.97,186376.537,0.07959999999999923,上海,园区开发,19920327,
600604.SH,市北高新,20171212,7.447,7.1782,7.447,7.1383,7.2877,-1.5025,460963.92,338580.518,-0.10949999999999971,上海,园区开发,19920327,
600604.SH,市北高新,20171211,6.6804,7.2877,7.2877,6.6704,6.6206,10.0761,430849.21,310763.887,0.6671000000000005,上海,园区开发,19920327,
600604.SH,市北高新,20171208,6.6007,6.6206,6.6605,6.531,6.5709,0.7564,119829.24,79630.33,0.04969999999999963,上海,园区开发,19920327,
600604.SH,市北高新,20171207,6.5609,6.5709,6.6505,6.5211,6.5609,0.1524,103940.95,68642.689,0.009999999999999787,上海,园区开发,19920327,
600604.SH,市北高新,20171206,6.5111,6.5609,6.6007,6.3917,6.5111,0.7648,114684.64,74851.589,0.04980000000000029,上海,园区开发,19920327,
600604.SH,市北高新,20171205,6.8695,6.5111,6.9392,6.3717,6.9691,-6.5719,242308.11,161919.856,-0.4580000000000002,上海,园区开发,19920327,
600604.SH,市北高新,20171204,7.0687,6.9691,7.0985,6.9492,7.0985,-1.8229,122901.58,86731.466,-0.12939999999999952,上海,园区开发,19920327,
600604.SH,市北高新,20171201,7.1682,7.0985,7.2279,7.0487,7.0687,0.4216,119282.99,85367.712,0.029799999999999827,上海,园区开发,19920327,
600604.SH,市北高新,20171130,7.2479,7.0687,7.2479,7.0388,7.2976,-3.1366,159202.81,113861.162,-0.22890000000000033,上海,园区开发,19920327,
600604.SH,市北高新,20171129,7.0687,7.2976,7.3076,6.979,7.0985,2.8048,230651.81,165657.399,0.1991000000000005,上海,园区开发,19920327,
600604.SH,市北高新,20171128,7.1085,7.0985,7.1085,6.979,7.0388,0.8482,110982.44,78539.237,0.05969999999999942,上海,园区开发,19920327,
600604.SH,市北高新,20171127,7.218,7.0388,7.2976,6.999,7.2479,-2.885,102192.04,73401.112,-0.2090999999999994,上海,园区开发,19920327,
600604.SH,市北高新,20171124,7.218,7.2479,7.4072,7.1184,7.1981,0.6918,110808.63,80853.183,0.0497999999999994,上海,园区开发,19920327,
600604.SH,市北高新,20171123,7.5565,7.1981,7.5963,7.1881,7.6162,-5.4896,142771.4,106362.245,-0.4180999999999999,上海,园区开发,19920327,
600604.SH,市北高新,20171122,7.5167,7.6162,7.8153,7.3673,7.5565,0.79,185408.97,140822.796,0.05970000000000031,上海,园区开发,19920327,
600604.SH,市北高新,20171121,7.4968,7.5565,7.7954,7.437,7.4868,0.931,156103.75,119180.13,0.0697000000000001,上海,园区开发,19920327,
600604.SH,市北高新,20171120,7.4669,7.4868,7.5664,7.1782,7.6361,-1.9552,140948.7,104590.061,-0.1493000000000002,上海,园区开发,19920327,
600604.SH,市北高新,20171117,8.2634,7.6361,8.3928,7.3773,8.1738,-6.5783,254159.49,204226.961,-0.5377000000000001,上海,园区开发,19920327,
600604.SH,市北高新,20171116,8.2235,8.1738,8.343,8.1638,8.3032,-1.5584,113185.52,93711.33,-0.1294000000000004,上海,园区开发,19920327,
600604.SH,市北高新,20171115,8.3629,8.3032,8.4127,8.1638,8.3032,0.0,137062.86,113962.338,0.0,上海,园区开发,19920327,
600604.SH,市北高新,20171114,8.4127,8.3032,8.4724,8.2634,8.4625,-1.8824,150911.52,126425.733,-0.1593,上海,园区开发,19920327,
600604.SH,市北高新,20171113,8.4525,8.4625,8.5819,8.4027,8.4525,0.1183,149255.48,127133.671,0.009999999999999787,上海,园区开发,19920327,
600604.SH,市北高新,20171110,8.4724,8.4525,8.6616,8.4027,8.6317,-2.0761,235778.31,201482.191,-0.1791999999999998,上海,园区开发,19920327,
600604.SH,市北高新,20171109,8.2833,8.6317,8.8408,8.2036,8.3032,3.9563,355227.68,302872.049,0.3285,上海,园区开发,19920327,
600604.SH,市北高新,20171108,8.2534,8.3032,8.3928,8.1937,8.2733,0.3614,156924.82,131005.732,0.029899999999999594,上海,园区开发,19920327,
600604.SH,市北高新,20171107,8.3032,8.2733,8.333,8.2136,8.2833,-0.1207,117701.44,97457.192,-0.009999999999999787,上海,园区开发,19920327,
600604.SH,市北高新,20171106,8.1738,8.2833,8.333,8.1638,8.2136,0.8486,99478.0,82506.695,0.06970000000000098,上海,园区开发,19920327,
600604.SH,市北高新,20171103,8.5222,8.2136,8.562,8.1439,8.572,-4.1811,228926.3,190336.616,-0.3583999999999996,上海,园区开发,19920327,
600604.SH,市北高新,20171102,8.5123,8.572,8.8109,8.5123,8.562,0.1168,180228.52,156857.173,0.009999999999999787,上海,园区开发,19920327,
600604.SH,市北高新,20171101,8.5919,8.562,8.7313,8.5123,8.6815,-1.3765,151132.19,130484.164,-0.11950000000000038,上海,园区开发,19920327,
600604.SH,市北高新,20171031,8.5023,8.6815,8.801,8.343,8.5123,1.9877,246641.82,211686.229,0.16920000000000002,上海,园区开发,19920327,
600604.SH,市北高新,20171030,9.02,8.5123,9.02,8.4824,9.03,-5.7331,316909.41,275894.453,-0.5176999999999996,上海,园区开发,19920327,
600604.SH,市北高新,20171027,9.2589,9.03,9.2689,8.7711,9.4282,-4.2235,507827.25,462211.366,-0.398200000000001,上海,园区开发,19920327,
600604.SH,市北高新,20171026,9.5178,9.4282,9.6273,9.3286,9.6074,-1.8652,338364.78,321372.239,-0.1791999999999998,上海,园区开发,19920327,
600604.SH,市北高新,20171025,9.6572,9.6074,9.7169,9.478,9.7667,-1.6311,444862.58,428130.107,-0.1593,上海,园区开发,19920327,
600604.SH,市北高新,20171024,9.3884,9.7667,9.8065,9.1793,9.4879,2.9385,746464.51,720796.67,0.2788000000000004,上海,园区开发,19920327,
600604.SH,市北高新,20171023,9.0996,9.4879,9.697,9.0598,9.2988,2.0336,530501.81,504087.451,0.18909999999999982,上海,园区开发,19920327,
600604.SH,市北高新,20171020,9.2589,9.2988,9.6074,9.1594,9.1494,1.6329,597979.71,563969.78,0.14939999999999998,上海,园区开发,19920327,
600604.SH,市北高新,20171019,9.1594,9.1494,9.3685,8.9304,9.5178,-3.8706,545678.43,500523.89,-0.3683999999999994,上海,园区开发,19920327,
600604.SH,市北高新,20171018,9.2689,9.5178,10.2047,9.0797,9.4481,0.7377,1188725.7,1140063.375,0.06969999999999921,上海,园区开发,19920327,
600604.SH,市北高新,20171017,8.5521,9.4481,9.4481,8.4824,8.5919,9.9652,970138.1,901865.899,0.8561999999999994,上海,园区开发,19920327,
600604.SH,市北高新,20171016,9.0399,8.5919,9.0399,8.572,9.1494,-6.0933,291141.75,255558.897,-0.5574999999999992,上海,园区开发,19920327,
600604.SH,市北高新,20171013,9.1892,9.1494,9.3087,9.01,9.03,1.3223,332293.32,305878.347,0.11940000000000062,上海,园区开发,19920327,
600604.SH,市北高新,20171012,8.9802,9.03,9.1992,8.8209,8.9802,0.5546,271861.42,246032.111,0.0497999999999994,上海,园区开发,19920327,
600604.SH,市北高新,20171011,8.7811,8.9802,9.3386,8.7611,8.6616,3.6783,414481.3,377225.064,0.3186,上海,园区开发,19920327,
600604.SH,市北高新,20171010,8.6616,8.6616,8.8408,8.4923,8.6616,0.0,189766.03,165076.26,0.0,上海,园区开发,19920327,
600604.SH,市北高新,20171009,8.3629,8.6616,8.7811,8.3629,8.3131,4.1922,259395.73,224236.152,0.3484999999999996,上海,园区开发,19920327,
600604.SH,市北高新,20170929,8.1738,8.3131,8.7213,8.114,8.114,2.4538,199007.26,167775.397,0.1990999999999996,上海,园区开发,19920327,
600604.SH,市北高新,20170928,8.4724,8.114,8.4923,8.0841,8.4525,-4.0047,146770.14,122487.595,-0.3384999999999998,上海,园区开发,19920327,
600604.SH,市北高新,20170927,8.353,8.4525,8.5322,8.353,8.3828,0.8315,105254.47,89394.381,0.06970000000000098,上海,园区开发,19920327,
600604.SH,市北高新,20170926,8.3828,8.3828,8.4824,8.3032,8.3629,0.238,100391.08,84420.099,0.019899999999999807,上海,园区开发,19920327,
600604.SH,市北高新,20170925,8.7313,8.3629,8.7711,8.343,8.7811,-4.7625,208738.71,178500.594,-0.41820000000000057,上海,园区开发,19920327,
600604.SH,市北高新,20170922,8.9702,8.7811,9.0499,8.7512,9.1196,-3.7118,243715.36,216425.82,-0.3384999999999998,上海,园区开发,19920327,
600604.SH,市北高新,20170921,8.7512,9.1196,9.4581,8.7213,8.7811,3.8549,428916.63,395229.353,0.3384999999999998,上海,园区开发,19920327,
600604.SH,市北高新,20170920,8.8906,8.7811,8.9901,8.6616,8.9702,-2.1081,248534.32,219387.036,-0.18909999999999982,上海,园区开发,19920327,
600604.SH,市北高新,20170919,8.9702,8.9702,9.1395,8.7512,8.9702,0.0,232490.23,210016.263,0.0,上海,园区开发,19920327,
600604.SH,市北高新,20170918,9.2191,8.9702,9.2689,8.9603,9.249,-3.0144,275792.78,250487.551,-0.2788000000000004,上海,园区开发,19920327,
600604.SH,市北高新,20170915,9.1992,9.249,9.4083,9.1096,9.2191,0.3243,266794.6,249078.133,0.02990000000000137,上海,园区开发,19920327,
600604.SH,市北高新,20170914,9.2888,9.2191,9.4282,9.1395,9.3585,-1.4896,223578.12,207251.028,-0.1394000000000002,上海,园区开发,19920327,
600604.SH,市北高新,20170913,9.2092,9.3585,9.4879,9.1494,9.3187,0.4271,247596.09,232961.903,0.03979999999999961,上海,园区开发,19920327,
600604.SH,市北高新,20170912,9.2888,9.3187,9.3784,9.0698,9.2789,0.4289,336079.91,311683.721,0.03979999999999961,上海,园区开发,19920327,
600604.SH,市北高新,20170911,9.1494,9.2789,9.2988,9.1096,9.1594,1.3047,184861.47,170726.711,0.11950000000000038,上海,园区开发,19920327,
600604.SH,市北高新,20170908,9.3187,9.1594,9.4182,9.1096,9.3685,-2.2319,342887.73,316554.317,-0.2090999999999994,上海,园区开发,19920327,
600604.SH,市北高新,20170907,9.4581,9.3685,9.5875,9.3585,9.4879,-1.2584,336488.48,320201.125,-0.11940000000000062,上海,园区开发,19920327,
600604.SH,市北高新,20170906,9.5377,9.4879,9.6273,9.3087,9.7667,-2.8546,476010.99,451827.753,-0.2788000000000004,上海,园区开发,19920327,
600604.SH,市北高新,20170905,10.1649,9.7667,10.2744,9.6771,10.3541,-5.6731,702633.77,700466.222,-0.5874000000000006,上海,园区开发,19920327,
600604.SH,市北高新,20170904,9.7567,10.3541,10.5632,9.5676,9.707,6.6663,974668.32,983697.857,0.6471,上海,园区开发,19920327,
600604.SH,市北高新,20170901,9.2888,9.707,9.7269,9.1693,9.4481,2.7402,563494.27,536847.014,0.2589000000000006,上海,园区开发,19920327,
600604.SH,市北高新,20170831,9.2589,9.4481,9.7567,9.0897,9.4282,0.2111,515661.65,488727.088,0.019899999999999807,上海,园区开发,19920327,
600604.SH,市北高新,20170830,9.4282,9.4282,9.9558,9.4182,9.5775,-1.5589,638177.41,619433.516,-0.1493000000000002,上海,园区开发,19920327,
600604.SH,市北高新,20170829,9.0797,9.5775,9.8563,9.03,9.2689,3.3294,791241.27,757737.937,0.3086000000000002,上海,园区开发,19920327,
600604.SH,市北高新,20170828,9.1295,9.2689,9.3286,8.9603,9.2291,0.4312,300541.34,277692.993,0.03979999999999961,上海,园区开发,19920327,
600604.SH,市北高新,20170825,9.3386,9.2291,9.3585,8.9901,9.4581,-2.4212,285637.23,262930.543,-0.2289999999999992,上海,园区开发,19920327,
600604.SH,市北高新,20170824,9.468,9.4581,9.7468,9.3187,9.4282,0.3171,294155.35,282492.246,0.029899999999999594,上海,园区开发,19920327,
600604.SH,市北高新,20170823,9.6771,9.4282,9.697,9.239,9.5974,-1.763,246157.77,232310.329,-0.16920000000000002,上海,园区开发,19920327,
600604.SH,市北高新,20170822,10.0554,9.5974,10.2545,9.4581,10.0654,-4.6496,397907.23,386867.416,-0.46799999999999997,上海,园区开发,19920327,
600604.SH,市北高新,20170821,9.926,10.0654,10.4536,9.8563,10.0455,0.1981,379188.75,388639.431,0.019899999999999807,上海,园区开发,19920327,
600604.SH,市北高新,20170818,10.2744,10.0455,10.3541,9.8762,10.4935,-4.2693,379064.27,385673.607,-0.4479999999999986,上海,园区开发,19920327,
600604.SH,市北高新,20170817,10.0554,10.4935,10.5333,9.8065,10.5333,-0.3778,654851.36,669666.164,-0.03980000000000139,上海,园区开发,19920327,
600604.SH,市北高新,20170816,9.5775,10.5333,10.5333,9.5775,9.5775,9.9796,812530.66,842577.315,0.9558,上海,园区开发,19920327,
600604.SH,市北高新,20170815,9.687,9.5775,9.8364,9.4581,9.8862,-3.1225,401463.21,387658.236,-0.3087,上海,园区开发,19920327,
600604.SH,市北高新,20170814,10.2247,9.8862,10.2346,9.3685,10.0255,-1.3895,478849.97,468245.525,-0.13929999999999865,上海,园区开发,19920327,
600604.SH,市北高新,20170811,9.8264,10.0255,10.5532,9.7567,9.6173,4.2444,916283.94,935107.69,0.408199999999999,上海,园区开发,19920327,
600604.SH,市北高新,20170810,8.7611,9.6173,9.6173,8.7512,8.7412,10.0227,552358.3,521108.183,0.876100000000001,上海,园区开发,19920327,
600604.SH,市北高新,20170809,8.6715,8.7412,8.8109,8.5123,8.8308,-1.0146,299309.48,260904.856,-0.08960000000000079,上海,园区开发,19920327,
600604.SH,市北高新,20170808,8.4625,8.8308,8.8806,8.3032,8.6019,2.661,346666.74,296310.364,0.22889999999999944,上海,园区开发,19920327,
600604.SH,市北高新,20170807,8.3928,8.6019,8.6516,8.2733,8.4824,1.4088,286589.6,243470.605,0.11950000000000038,上海,园区开发,19920327,
600604.SH,市北高新,20170804,8.791,8.4824,9.3187,8.4326,8.7611,-3.1811,470575.59,421739.435,-0.2787000000000006,上海,园区开发,19920327,
600604.SH,市北高新,20170803,8.6616,8.7611,8.9105,8.5222,8.9503,-2.1139,394730.67,345952.844,-0.1891999999999996,上海,园区开发,19920327,
600604.SH,市北高新,20170802,8.7611,8.9503,9.1395,8.4923,9.0897,-1.5336,580941.49,514163.909,-0.1394000000000002,上海,园区开发,19920327,
600604.SH,市北高新,20170801,8.343,9.0897,9.1395,8.2634,8.343,8.95,724101.11,634878.089,0.7467000000000006,上海,园区开发,19920327,
600604.SH,市北高新,20170731,7.9547,8.343,8.343,7.9547,7.5864,9.9731,193996.18,160640.886,0.7565999999999997,上海,园区开发,19920327,
600604.SH,市北高新,20170728,7.1682,7.5864,7.5864,7.0786,6.8994,9.9574,463821.7,345705.169,0.6870000000000003,上海,园区开发,19920327,
600604.SH,市北高新,20170727,6.322,6.8994,6.8994,6.2722,6.2722,9.9997,75143.97,51111.702,0.6272000000000002,上海,园区开发,19920327,
600604.SH,市北高新,20170726,6.3021,6.2722,6.322,6.2622,6.322,-0.7877,20019.94,12639.774,-0.04980000000000029,上海,园区开发,19920327,
600604.SH,市北高新,20170725,6.3618,6.322,6.3817,6.2523,6.3419,-0.3138,28098.0,17753.386,-0.019899999999999807,上海,园区开发,19920327,
600604.SH,市北高新,20170724,6.3021,6.3419,6.3518,6.2722,6.3021,0.6315,26419.6,16786.704,0.03979999999999961,上海,园区开发,19920327,
600604.SH,市北高新,20170721,6.4016,6.3021,6.4116,6.2921,6.3917,-1.4018,32528.14,20710.256,-0.0895999999999999,上海,园区开发,19920327,
600604.SH,市北高新,20170720,6.2821,6.3917,6.4813,6.2722,6.3021,1.4217,46645.65,29894.311,0.0895999999999999,上海,园区开发,19920327,
600604.SH,市北高新,20170719,6.2523,6.3021,6.3319,6.1726,6.2622,0.6372,34318.95,21575.638,0.03990000000000027,上海,园区开发,19920327,
600604.SH,市北高新,20170718,6.2124,6.2622,6.3021,6.0332,6.2124,0.8016,34757.19,21677.527,0.04980000000000029,上海,园区开发,19920327,
600604.SH,市北高新,20170717,6.8397,6.2124,6.8695,6.1925,6.8795,-9.6969,73532.84,47428.6,-0.6671000000000005,上海,园区开发,19920327,
600604.SH,市北高新,20170714,6.8894,6.8795,6.9193,6.8397,6.9193,-0.5752,20729.0,14332.708,-0.03979999999999961,上海,园区开发,19920327,
600604.SH,市北高新,20170713,6.8496,6.9193,6.9492,6.7899,6.8795,0.5785,31281.0,21646.724,0.03979999999999961,上海,园区开发,19920327,
600604.SH,市北高新,20170712,6.979,6.8795,7.0288,6.7998,6.9691,-1.2857,33766.76,23366.926,-0.0895999999999999,上海,园区开发,19920327,
600604.SH,市北高新,20170711,6.999,6.9691,7.0587,6.9591,7.0388,-0.9902,28268.4,19897.867,-0.0697000000000001,上海,园区开发,19920327,
600604.SH,市北高新,20170710,7.1284,7.0388,7.1383,6.999,7.1184,-1.1182,44526.38,31533.785,-0.07960000000000012,上海,园区开发,19920327,
600604.SH,市北高新,20170707,7.0886,7.1184,7.1981,7.0786,7.0886,0.4204,34940.32,25029.805,0.029800000000000715,上海,园区开发,19920327,
600604.SH,市北高新,20170706,7.1682,7.0886,7.1881,7.0587,7.1682,-1.1105,42781.88,30551.183,-0.07960000000000012,上海,园区开发,19920327,
600604.SH,市北高新,20170705,7.1682,7.1682,7.1782,7.1184,7.1483,0.2784,33601.87,24107.905,0.019899999999999807,上海,园区开发,19920327,
600604.SH,市北高新,20170704,7.1682,7.1483,7.1782,7.1284,7.1682,-0.2776,22944.04,16462.869,-0.019899999999999807,上海,园区开发,19920327,
600604.SH,市北高新,20170703,7.1184,7.1682,7.218,7.1085,7.1184,0.6996,30230.21,21764.54,0.0497999999999994,上海,园区开发,19920327,
600604.SH,市北高新,20170630,7.1881,7.1184,7.1881,7.1085,7.1782,-0.8331,25904.4,18555.672,-0.059800000000000075,上海,园区开发,19920327,
600604.SH,市北高新,20170629,7.1981,7.1782,7.2479,7.1184,7.1981,-0.2765,32531.42,23424.912,-0.019899999999999807,上海,园区开发,19920327,
600604.SH,市北高新,20170628,7.2777,7.1981,7.2976,7.1682,7.2479,-0.6871,29118.17,21137.218,-0.0497999999999994,上海,园区开发,19920327,
600604.SH,市北高新,20170627,7.1981,7.2479,7.3474,7.1881,7.2279,0.2767,34813.48,25396.821,0.019999999999999574,上海,园区开发,19920327,
600604.SH,市北高新,20170626,7.1682,7.2279,7.2578,7.1483,7.1682,0.8328,37485.46,27133.61,0.05970000000000031,上海,园区开发,19920327,
600604.SH,市北高新,20170623,7.2678,7.1682,7.3175,7.0288,7.2578,-1.2345,72858.97,52501.333,-0.0895999999999999,上海,园区开发,19920327,
600604.SH,市北高新,20170622,7.4569,7.2578,7.5664,7.2379,7.5067,-3.3157,86356.53,64266.565,-0.2489000000000008,上海,园区开发,19920327,
600604.SH,市北高新,20170621,7.4569,7.5067,7.6461,7.3773,7.3872,1.6177,86555.43,65347.753,0.11950000000000038,上海,园区开发,19920327,
600604.SH,市北高新,20170620,7.5067,7.3872,7.5067,7.3574,7.4569,-0.9347,51675.76,38570.201,-0.0697000000000001,上海,园区开发,19920327,
600604.SH,市北高新,20170619,7.4072,7.4569,7.5664,7.4072,7.4569,0.0,51227.23,38393.254,0.0,上海,园区开发,19920327,
600604.SH,市北高新,20170616,7.5465,7.4569,7.5764,7.4171,7.5864,-1.707,74568.54,56000.395,-0.12950000000000017,上海,园区开发,19920327,
600604.SH,市北高新,20170615,7.3076,7.5864,7.676,7.2976,7.4072,2.4193,131427.38,99491.278,0.1792000000000007,上海,园区开发,19920327,
600604.SH,市北高新,20170614,7.2976,7.4072,7.8452,7.1782,7.3175,1.2258,148194.2,111566.987,0.08969999999999967,上海,园区开发,19920327,
600604.SH,市北高新,20170613,7.2976,7.3175,7.3972,7.1682,7.3175,0.0,96698.23,70784.623,0.0,上海,园区开发,19920327,
600604.SH,市北高新,20170612,7.4868,7.3175,7.5167,7.2777,7.5963,-3.6702,147100.3,108981.835,-0.2788000000000004,上海,园区开发,19920327,
600604.SH,市北高新,20170609,7.1682,7.5963,7.8253,7.0985,7.1782,5.8246,285504.46,217676.102,0.4180999999999999,上海,园区开发,19920327,
600604.SH,市北高新,20170608,7.0487,7.1782,7.2877,7.0487,7.0886,1.264,123713.9,88960.122,0.08960000000000079,上海,园区开发,19920327,
600604.SH,市北高新,20170607,6.8695,7.0886,7.1483,6.8695,6.9293,2.2989,109799.43,77433.316,0.1593,上海,园区开发,19920327,
600604.SH,市北高新,20170606,6.8795,6.9293,7.0687,6.8695,6.9293,0.0,64518.24,45054.436,0.0,上海,园区开发,19920327,
600604.SH,市北高新,20170605,6.7899,6.9293,6.9492,6.7401,6.9691,-0.5711,71406.5,49268.175,-0.0398000000000005,上海,园区开发,19920327,
600604.SH,市北高新,20170602,6.7202,6.9691,7.1383,6.7202,6.7003,4.0118,112385.36,78406.138,0.2687999999999997,上海,园区开发,19920327,
600604.SH,市北高新,20170601,6.7799,6.7003,6.8297,6.6206,6.8098,-1.608,82518.99,55621.76,-0.10949999999999971,上海,园区开发,19920327,
600604.SH,市北高新,20170531,6.8894,6.8098,7.0089,6.7501,6.9691,-2.2858,76844.34,53022.649,-0.1593,上海,园区开发,19920327,
600604.SH,市北高新,20170526,6.7202,6.9691,7.3474,6.7202,6.7003,4.0118,69683.4,49307.787,0.2687999999999997,上海,园区开发,19920327,
600604.SH,市北高新,20170525,6.5561,6.7004,6.7103,6.5512,6.6009,1.5074,27950.88,37321.714,0.09949999999999992,上海,园区开发,19920327,
600604.SH,市北高新,20170524,6.5114,6.6009,6.6109,6.3174,6.4865,1.7637,26185.75,34352.297,0.11439999999999984,上海,园区开发,19920327,
600604.SH,市北高新,20170523,6.8496,6.4865,6.8645,6.4417,6.8596,-5.4391,31700.81,42297.991,-0.3731,上海,园区开发,19920327,
600604.SH,市北高新,20170522,7.0187,6.8596,7.0386,6.8148,6.9441,-1.2169,27491.99,38295.547,-0.08449999999999935,上海,园区开发,19920327,
600604.SH,市北高新,20170519,6.8596,6.9441,7.1232,6.8446,6.8496,1.3796,39345.41,55319.247,0.09450000000000003,上海,园区开发,19920327,
600604.SH,市北高新,20170518,6.8496,6.8496,6.9591,6.8297,6.9292,-1.1488,17890.25,24816.519,-0.07960000000000012,上海,园区开发,19920327,
600604.SH,市北高新,20170517,6.8397,6.9292,6.9889,6.8297,6.8596,1.0146,27488.33,38325.84,0.06959999999999944,上海,园区开发,19920327,
600604.SH,市北高新,20170516,6.6855,6.8596,6.8645,6.6656,6.7352,1.847,26037.22,35456.639,0.12440000000000051,上海,园区开发,19920327,
600604.SH,市北高新,20170515,6.7501,6.7352,6.7949,6.7153,6.7203,0.2217,17501.77,23780.476,0.014899999999999913,上海,园区开发,19920327,
600604.SH,市北高新,20170512,6.7103,6.7203,6.8347,6.6308,6.6954,0.3719,29629.87,40104.938,0.0248999999999997,上海,园区开发,19920327,
600604.SH,市北高新,20170511,7.0088,6.6954,7.0088,6.4716,7.0187,-4.6063,44144.86,59575.019,-0.3232999999999997,上海,园区开发,19920327,
600604.SH,市北高新,20170510,7.362,7.0187,7.362,7.0138,7.3321,-4.2744,25927.2,37642.936,-0.3133999999999997,上海,园区开发,19920327,
600604.SH,市北高新,20170509,7.3371,7.3321,7.4117,7.2525,7.3122,0.2721,20201.56,29726.643,0.019899999999999807,上海,园区开发,19920327,
600604.SH,市北高新,20170508,7.4814,7.3122,7.5411,7.2774,7.4913,-2.3908,25355.89,37618.05,-0.17910000000000004,上海,园区开发,19920327,
600604.SH,市北高新,20170505,7.546,7.4913,7.5958,7.4863,7.5411,-0.6604,23113.59,35012.457,-0.04980000000000029,上海,园区开发,19920327,
600604.SH,市北高新,20170504,7.6057,7.5411,7.6157,7.4913,7.6256,-1.1081,23824.69,36175.368,-0.08450000000000024,上海,园区开发,19920327,
600604.SH,市北高新,20170503,7.5062,7.6256,7.6604,7.4615,7.4963,1.7249,36384.5,55380.559,0.12930000000000064,上海,园区开发,19920327,
600604.SH,市北高新,20170502,7.6256,7.4963,7.6405,7.4913,7.6206,-1.6311,26279.51,39948.953,-0.12429999999999986,上海,园区开发,19920327,
600604.SH,市北高新,20170428,7.5709,7.6206,7.6853,7.4764,7.6157,0.0643,29319.64,44814.267,0.004899999999999238,上海,园区开发,19920327,
600604.SH,市北高新,20170427,7.9887,7.6157,8.1081,7.5311,8.3668,-8.9771,97005.25,149154.757,-0.7510999999999992,上海,园区开发,19920327,
600604.SH,市北高新,20170426,8.3817,8.3668,8.4066,8.3021,8.3618,0.0598,14608.52,24523.815,0.004999999999999005,上海,园区开发,19920327,
600604.SH,市北高新,20170425,8.3568,8.3618,8.4315,8.322,8.3121,0.5979,14534.88,24399.856,0.04970000000000141,上海,园区开发,19920327,
600604.SH,市北高新,20170424,8.6056,8.3121,8.6951,8.2872,8.6354,-3.7439,19343.33,32663.645,-0.3233000000000015,上海,园区开发,19920327,
600604.SH,市北高新,20170421,8.6553,8.6354,8.7498,8.5807,8.6603,-0.2875,15379.27,26760.072,-0.024899999999998812,上海,园区开发,19920327,
600604.SH,市北高新,20170420,8.8592,8.6603,8.9289,8.4563,8.8443,-2.0804,24417.9,42829.103,-0.18400000000000105,上海,园区开发,19920327,
600604.SH,市北高新,20170419,8.9189,8.8443,9.0532,8.7598,9.0234,-1.9848,24650.54,43985.818,-0.17910000000000004,上海,园区开发,19920327,
600604.SH,市北高新,20170418,9.1776,9.0234,9.1776,9.0085,9.1726,-1.6266,25222.99,46092.782,-0.14919999999999867,上海,园区开发,19920327,
600604.SH,市北高新,20170417,9.2522,9.1726,9.2522,9.103,9.2472,-0.8067,25762.8,47433.941,-0.07460000000000022,上海,园区开发,19920327,
600604.SH,市北高新,20170414,9.3119,9.2472,9.3219,9.2273,9.3219,-0.8013,23292.66,43380.387,-0.07469999999999999,上海,园区开发,19920327,
600604.SH,市北高新,20170413,9.302,9.3219,9.3915,9.2572,9.4114,-0.951,35403.1,66311.525,-0.08950000000000102,上海,园区开发,19920327,
600604.SH,市北高新,20170412,9.3268,9.4114,9.6502,9.2423,9.3567,0.5846,70892.8,135001.955,0.054700000000000415,上海,园区开发,19920327,
600604.SH,市北高新,20170411,9.3915,9.3567,9.3965,9.1925,9.4114,-0.5812,45060.59,84132.16,-0.054700000000000415,上海,园区开发,19920327,
600604.SH,市北高新,20170410,9.3965,9.4114,9.4363,9.3418,9.3616,0.532,33212.76,62678.434,0.04980000000000118,上海,园区开发,19920327,
600604.SH,市北高新,20170407,9.3865,9.3616,9.4363,9.3069,9.4263,-0.6864,31721.29,59774.151,-0.0647000000000002,上海,园区开发,19920327,
600604.SH,市北高新,20170406,9.4512,9.4263,9.4512,9.3815,9.5059,-0.8374,41386.6,78301.091,-0.079600000000001,上海,园区开发,19920327,
600604.SH,市北高新,20170405,9.2472,9.5059,9.6104,9.2472,9.2423,2.8521,73972.29,141244.994,0.2636000000000003,上海,园区开发,19920327,
600604.SH,市北高新,20170331,9.287,9.2423,9.3517,9.2025,9.2721,-0.3214,24776.2,46119.851,-0.029799999999999827,上海,园区开发,19920327,
600604.SH,市北高新,20170330,9.4363,9.2721,9.4661,9.2622,9.486,-2.2549,45544.38,85331.573,-0.21390000000000065,上海,园区开发,19920327,
600604.SH,市北高新,20170329,9.6303,9.486,9.7944,9.4761,9.4114,0.7927,89451.17,173001.34,0.07460000000000022,上海,园区开发,19920327,
600604.SH,市北高新,20170328,9.4711,9.4114,9.496,9.3517,9.4263,-0.1581,22514.75,42517.239,-0.014899999999999025,上海,园区开发,19920327,
600604.SH,市北高新,20170327,9.496,9.4263,9.5755,9.4014,9.4213,0.0531,47664.15,90911.534,0.004999999999999005,上海,园区开发,19920327,
600604.SH,市北高新,20170324,9.3368,9.4213,9.5009,9.3268,9.3219,1.0663,35195.55,66617.165,0.09940000000000104,上海,园区开发,19920327,
600604.SH,市北高新,20170323,9.3169,9.3219,9.4363,9.2622,9.3666,-0.4772,27306.1,51264.132,-0.04470000000000063,上海,园区开发,19920327,
600604.SH,市北高新,20170322,9.3567,9.3666,9.4014,9.287,9.4114,-0.476,30769.33,57795.199,-0.044800000000000395,上海,园区开发,19920327,
600604.SH,市北高新,20170321,9.4213,9.4114,9.4611,9.3666,9.4213,-0.1051,19816.71,37513.418,-0.00990000000000002,上海,园区开发,19920327,
600604.SH,市北高新,20170320,9.3965,9.4213,9.4661,9.3517,9.3915,0.3173,23711.86,44829.846,0.029799999999999827,上海,园区开发,19920327,
600604.SH,市北高新,20170317,9.5159,9.3915,9.5208,9.3915,9.5208,-1.3581,38072.2,72311.38,-0.12929999999999886,上海,园区开发,19920327,
600604.SH,市北高新,20170316,9.3915,9.5208,9.5258,9.3915,9.3865,1.4308,44389.5,84389.262,0.13429999999999964,上海,园区开发,19920327,
600604.SH,市北高新,20170315,9.4562,9.3865,9.5059,9.3467,9.5407,-1.6162,48902.57,92321.232,-0.15419999999999945,上海,园区开发,19920327,
600604.SH,市北高新,20170314,9.287,9.5407,9.8939,9.287,9.3169,2.4021,105347.09,203759.449,0.2237999999999989,上海,园区开发,19920327,
600604.SH,市北高新,20170313,9.302,9.3169,9.3219,9.2124,9.3119,0.0537,31710.75,59108.298,0.005000000000000782,上海,园区开发,19920327,
600604.SH,市北高新,20170310,9.302,9.3119,9.4014,9.2671,9.302,0.1064,20405.0,38245.763,0.00990000000000002,上海,园区开发,19920327,
600604.SH,市北高新,20170309,9.3766,9.302,9.4164,9.2771,9.4213,-1.2663,34746.07,65099.451,-0.11930000000000085,上海,园区开发,19920327,
600604.SH,市北高新,20170308,9.5159,9.4213,9.5159,9.4064,9.5009,-0.8378,30137.25,57130.609,-0.07959999999999923,上海,园区开发,19920327,
600604.SH,市北高新,20170307,9.4661,9.5009,9.5308,9.4512,9.4363,0.6846,39517.9,75379.908,0.06460000000000043,上海,园区开发,19920327,
600604.SH,市北高新,20170306,9.486,9.4363,9.486,9.3965,9.4014,0.3712,30722.63,58317.854,0.0348999999999986,上海,园区开发,19920327,
600604.SH,市北高新,20170303,9.5208,9.4014,9.5208,9.3616,9.5258,-1.3059,43388.93,82122.86,-0.12439999999999962,上海,园区开发,19920327,
600604.SH,市北高新,20170302,9.6104,9.5258,9.6701,9.5159,9.6004,-0.7771,46878.71,90180.279,-0.07460000000000022,上海,园区开发,19920327,
600604.SH,市北高新,20170301,9.6104,9.6004,9.6303,9.5258,9.6004,0.0,41502.86,79974.288,0.0,上海,园区开发,19920327,
600604.SH,市北高新,20170228,9.6701,9.6004,9.685,9.5606,9.6153,-0.155,33043.55,63833.685,-0.014899999999999025,上海,园区开发,19920327,
600604.SH,市北高新,20170227,9.5855,9.6153,9.6701,9.5805,9.6004,0.1552,37841.1,73119.851,0.014899999999999025,上海,园区开发,19920327,
600604.SH,市北高新,20170224,9.5407,9.6004,9.6502,9.4711,9.5407,0.6257,49136.75,94614.84,0.0597000000000012,上海,园区开发,19920327,
600604.SH,市北高新,20170223,9.5556,9.5407,9.6253,9.5009,9.5855,-0.4674,33596.92,64414.887,-0.044800000000000395,上海,园区开发,19920327,
600604.SH,市北高新,20170222,9.6203,9.5855,9.6402,9.5407,9.6452,-0.619,33651.85,64779.328,-0.0597000000000012,上海,园区开发,19920327,
600604.SH,市北高新,20170221,9.6104,9.6452,9.69,9.5457,9.6004,0.4666,32642.86,63169.905,0.044800000000000395,上海,园区开发,19920327,
600604.SH,市北高新,20170220,9.5208,9.6004,9.6253,9.4562,9.5208,0.8361,34886.94,67038.435,0.079600000000001,上海,园区开发,19920327,
600604.SH,市北高新,20170217,9.7596,9.5208,9.8193,9.481,9.8193,-3.0399,66913.36,129271.499,-0.29850000000000065,上海,园区开发,19920327,
600604.SH,市北高新,20170216,9.9486,9.8193,10.073,9.7397,9.884,-0.6546,69729.68,137997.713,-0.0647000000000002,上海,园区开发,19920327,
600604.SH,市北高新,20170215,9.7248,9.884,10.1575,9.6651,9.6651,2.2648,120451.36,239455.815,0.21889999999999965,上海,园区开发,19920327,
600604.SH,市北高新,20170214,9.5706,9.6651,9.7347,9.5258,9.5656,1.0402,51846.15,100522.206,0.09950000000000081,上海,园区开发,19920327,
600604.SH,市北高新,20170213,9.5059,9.5656,9.6104,9.4661,9.5009,0.681,36671.13,70364.516,0.0647000000000002,上海,园区开发,19920327,
600604.SH,市北高新,20170210,9.6551,9.5009,9.6551,9.5009,9.6303,-1.3437,46886.64,90031.805,-0.1294000000000004,上海,园区开发,19920327,
600604.SH,市北高新,20170209,9.6054,9.6303,9.68,9.5755,9.6104,0.2071,43235.18,83704.713,0.019899999999999807,上海,园区开发,19920327,
600604.SH,市北高新,20170208,9.5258,9.6104,9.6253,9.4611,9.6203,-0.1029,36991.14,71055.994,-0.00990000000000002,上海,园区开发,19920327,
600604.SH,市北高新,20170207,9.5059,9.6203,9.685,9.3815,9.5059,1.2035,51743.21,99049.544,0.11439999999999984,上海,园区开发,19920327,
600604.SH,市北高新,20170206,9.297,9.5059,9.6999,9.297,9.292,2.302,58920.4,113004.875,0.21390000000000065,上海,园区开发,19920327,
600604.SH,市北高新,20170203,9.3219,9.292,9.3318,9.2124,9.2671,0.2687,20878.97,38879.677,0.02490000000000059,上海,园区开发,19920327,
600604.SH,市北高新,20170126,9.3219,9.2671,9.3219,9.2472,9.2423,0.2683,20932.16,39034.672,0.024799999999999045,上海,园区开发,19920327,
600604.SH,市北高新,20170125,9.2671,9.2423,9.3169,9.1875,9.2423,0.0,25021.33,46529.189,0.0,上海,园区开发,19920327,
600604.SH,市北高新,20170124,9.4761,9.2423,9.4761,9.2124,9.4562,-2.262,35156.0,65868.332,-0.21390000000000065,上海,园区开发,19920327,
600604.SH,市北高新,20170123,9.4313,9.4562,9.5457,9.4313,9.4213,0.3704,33057.5,62941.087,0.034900000000000375,上海,园区开发,19920327,
600604.SH,市北高新,20170120,9.2821,9.4213,9.491,9.2821,9.3716,0.5303,42521.28,80392.364,0.04969999999999963,上海,园区开发,19920327,
600604.SH,市北高新,20170119,9.4711,9.3716,9.6949,9.3268,9.5556,-1.9256,46523.89,88789.045,-0.18399999999999928,上海,园区开发,19920327,
600604.SH,市北高新,20170118,9.5507,9.5556,9.685,9.4512,9.5457,0.1037,47630.51,91664.875,0.00990000000000002,上海,园区开发,19920327,
600604.SH,市北高新,20170117,9.5208,9.5457,9.5805,9.1378,9.4711,0.7877,56380.8,106730.264,0.07460000000000022,上海,园区开发,19920327,
600604.SH,市北高新,20170116,9.675,9.4711,9.8243,8.7498,9.6999,-2.3588,120590.85,229431.203,-0.22879999999999967,上海,园区开发,19920327,
600604.SH,市北高新,20170113,10.5455,9.6999,10.5455,9.4711,10.4958,-7.583,131329.08,265621.58,-0.7958999999999996,上海,园区开发,19920327,
600604.SH,市北高新,20170112,10.4709,10.4958,10.844,10.4361,10.4858,0.0954,99770.42,213021.781,0.009999999999999787,上海,园区开发,19920327,
600604.SH,市北高新,20170111,10.7445,10.4858,10.8738,10.4013,10.7893,-2.813,105943.63,227386.829,-0.30350000000000144,上海,园区开发,19920327,
600604.SH,市北高新,20170110,10.9136,10.7893,11.038,10.7346,10.9584,-1.5431,142825.64,312926.931,-0.16909999999999847,上海,园区开发,19920327,
600604.SH,市北高新,20170109,10.6848,10.9584,11.028,10.4858,10.6749,2.6558,159304.86,344403.102,0.2835000000000001,上海,园区开发,19920327,
600604.SH,市北高新,20170106,10.844,10.6749,10.844,10.5903,10.8888,-1.9644,107615.34,231464.188,-0.21390000000000065,上海,园区开发,19920327,
600604.SH,市北高新,20170105,10.7395,10.8888,10.9882,10.6848,10.9485,-0.5453,169612.12,368610.211,-0.05969999999999942,上海,园区开发,19920327,
600604.SH,市北高新,20170104,10.4063,10.9485,11.1822,10.3466,10.3864,5.4119,263386.98,575920.966,0.5620999999999992,上海,园区开发,19920327,
600604.SH,市北高新,20170103,10.2819,10.3864,10.5256,10.252,10.2819,1.0163,79062.28,164789.267,0.10449999999999982,上海,园区开发,19920327,
600604.SH,市北高新,20161230,10.5505,10.2819,10.6649,10.2471,10.5207,-2.2698,94497.9,198669.236,-0.23879999999999946,上海,园区开发,19920327,
600604.SH,市北高新,20161229,10.4311,10.5207,10.7246,10.3963,10.5555,-0.3297,109116.32,232297.813,-0.03480000000000061,上海,园区开发,19920327,
600604.SH,市北高新,20161228,10.834,10.5555,10.9783,10.461,10.9783,-3.8512,178341.33,384501.258,-0.4228000000000005,上海,园区开发,19920327,
600604.SH,市北高新,20161227,10.7445,10.9783,11.2171,10.5356,10.8838,0.8683,250227.43,548479.537,0.09450000000000003,上海,园区开发,19920327,
600604.SH,市北高新,20161226,10.3963,10.8838,11.2121,10.3068,10.5804,2.8676,283581.2,620886.43,0.30340000000000167,上海,园区开发,19920327,
600604.SH,市北高新,20161223,10.9435,10.5804,11.0678,10.2023,10.5057,0.711,332082.0,711139.017,0.07469999999999999,上海,园区开发,19920327,
600604.SH,市北高新,20161222,9.6104,10.5057,10.5057,9.5407,9.5507,9.9993,137548.17,284160.552,0.9549999999999983,上海,园区开发,19920327,
600604.SH,市北高新,20161221,9.6004,9.5507,9.6999,9.491,9.5357,0.1573,37515.92,72239.843,0.015000000000000568,上海,园区开发,19920327,
600604.SH,市北高新,20161220,9.6551,9.5357,9.7248,9.496,9.7098,-1.793,38629.3,74396.304,-0.17409999999999926,上海,园区开发,19920327,
600604.SH,市北高新,20161219,9.675,9.7098,9.8442,9.491,9.879,-1.7127,75858.09,147406.712,-0.16920000000000002,上海,园区开发,19920327,
600604.SH,市北高新,20161216,9.4512,9.879,10.2371,9.3418,9.4213,4.8581,119183.98,235595.153,0.4576999999999991,上海,园区开发,19920327,
600604.SH,市北高新,20161215,9.3766,9.4213,9.6502,9.302,9.4512,-0.3164,46368.84,88292.699,-0.029899999999999594,上海,园区开发,19920327,
600604.SH,市北高新,20161214,9.4014,9.4512,9.8939,9.1925,9.4611,-0.1046,68631.35,130215.145,-0.00990000000000002,上海,园区开发,19920327,
600604.SH,市北高新,20161213,9.9088,9.4611,9.9088,9.1279,9.9785,-5.1851,74206.46,140107.599,-0.5174000000000003,上海,园区开发,19920327,
600604.SH,市北高新,20161212,9.874,9.9785,10.3366,9.8392,9.874,1.0583,103295.61,208503.265,0.10449999999999982,上海,园区开发,19920327,
600604.SH,市北高新,20161209,9.9088,9.874,9.9834,9.8491,9.9287,-0.5509,28858.33,57561.66,-0.05469999999999864,上海,园区开发,19920327,
600604.SH,市北高新,20161208,9.9088,9.9287,9.9934,9.8989,9.9436,-0.1498,23474.42,46930.692,-0.014900000000000801,上海,园区开发,19920327,
600604.SH,市北高新,20161207,9.8889,9.9436,9.9735,9.8243,9.8541,0.9083,24373.96,48570.96,0.08949999999999925,上海,园区开发,19920327,
600604.SH,市北高新,20161206,9.9337,9.8541,9.9735,9.8243,9.8889,-0.3519,26835.27,53228.614,-0.03479999999999883,上海,园区开发,19920327,
600604.SH,市北高新,20161205,9.7695,9.8889,9.9387,9.7695,9.8989,-0.101,19477.36,38734.491,-0.009999999999999787,上海,园区开发,19920327,
600604.SH,市北高新,20161202,10.0332,9.8989,10.0332,9.874,10.0282,-1.2894,41850.07,83582.377,-0.12930000000000064,上海,园区开发,19920327,
600604.SH,市北高新,20161201,10.0431,10.0282,10.068,9.9834,10.0282,0.0,25168.82,50690.979,0.0,上海,园区开发,19920327,
600604.SH,市北高新,20161130,9.9984,10.0282,10.0779,9.9635,9.9834,0.4487,26398.15,53180.986,0.044800000000000395,上海,园区开发,19920327,
600604.SH,市北高新,20161129,10.1824,9.9834,10.1874,9.9635,10.1824,-1.9544,62082.65,125504.826,-0.19899999999999984,上海,园区开发,19920327,
600604.SH,市北高新,20161128,10.267,10.1824,10.2719,10.1575,10.267,-0.824,45240.86,92733.18,-0.08460000000000001,上海,园区开发,19920327,
600604.SH,市北高新,20161125,10.3515,10.267,10.4212,10.0929,10.3267,-0.5781,49104.35,100872.261,-0.0597000000000012,上海,园区开发,19920327,
600604.SH,市北高新,20161124,10.2471,10.3267,10.4162,10.2023,10.2371,0.8752,63774.62,132146.764,0.08960000000000079,上海,园区开发,19920327,
600604.SH,市北高新,20161123,10.2968,10.2371,10.3466,10.2073,10.3366,-0.9626,59107.54,121873.289,-0.09950000000000081,上海,园区开发,19920327,
600604.SH,市北高新,20161122,10.1227,10.3366,10.5605,10.1227,10.252,0.8252,88011.28,183544.961,0.08460000000000001,上海,园区开发,19920327,
600604.SH,市北高新,20161121,10.3167,10.252,10.3515,10.1973,10.267,-0.1461,40904.6,84374.208,-0.014999999999998792,上海,园区开发,19920327,
600604.SH,市北高新,20161118,10.3515,10.267,10.4262,10.1774,10.3217,-0.53,51128.22,105684.503,-0.054700000000000415,上海,园区开发,19920327,
600604.SH,市北高新,20161117,10.3864,10.3217,10.5953,10.2918,10.4759,-1.4719,77537.88,162331.78,-0.15419999999999945,上海,园区开发,19920327,
600604.SH,市北高新,20161116,10.3615,10.4759,10.7395,10.262,10.3267,1.4448,118852.44,250620.466,0.14919999999999867,上海,园区开发,19920327,
600604.SH,市北高新,20161115,10.2421,10.3267,10.3267,10.1476,10.2073,1.1698,65080.73,134431.828,0.11940000000000062,上海,园区开发,19920327,
600604.SH,市北高新,20161114,10.1725,10.2073,10.2322,10.1327,10.1973,0.0981,49066.69,100497.365,0.009999999999999787,上海,园区开发,19920327,
600604.SH,市北高新,20161111,10.2123,10.1973,10.267,10.1078,10.1924,0.0481,50663.08,103551.095,0.004900000000001015,上海,园区开发,19920327,
600604.SH,市北高新,20161110,10.1874,10.1924,10.2322,10.0829,10.0879,1.0359,54113.77,110534.6,0.10449999999999982,上海,园区开发,19920327,
600604.SH,市北高新,20161109,10.3466,10.0879,10.3466,9.9486,10.3515,-2.5465,85396.09,174098.847,-0.2636000000000003,上海,园区开发,19920327,
600604.SH,市北高新,20161108,10.446,10.3515,10.446,10.2769,10.3515,0.0,69272.83,143929.554,0.0,上海,园区开发,19920327,
600604.SH,市北高新,20161107,10.5704,10.3515,10.5704,10.2719,10.6003,-2.3471,94694.41,197145.187,-0.24880000000000102,上海,园区开发,19920327,
600604.SH,市北高新,20161104,10.0033,10.6003,10.9435,10.0033,9.9586,6.4437,222855.24,471912.829,0.6417000000000002,上海,园区开发,19920327,
600604.SH,市北高新,20161103,9.874,9.9586,10.0232,9.874,9.9536,0.0502,39726.3,79485.168,0.005000000000000782,上海,园区开发,19920327,
600604.SH,市北高新,20161102,9.9884,9.9536,10.073,9.9237,10.0481,-0.9405,39385.06,79092.348,-0.09450000000000003,上海,园区开发,19920327,
600604.SH,市北高新,20161101,10.0581,10.0481,10.0829,9.9387,10.0431,0.0498,46950.77,94517.566,0.004999999999999005,上海,园区开发,19920327,
600604.SH,市北高新,20161031,10.0282,10.0431,10.0531,9.8641,10.0332,0.0987,41267.61,82314.154,0.00990000000000002,上海,园区开发,19920327,
600604.SH,市北高新,20161028,10.2222,10.0332,10.2222,9.9934,10.1973,-1.6092,60414.47,122270.83,-0.16409999999999947,上海,园区开发,19920327,
600604.SH,市北高新,20161027,10.3366,10.1973,10.3714,10.0929,10.2719,-0.7263,44638.59,91619.298,-0.07460000000000022,上海,园区开发,19920327,
600604.SH,市北高新,20161026,10.4361,10.2719,10.4361,10.2371,10.5008,-2.1798,54623.06,113167.044,-0.22889999999999944,上海,园区开发,19920327,
600604.SH,市北高新,20161025,10.2073,10.5008,10.6649,10.1675,10.2172,2.7757,90744.64,189864.965,0.28359999999999985,上海,园区开发,19920327,
600604.SH,市北高新,20161024,10.1078,10.2172,10.2371,10.1078,10.1476,0.6859,37979.0,77756.962,0.06959999999999944,上海,园区开发,19920327,
600604.SH,市北高新,20161021,10.2222,10.1476,10.2322,10.0481,10.2172,-0.6812,33525.72,68332.915,-0.06959999999999944,上海,园区开发,19920327,
600604.SH,市北高新,20161020,10.3217,10.2172,10.3366,10.1575,10.2869,-0.6776,47991.52,98779.442,-0.06969999999999921,上海,园区开发,19920327,
600604.SH,市北高新,20161019,10.2769,10.2869,10.3018,10.1327,10.2719,0.146,43910.92,90127.322,0.014999999999998792,上海,园区开发,19920327,
600604.SH,市北高新,20161018,10.0481,10.2719,10.3466,10.0332,10.0133,2.5826,54875.38,112626.392,0.2586000000000013,上海,园区开发,19920327,
600604.SH,市北高新,20161017,10.0978,10.0133,10.1376,9.9785,10.0581,-0.4454,23222.78,47007.721,-0.044800000000000395,上海,园区开发,19920327,
600604.SH,市北高新,20161014,10.1625,10.0581,10.1824,9.9735,10.1625,-1.0273,32696.41,66034.326,-0.10440000000000005,上海,园区开发,19920327,
600604.SH,市北高新,20161013,10.2023,10.1625,10.267,10.0978,10.1924,-0.2934,26909.07,54935.722,-0.029899999999999594,上海,园区开发,19920327,
600604.SH,市北高新,20161012,10.1973,10.1924,10.257,10.1376,10.2272,-0.3403,21158.2,43392.473,-0.03480000000000061,上海,园区开发,19920327,
600604.SH,市北高新,20161011,10.1625,10.2272,10.3267,10.1625,10.1426,0.8341,36974.08,76095.056,0.08460000000000001,上海,园区开发,19920327,
600604.SH,市北高新,20161010,10.0083,10.1426,10.1476,9.9884,10.0083,1.3419,44266.63,89733.499,0.13429999999999964,上海,园区开发,19920327,
600604.SH,市北高新,20160930,9.9536,10.0083,10.063,9.9536,10.0033,0.05,30746.5,61822.006,0.005000000000000782,上海,园区开发,19920327,
600604.SH,市北高新,20160929,10.0481,10.0033,10.0531,9.9735,10.0481,-0.4459,37247.34,74954.09,-0.044800000000000395,上海,园区开发,19920327,
600604.SH,市北高新,20160928,10.1426,10.0481,10.2421,10.0382,10.0431,0.0498,38911.16,79212.022,0.004999999999999005,上海,园区开发,19920327,
600604.SH,市北高新,20160927,9.9785,10.0431,10.073,9.9486,9.9735,0.6978,26807.18,53955.217,0.06960000000000122,上海,园区开发,19920327,
600604.SH,市北高新,20160926,10.2471,9.9735,10.2968,9.9635,10.2968,-3.1398,32273.85,65489.239,-0.3232999999999997,上海,园区开发,19920327,
600604.SH,市北高新,20160923,10.4112,10.2968,10.461,10.2769,10.4112,-1.0988,22652.09,47030.289,-0.11439999999999984,上海,园区开发,19920327,
600604.SH,市北高新,20160922,10.4063,10.4112,10.4958,10.4063,10.3963,0.1433,25682.73,53936.929,0.014899999999999025,上海,园区开发,19920327,
600604.SH,市北高新,20160921,10.5157,10.3963,10.5157,10.3267,10.3913,0.0481,21856.48,45666.828,0.005000000000000782,上海,园区开发,19920327,
600604.SH,市北高新,20160920,10.5953,10.3913,10.5953,10.2968,10.3814,0.0954,24282.32,50932.544,0.00990000000000002,上海,园区开发,19920327,
600604.SH,市北高新,20160919,10.3515,10.3814,10.4411,10.3167,10.3466,0.3363,20148.4,41998.306,0.03479999999999883,上海,园区开发,19920327,
600604.SH,市北高新,20160914,10.2719,10.3466,10.4311,10.1924,10.3316,0.1452,21974.3,45554.071,0.015000000000000568,上海,园区开发,19920327,
600604.SH,市北高新,20160913,10.3316,10.3316,10.4262,10.2222,10.3217,0.0959,25610.27,53149.436,0.00990000000000002,上海,园区开发,19920327,
600604.SH,市北高新,20160912,10.446,10.3217,10.5256,10.2869,10.7346,-3.8464,44368.03,92835.595,-0.4129000000000005,上海,园区开发,19920327,
600604.SH,市北高新,20160909,10.7594,10.7346,10.8589,10.7047,10.7296,0.0466,50901.8,110354.61,0.005000000000000782,上海,园区开发,19920327,
600604.SH,市北高新,20160908,10.6102,10.7296,10.7694,10.5406,10.5853,1.3632,52064.02,111809.812,0.14429999999999943,上海,园区开发,19920327,
600604.SH,市北高新,20160907,10.645,10.5853,10.7147,10.5505,10.6102,-0.2347,34399.11,73562.425,-0.02490000000000059,上海,园区开发,19920327,
600604.SH,市北高新,20160906,10.5654,10.6102,10.6201,10.451,10.5654,0.424,33680.48,71511.423,0.044800000000000395,上海,园区开发,19920327,
600604.SH,市北高新,20160905,10.4958,10.5654,10.6997,10.446,10.4809,0.8062,37420.61,79512.232,0.08450000000000024,上海,园区开发,19920327,
600604.SH,市北高新,20160902,10.7495,10.4809,10.7495,10.3963,10.6948,-2.0,61654.5,130369.009,-0.21390000000000065,上海,园区开发,19920327,
600604.SH,市北高新,20160901,10.8639,10.6948,10.8639,10.6898,10.8291,-1.2402,51472.37,111154.765,-0.13429999999999964,上海,园区开发,19920327,
600604.SH,市北高新,20160831,10.839,10.8291,10.8838,10.7644,10.7992,0.2769,39809.64,86592.917,0.029899999999999594,上海,园区开发,19920327,
600604.SH,市北高新,20160830,10.7843,10.7992,10.8838,10.7545,10.849,-0.459,41855.64,90903.949,-0.0497999999999994,上海,园区开发,19920327,
600604.SH,市北高新,20160829,10.8937,10.849,11.0181,10.7793,10.8888,-0.3655,37270.75,81609.065,-0.03979999999999961,上海,园区开发,19920327,
600604.SH,市北高新,20160826,10.9385,10.8888,11.0927,10.844,10.9037,-0.1367,46612.76,102950.854,-0.014900000000000801,上海,园区开发,19920327,
600604.SH,市北高新,20160825,10.8888,10.9037,10.9982,10.6997,10.8838,0.1828,52341.96,114581.529,0.019899999999999807,上海,园区开发,19920327,
600604.SH,市北高新,20160824,10.9186,10.8838,10.9335,10.7942,10.8738,0.092,39574.72,86467.724,0.010000000000001563,上海,园区开发,19920327,
600604.SH,市北高新,20160823,10.844,10.8738,11.0231,10.6948,10.9286,-0.5014,59885.66,130576.654,-0.05480000000000018,上海,园区开发,19920327,
600604.SH,市北高新,20160822,11.3713,10.9286,11.6896,10.7942,11.3961,-4.1023,143808.37,326180.307,-0.46750000000000114,上海,园区开发,19920327,
600604.SH,市北高新,20160819,11.5404,11.3961,11.6747,11.3812,11.7045,-2.6349,70666.35,162916.272,-0.3083999999999989,上海,园区开发,19920327,
600604.SH,市北高新,20160818,11.6797,11.7045,12.1323,11.6797,11.8438,-1.1761,108897.84,259579.978,-0.13930000000000042,上海,园区开发,19920327,
600604.SH,市北高新,20160817,11.5802,11.8438,12.3214,11.5354,11.8239,0.1683,112683.48,269203.003,0.019899999999999807,上海,园区开发,19920327,
600604.SH,市北高新,20160816,11.232,11.8239,12.1124,11.2171,11.3464,4.2084,119202.12,278841.578,0.4775000000000009,上海,园区开发,19920327,
600604.SH,市北高新,20160815,10.9435,11.3464,11.7792,10.9435,10.9733,3.4001,91196.45,209968.478,0.3730999999999991,上海,园区开发,19920327,
600604.SH,市北高新,20160812,10.8092,10.9733,11.043,10.6749,10.8141,1.4722,39037.5,85190.659,0.15920000000000023,上海,园区开发,19920327,
600604.SH,市北高新,20160811,11.038,10.8141,11.1176,10.8042,11.1076,-2.6423,48129.7,105652.712,-0.29349999999999987,上海,园区开发,19920327,
600604.SH,市北高新,20160810,11.1474,11.1076,11.1773,11.043,11.1574,-0.4463,36651.2,81801.039,-0.04980000000000118,上海,园区开发,19920327,
600604.SH,市北高新,20160809,11.0927,11.1574,11.232,10.9932,11.1027,0.4927,45094.01,100655.641,0.054700000000000415,上海,园区开发,19920327,
600604.SH,市北高新,20160808,10.9485,11.1027,11.2668,10.9435,11.1027,0.0,39709.9,88619.421,0.0,上海,园区开发,19920327,
600604.SH,市北高新,20160805,11.1176,11.1027,11.5255,11.043,11.1027,0.0,58979.01,133754.464,0.0,上海,园区开发,19920327,
600604.SH,市北高新,20160804,11.1275,11.1027,11.1972,10.9435,11.232,-1.1512,50576.08,112437.711,-0.12929999999999886,上海,园区开发,19920327,
600604.SH,市北高新,20160803,10.9932,11.232,11.3762,10.7992,10.9783,2.3109,75647.01,170000.851,0.2536999999999985,上海,园区开发,19920327,
600604.SH,市北高新,20160802,10.7694,10.9783,11.1723,10.7694,10.7545,2.081,53180.33,117273.373,0.22380000000000067,上海,园区开发,19920327,
600604.SH,市北高新,20160801,11.3762,10.7545,11.3762,10.6301,11.4857,-6.3662,66345.12,144435.442,-0.7311999999999994,上海,园区开发,19920327,
600604.SH,市北高新,20160729,12.2268,11.4857,12.3114,11.4658,12.3512,-7.0074,105744.74,251409.002,-0.8655000000000008,上海,园区开发,19920327,
600604.SH,市北高新,20160728,12.5701,12.3512,12.59,12.0726,12.7939,-3.4602,129768.01,323061.123,-0.4427000000000003,上海,园区开发,19920327,
600604.SH,市北高新,20160727,12.2368,12.7939,13.1322,11.7891,12.1821,5.0221,233462.56,589033.97,0.6118000000000006,上海,园区开发,19920327,
600604.SH,市北高新,20160726,12.2418,12.1821,12.3214,12.0478,12.1323,0.4105,48060.56,117462.944,0.0497999999999994,上海,园区开发,19920327,
600604.SH,市北高新,20160725,11.9931,12.1323,12.1572,11.9533,11.9831,1.2451,45902.16,111433.444,0.14920000000000044,上海,园区开发,19920327,
600604.SH,市北高新,20160722,12.0428,11.9831,12.2368,11.9433,12.2219,-1.9539,59158.99,143647.122,-0.23879999999999946,上海,园区开发,19920327,
600604.SH,市北高新,20160721,11.9433,12.2219,12.5303,11.8985,12.0229,1.6552,94650.68,232936.083,0.19899999999999984,上海,园区开发,19920327,
600604.SH,市北高新,20160720,12.0627,12.0229,12.207,11.9582,12.192,-1.387,48985.43,118786.126,-0.16910000000000025,上海,园区开发,19920327,
600604.SH,市北高新,20160719,11.7394,12.192,12.202,11.6896,11.7841,3.4614,77624.96,188134.559,0.4078999999999997,上海,园区开发,19920327,
600604.SH,市北高新,20160718,11.9383,11.7841,11.9881,11.7095,11.9732,-1.5794,36094.25,85523.143,-0.18909999999999982,上海,园区开发,19920327,
600604.SH,市北高新,20160715,12.1771,11.9732,12.2816,11.9085,12.1224,-1.2308,43835.37,105975.955,-0.14920000000000044,上海,园区开发,19920327,
600604.SH,市北高新,20160714,11.9831,12.1224,12.3363,11.9831,12.008,0.9527,70533.4,172675.064,0.11440000000000161,上海,园区开发,19920327,
600604.SH,市北高新,20160713,11.8389,12.008,12.0279,11.7543,11.8339,1.4712,53465.28,127774.394,0.17409999999999926,上海,园区开发,19920327,
600604.SH,市北高新,20160712,11.8637,11.8339,11.8687,11.5404,11.819,0.1261,48801.75,115048.926,0.014899999999999025,上海,园区开发,19920327,
600604.SH,市北高新,20160711,11.9135,11.819,12.0378,11.6996,12.0726,-2.1006,63372.05,150687.526,-0.2535999999999987,上海,园区开发,19920327,
600604.SH,市北高新,20160708,12.0329,12.0726,12.3761,11.9383,11.8438,1.9318,87078.46,213337.56,0.22879999999999967,上海,园区开发,19920327,
600604.SH,市北高新,20160707,12.0627,11.8438,12.1771,11.6946,12.1224,-2.2982,64231.21,153081.455,-0.27860000000000085,上海,园区开发,19920327,
600604.SH,市北高新,20160706,11.8886,12.1224,12.3612,11.8886,12.0776,0.3709,60466.24,147503.59,0.044800000000000395,上海,园区开发,19920327,
600604.SH,市北高新,20160705,12.0876,12.0776,12.5552,11.9682,12.0577,0.165,89538.87,220547.659,0.019899999999999807,上海,园区开发,19920327,
600604.SH,市北高新,20160704,11.6896,12.0577,12.1821,11.5056,11.8786,1.5078,75440.18,181775.567,0.17910000000000004,上海,园区开发,19920327,
600604.SH,市北高新,20160701,12.1572,11.8786,12.1572,11.8588,11.9383,-0.5001,62879.86,151836.181,-0.05969999999999942,上海,园区开发,19920327,
600604.SH,市北高新,20160630,12.0876,11.9383,12.2617,11.8538,12.3413,-3.2655,102994.47,248354.21,-0.40300000000000047,上海,园区开发,19920327,
600604.SH,市北高新,20160629,12.4358,12.3413,13.0775,12.3313,11.9334,3.4181,213597.38,540394.226,0.4078999999999997,上海,园区开发,19920327,
600604.SH,市北高新,20160628,10.7644,11.9334,11.9334,10.7196,10.849,9.9954,132946.35,312318.903,1.0844000000000005,上海,园区开发,19920327,
600604.SH,市北高新,20160627,10.5455,10.849,10.9087,10.4709,10.65,1.8685,51739.81,112326.378,0.19899999999999984,上海,园区开发,19920327,
600604.SH,市北高新,20160624,10.9435,10.65,10.9435,9.9486,10.9485,-2.7264,57816.39,124095.661,-0.2984999999999989,上海,园区开发,19920327,
600604.SH,市北高新,20160623,10.7694,10.9485,11.1922,10.5853,10.7097,2.2298,77888.35,171748.57,0.23879999999999946,上海,园区开发,19920327,
600604.SH,市北高新,20160622,10.65,10.7097,10.7196,10.456,10.65,0.5606,39129.0,83115.159,0.05969999999999942,上海,园区开发,19920327,
600604.SH,市北高新,20160621,10.8589,10.65,10.9236,10.5455,10.7744,-1.1546,37570.78,81509.253,-0.12439999999999962,上海,园区开发,19920327,
600604.SH,市北高新,20160620,10.8539,10.7744,10.8838,10.7445,10.7445,0.2783,30053.52,65231.429,0.029899999999999594,上海,园区开发,19920327,
600604.SH,市北高新,20160617,10.844,10.7445,10.9087,10.7196,10.7694,-0.2312,41289.1,89707.321,-0.024899999999998812,上海,园区开发,19920327,
600604.SH,市北高新,20160616,10.844,10.7694,10.9982,10.7196,10.9136,-1.3213,51015.64,111028.4,-0.14420000000000144,上海,园区开发,19920327,
600604.SH,市北高新,20160615,10.4659,10.9136,11.043,10.456,10.7097,1.9039,53166.39,115958.569,0.20390000000000086,上海,园区开发,19920327,
600604.SH,市北高新,20160614,10.6699,10.7097,10.9087,10.645,10.6848,0.233,35248.59,75995.988,0.02490000000000059,上海,园区开发,19920327,
600604.SH,市北高新,20160613,11.4409,10.6848,11.5304,10.6649,11.6299,-8.1265,59624.68,134306.516,-0.9451,上海,园区开发,19920327,
600604.SH,市北高新,20160608,11.6299,11.6299,11.8339,11.5901,11.6299,0.0,44840.69,105282.667,0.0,上海,园区开发,19920327,
600604.SH,市北高新,20160607,11.814,11.6299,11.8687,11.6001,11.8339,-1.7239,48377.08,113390.002,-0.20400000000000063,上海,园区开发,19920327,
600604.SH,市北高新,20160606,11.9931,11.8339,12.1771,11.7941,11.8936,-0.502,60496.57,145202.532,-0.05969999999999942,上海,园区开发,19920327,
600604.SH,市北高新,20160603,11.7742,11.8936,11.9135,11.6399,11.7642,1.0999,77883.21,184641.145,0.12939999999999863,上海,园区开发,19920327,
600604.SH,市北高新,20160602,11.7593,11.7642,11.7991,11.6001,11.7443,0.1694,62249.07,146240.648,0.019899999999999807,上海,园区开发,19920327,
600604.SH,市北高新,20160601,11.7294,11.7443,11.8886,11.7294,11.7941,-0.4222,77315.71,183214.12,-0.0497999999999994,上海,园区开发,19920327,
600604.SH,市北高新,20160531,11.3912,11.7941,11.8239,11.3414,11.4359,3.1322,96862.68,226947.009,0.3582000000000001,上海,园区开发,19920327,
600604.SH,市北高新,20160530,11.1673,11.4359,11.6896,11.1176,11.1375,2.6792,71874.93,165214.649,0.2984000000000009,上海,园区开发,19920327,
600604.SH,市北高新,20160527,11.237,11.1375,11.4359,11.0728,11.2768,-1.2353,46348.01,104444.791,-0.13930000000000042,上海,园区开发,19920327,
600604.SH,市北高新,20160526,11.5006,11.2768,11.5901,10.9435,11.4608,-1.6055,51303.41,115215.642,-0.18400000000000105,上海,园区开发,19920327,
600604.SH,市北高新,20160525,11.6349,11.4608,11.7244,11.431,11.5155,-0.475,37811.17,87754.795,-0.05469999999999864,上海,园区开发,19920327,
600604.SH,市北高新,20160524,11.7145,11.5155,11.809,11.4907,11.814,-2.5267,42862.49,99845.122,-0.29850000000000065,上海,园区开发,19920327,
600604.SH,市北高新,20160523,11.7294,11.814,11.9135,11.7095,11.6847,1.1066,50655.07,120163.725,0.12930000000000064,上海,园区开发,19920327,
600604.SH,市北高新,20160520,11.4956,11.6847,11.7642,11.4956,11.819,-1.1363,50063.15,117075.336,-0.13430000000000142,上海,园区开发,19920327,
600604.SH,市北高新,20160519,11.6399,11.819,12.0378,11.4409,11.8389,-0.1681,79156.15,186873.13,-0.019899999999999807,上海,园区开发,19920327,
600604.SH,市北高新,20160518,11.4909,11.8388,12.5247,11.4412,11.6549,1.5779,112003.13,271376.006,0.18390000000000128,上海,园区开发,19920327,
600604.SH,市北高新,20160517,11.7792,11.6549,11.8289,11.5357,11.8339,-1.5126,47975.37,112822.086,-0.17900000000000027,上海,园区开发,19920327,
600604.SH,市北高新,20160516,11.7245,11.8339,11.8488,11.3816,11.7096,1.0615,57630.7,134181.739,0.12429999999999986,上海,园区开发,19920327,
600604.SH,市北高新,20160513,11.9283,11.7096,12.0277,11.65,11.9581,-2.0781,45288.4,108139.934,-0.24849999999999994,上海,园区开发,19920327,
600604.SH,市北高新,20160512,11.8289,11.9581,12.0675,11.6351,11.8786,0.6693,49358.58,117436.425,0.07949999999999946,上海,园区开发,19920327,
600604.SH,市北高新,20160511,12.2016,11.8786,12.3011,11.8637,12.0724,-1.6053,40551.06,98042.899,-0.19379999999999953,上海,园区开发,19920327,
600604.SH,市北高新,20160510,11.9581,12.0724,12.1669,11.7692,11.9581,0.9558,46473.09,112071.608,0.11430000000000007,上海,园区开发,19920327,
600604.SH,市北高新,20160509,12.8726,11.9581,12.8726,11.7494,12.8925,-7.2476,66920.92,165639.43,-0.9344000000000001,上海,园区开发,19920327,
600604.SH,市北高新,20160506,13.7126,12.8925,13.7424,12.8676,13.6629,-5.6386,80511.76,215622.444,-0.7704000000000004,上海,园区开发,19920327,
600604.SH,市北高新,20160505,13.6132,13.6629,13.7523,13.4889,13.4889,1.2899,57344.94,157043.661,0.17400000000000126,上海,园区开发,19920327,
600604.SH,市北高新,20160504,13.5088,13.4889,13.8666,13.4243,13.5088,-0.1473,62721.68,171818.449,-0.019900000000001583,上海,园区开发,19920327,
600604.SH,市北高新,20160503,13.0714,13.5088,13.5535,13.0714,13.2305,2.1035,59174.92,159475.378,0.27830000000000155,上海,园区开发,19920327,
600604.SH,市北高新,20160429,13.1211,13.2305,13.4392,13.0466,13.1211,0.8338,43614.65,116479.695,0.10939999999999905,上海,园区开发,19920327,
600604.SH,市北高新,20160428,13.3299,13.1211,13.5287,12.9273,13.3597,-1.786,57047.71,151098.177,-0.23859999999999992,上海,园区开发,19920327,
600604.SH,市北高新,20160427,13.6082,13.3597,13.8169,13.3299,13.5684,-1.5381,57169.54,156303.897,-0.20870000000000033,上海,园区开发,19920327,
600604.SH,市北高新,20160426,13.4342,13.5684,13.6977,13.3448,13.633,-0.4739,56309.62,153310.923,-0.06459999999999866,上海,园区开发,19920327,
600604.SH,市北高新,20160425,13.3348,13.633,13.9412,12.8229,13.4541,1.3297,89018.68,239770.378,0.17889999999999873,上海,园区开发,19920327,
600604.SH,市北高新,20160422,13.3448,13.4541,13.5187,13.146,13.5635,-0.8066,69850.3,187594.338,-0.10939999999999905,上海,园区开发,19920327,
600604.SH,市北高新,20160421,13.9909,13.5635,14.304,13.4889,14.3885,-5.7337,122724.42,343828.621,-0.8250000000000011,上海,园区开发,19920327,
600604.SH,市北高新,20160420,14.811,14.3885,15.2583,13.4442,14.9104,-3.5002,176084.07,519403.093,-0.5218999999999987,上海,园区开发,19920327,
600604.SH,市北高新,20160419,14.6122,14.9104,15.144,14.3835,14.5923,2.1799,131114.49,388928.404,0.3180999999999994,上海,园区开发,19920327,
600604.SH,市北高新,20160418,14.7811,14.5923,14.9104,14.2543,14.8159,-1.5092,120582.5,352264.519,-0.22359999999999935,上海,园区开发,19920327,
600604.SH,市北高新,20160415,14.0555,14.8159,15.144,13.8468,13.9462,6.2361,190826.86,559779.595,0.8696999999999999,上海,园区开发,19920327,
600604.SH,市北高新,20160414,13.9163,13.9462,13.9959,13.6877,13.802,1.0448,62027.31,172771.13,0.14419999999999966,上海,园区开发,19920327,
600604.SH,市北高新,20160413,13.6827,13.802,14.0157,13.6827,13.6579,1.0551,77768.49,216990.688,0.1440999999999999,上海,园区开发,19920327,
600604.SH,市北高新,20160412,13.9163,13.6579,14.0804,13.474,13.9064,-1.7869,57358.35,157666.069,-0.24849999999999994,上海,园区开发,19920327,
600604.SH,市北高新,20160411,13.8318,13.9064,14.1499,13.8169,13.6827,1.6349,69431.74,194761.196,0.22369999999999912,上海,园区开发,19920327,
600604.SH,市北高新,20160408,14.1201,13.6827,14.1201,13.3845,14.304,-4.3435,104699.14,288959.472,-0.6212999999999997,上海,园区开发,19920327,
600604.SH,市北高新,20160407,14.8159,14.304,15.0346,14.2394,14.9104,-4.067,111784.87,325756.822,-0.6063999999999989,上海,园区开发,19920327,
600604.SH,市北高新,20160406,14.6718,14.9104,15.3577,14.6619,14.8159,0.6378,102999.73,310639.912,0.09450000000000003,上海,园区开发,19920327,
600604.SH,市北高新,20160405,14.637,14.8159,14.9004,14.478,14.5128,2.0885,81614.05,242003.723,0.3030999999999988,上海,园区开发,19920327,
600604.SH,市北高新,20160401,14.6668,14.5128,14.9551,14.2891,14.9551,-2.9575,93750.01,274293.626,-0.44229999999999947,上海,园区开发,19920327,
600604.SH,市北高新,20160331,15.2533,14.9551,15.6062,14.7911,15.3129,-2.3366,183756.3,559525.263,-0.357800000000001,上海,园区开发,19920327,
600604.SH,市北高新,20160330,15.0744,15.3129,15.5068,14.7364,14.7066,4.1226,172958.06,526226.936,0.606300000000001,上海,园区开发,19920327,
600604.SH,市北高新,20160329,15.3428,14.7066,15.4819,14.3139,15.6658,-6.1229,168501.28,507630.046,-0.9592000000000009,上海,园区开发,19920327,
600604.SH,市北高新,20160328,14.5575,15.6658,15.6658,14.3984,14.2394,10.0173,245369.0,745401.739,1.426400000000001,上海,园区开发,19920327,
600604.SH,市北高新,20160325,14.2692,14.2394,14.6569,13.8815,14.2145,0.1752,104149.26,297440.563,0.02490000000000059,上海,园区开发,19920327,
600604.SH,市北高新,20160324,14.3637,14.2145,14.8905,14.1499,14.5475,-2.2891,145527.12,425129.053,-0.3330000000000002,上海,园区开发,19920327,
600604.SH,市北高新,20160323,14.4581,14.5475,14.637,14.14,14.6221,-0.5102,137322.27,396451.484,-0.07460000000000022,上海,园区开发,19920327,
600604.SH,市北高新,20160322,14.0754,14.6221,14.8955,13.6827,14.1301,3.4819,190018.8,553079.507,0.4919999999999991,上海,园区开发,19920327,
600604.SH,市北高新,20160321,13.8468,14.1301,14.5525,13.8468,13.7324,2.8961,146531.47,417791.909,0.3977000000000004,上海,园区开发,19920327,
600604.SH,市北高新,20160318,13.3448,13.7324,13.8865,13.1708,13.2106,3.9499,153929.6,421472.297,0.5218000000000007,上海,园区开发,19920327,
600604.SH,市北高新,20160317,12.8179,13.2106,13.2454,12.7335,12.8378,2.9039,104512.52,274277.855,0.3727999999999998,上海,园区开发,19920327,
600604.SH,市北高新,20160316,13.1857,12.8378,13.3696,12.7384,13.2056,-2.7852,82453.57,214899.173,-0.3678000000000008,上海,园区开发,19920327,
600604.SH,市北高新,20160315,13.2702,13.2056,13.8617,13.0963,13.3696,-1.2267,102591.95,277749.894,-0.1639999999999997,上海,园区开发,19920327,
600604.SH,市北高新,20160314,13.0466,13.3696,13.5138,12.9223,12.7185,5.1193,102829.83,275283.541,0.6510999999999996,上海,园区开发,19920327,
600604.SH,市北高新,20160311,12.5744,12.7185,13.1211,12.4452,12.9422,-1.7285,74587.3,191500.531,-0.22369999999999912,上海,园区开发,19920327,
600604.SH,市北高新,20160310,13.4193,12.9422,13.9114,12.9223,13.6827,-5.4119,110107.99,295730.297,-0.7405000000000008,上海,园区开发,19920327,
600604.SH,市北高新,20160309,12.8478,13.6827,14.3984,12.4452,13.3398,2.5705,160869.17,441951.319,0.3429000000000002,上海,园区开发,19920327,
600604.SH,市北高新,20160308,13.0963,13.3398,13.4094,12.0873,13.2454,0.7127,115012.78,297020.03,0.09440000000000026,上海,园区开发,19920327,
600604.SH,市北高新,20160307,13.0615,13.2454,13.4193,12.977,12.8378,3.175,80238.27,214390.66,0.4076000000000004,上海,园区开发,19920327,
600604.SH,市北高新,20160304,13.7623,12.8378,13.9909,12.7136,14.0157,-8.4041,130694.35,348982.863,-1.177900000000001,上海,园区开发,19920327,
600604.SH,市北高新,20160303,14.0654,14.0157,14.9004,13.8766,14.1151,-0.7042,168495.28,487910.247,-0.09939999999999927,上海,园区开发,19920327,
600604.SH,市北高新,20160302,13.1708,14.1151,14.2742,13.0217,13.3597,5.6543,152644.69,423199.171,0.7553999999999998,上海,园区开发,19920327,
600604.SH,市北高新,20160301,12.9223,13.3597,13.7474,12.4601,13.141,1.6643,128099.44,342431.798,0.21870000000000012,上海,园区开发,19920327,
600604.SH,市北高新,20160229,14.4879,13.141,14.4879,13.141,14.6022,-10.0067,95997.71,258894.309,-1.4611999999999998,上海,园区开发,19920327,
600604.SH,市北高新,20160226,15.4223,14.6022,15.6807,14.4183,15.4223,-5.3176,150410.85,452044.108,-0.8201,上海,园区开发,19920327,
600604.SH,市北高新,20160225,16.7245,15.4223,16.799,15.4223,17.137,-10.0058,215985.55,691621.055,-1.7147000000000006,上海,园区开发,19920327,
600604.SH,市北高新,20160224,15.9591,17.137,17.7235,15.8597,16.1579,6.0596,287742.54,989399.927,0.979099999999999,上海,园区开发,19920327,
600604.SH,市北高新,20160223,16.7493,16.1579,16.7493,15.631,16.7742,-3.6741,177928.3,577521.958,-0.616299999999999,上海,园区开发,19920327,
600604.SH,市北高新,20160222,16.5505,16.7742,17.3507,16.302,16.3964,2.3042,202413.94,687939.057,0.3778000000000006,上海,园区开发,19920327,
600604.SH,市北高新,20160219,17.3954,16.3964,17.5246,16.1529,17.0525,-3.8475,254938.16,853115.395,-0.6560999999999986,上海,园区开发,19920327,
600604.SH,市北高新,20160218,15.7304,17.0525,17.0525,15.5068,15.5018,10.0034,269298.55,897530.883,1.550699999999999,上海,园区开发,19920327,
600604.SH,市北高新,20160217,15.4571,15.5018,15.7801,14.9104,15.6261,-0.7955,192616.7,595396.018,-0.12429999999999986,上海,园区开发,19920327,
600604.SH,市北高新,20160216,15.1589,15.6261,16.0535,14.8209,15.0346,3.9343,187822.84,583860.389,0.5914999999999999,上海,园区开发,19920327,
600604.SH,市北高新,20160215,14.4183,15.0346,15.5018,14.4183,14.9949,0.2648,135709.65,413769.57,0.039699999999999847,上海,园区开发,19920327,
600604.SH,市北高新,20160205,15.4869,14.9949,16.1231,14.8159,15.6956,-4.4643,155366.89,479178.323,-0.7007000000000012,上海,园区开发,19920327,
600604.SH,市北高新,20160204,15.6807,15.6956,16.6996,15.5714,16.1777,-2.98,300915.48,966224.79,-0.48210000000000086,上海,园区开发,19920327,
600604.SH,市北高新,20160203,15.5068,16.1777,17.3408,15.4074,15.8199,2.2617,334890.69,1087587.639,0.357800000000001,上海,园区开发,19920327,
600604.SH,市北高新,20160202,14.0903,15.8199,15.8199,13.8418,14.3835,9.9864,321449.32,970320.613,1.4364000000000008,上海,园区开发,19920327,
600604.SH,市北高新,20160201,14.5625,14.3835,15.5962,14.2742,14.8855,-3.3724,234380.73,709373.863,-0.5020000000000007,上海,园区开发,19920327,
600604.SH,市北高新,20160129,15.5117,14.8855,15.9392,14.3487,15.9441,-6.6394,317832.9,958483.388,-1.0586000000000002,上海,园区开发,19920327,
600604.SH,市北高新,20160128,14.9153,15.9441,16.302,14.5625,14.8209,7.5785,353427.49,1108312.848,1.1232000000000006,上海,园区开发,19920327,
600604.SH,市北高新,20160127,13.5983,14.8209,14.8209,12.808,13.474,9.9963,290883.11,801086.85,1.3468999999999998,上海,园区开发,19920327,
600604.SH,市北高新,20160126,12.8726,13.474,14.2295,12.7185,13.0118,3.5522,340314.87,929991.298,0.46220000000000105,上海,园区开发,19920327,
600604.SH,市北高新,20160125,11.978,13.0118,13.0118,11.978,11.8289,10.0001,184686.39,465940.278,1.1828999999999983,上海,园区开发,19920327,
600604.SH,市北高新,20160122,11.9084,11.8289,11.9531,11.1977,11.6003,1.9706,113513.46,265925.603,0.22860000000000014,上海,园区开发,19920327,
600604.SH,市北高新,20160121,12.4253,11.6003,12.6639,11.6003,12.8875,-9.988,179716.1,443551.316,-1.2871999999999986,上海,园区开发,19920327,
600604.SH,市北高新,20160120,11.9333,12.8875,13.3,11.8587,12.142,6.1398,238616.76,606515.944,0.7454999999999998,上海,园区开发,19920327,
600604.SH,市北高新,20160119,11.5804,12.142,12.3905,11.5058,11.5704,4.9402,163942.18,396273.584,0.5716000000000001,上海,园区开发,19920327,
600604.SH,市北高新,20160118,10.8498,11.5704,11.8786,10.8299,11.2076,3.2371,116023.84,268193.975,0.3628,上海,园区开发,19920327,
600604.SH,市北高新,20160115,11.8786,11.2076,12.0277,10.9541,12.0376,-6.8951,114455.83,266413.232,-0.8300000000000001,上海,园区开发,19920327,
600604.SH,市北高新,20160114,11.1579,12.0376,12.1072,11.0386,11.5754,3.993,127652.77,298197.514,0.4621999999999993,上海,园区开发,19920327,
600604.SH,市北高新,20160113,12.4253,11.5754,12.8676,11.5406,12.5843,-8.0171,141968.66,350471.03,-1.0089000000000006,上海,园区开发,19920327,
600604.SH,市北高新,20160112,13.4293,12.5843,13.6927,12.4253,13.0317,-3.4332,155270.65,410658.689,-0.4474,上海,园区开发,19920327,
600604.SH,市北高新,20160111,12.6788,13.0317,13.7623,12.5247,13.0167,0.1152,191096.09,513087.541,0.015000000000000568,上海,园区开发,19920327,
600604.SH,市北高新,20160108,13.4641,13.0167,13.9064,12.4502,13.5983,-4.277,158466.91,421430.252,-0.5815999999999999,上海,园区开发,19920327,
600604.SH,市北高新,20160107,14.5575,13.5983,14.6569,13.5983,15.1092,-9.9999,42322.74,118788.32,-1.5108999999999995,上海,园区开发,19920327,
600604.SH,市北高新,20160106,14.5873,15.1092,15.3577,14.4183,14.5128,4.1095,164634.41,495535.527,0.5963999999999992,上海,园区开发,19920327,
600604.SH,市北高新,20160105,14.1698,14.5128,14.9501,13.8468,15.3776,-5.6238,155245.9,449803.806,-0.8647999999999989,上海,园区开发,19920327,
600604.SH,市北高新,20160104,16.8984,15.3776,16.9978,15.3776,17.0873,-10.0057,112246.57,359461.367,-1.7096999999999998,上海,园区开发,19920327,
600604.SH,市北高新,20151231,17.7284,17.0873,18.0863,17.0376,17.8427,-4.2337,136764.17,485189.328,-0.7554000000000016,上海,园区开发,19920327,
600604.SH,市北高新,20151230,17.639,17.8427,18.0912,17.3457,17.5048,1.9303,136285.24,485661.877,0.3379000000000012,上海,园区开发,19920327,
600604.SH,市北高新,20151229,17.4302,17.5048,17.793,16.9581,17.3855,0.6862,122575.03,429432.991,0.11929999999999907,上海,园区开发,19920327,
600604.SH,市北高新,20151228,18.3894,17.3855,18.6081,17.296,18.1459,-4.1905,174910.5,634064.972,-0.7604000000000006,上海,园区开发,19920327,
600604.SH,市北高新,20151225,18.0912,18.1459,18.3497,17.7732,18.0962,0.2746,155552.6,565890.205,0.04970000000000141,上海,园区开发,19920327,
600604.SH,市北高新,20151224,18.3894,18.0962,18.459,17.5048,18.792,-3.7026,211741.42,766838.966,-0.695800000000002,上海,园区开发,19920327,
600604.SH,市北高新,20151223,19.458,18.792,20.0296,18.6479,19.4481,-3.3736,291526.97,1128456.059,-0.6560999999999986,上海,园区开发,19920327,
600604.SH,市北高新,20151222,19.8805,19.4481,19.9004,18.8914,19.9501,-2.5163,220682.63,855323.423,-0.5019999999999989,上海,园区开发,19920327,
600604.SH,市北高新,20151221,19.8855,19.9501,20.6757,19.3487,19.8656,0.4254,308499.41,1242995.986,0.08449999999999847,上海,园区开发,19920327,
600604.SH,市北高新,20151218,20.3725,19.8656,21.3715,19.6369,20.631,-3.71,374015.7,1539947.41,-0.7653999999999996,上海,园区开发,19920327,
600604.SH,市北高新,20151217,19.3835,20.631,20.631,19.135,18.7572,9.9898,448952.28,1831058.161,1.8737999999999992,上海,园区开发,19920327,
600604.SH,市北高新,20151216,17.3457,18.7572,18.7572,16.7493,17.0525,9.9968,294042.76,1048424.338,1.7047000000000025,上海,园区开发,19920327,
600604.SH,市北高新,20151215,15.4571,17.0525,17.0525,15.0843,15.5018,10.0034,274559.7,887314.463,1.550699999999999,上海,园区开发,19920327,
600604.SH,市北高新,20151214,15.308,15.5018,16.3318,14.6668,15.129,2.4641,395713.54,1229043.553,0.3727999999999998,上海,园区开发,19920327,
600604.SH,市北高新,20151211,13.5684,15.129,15.129,13.3299,13.7523,10.0107,334839.5,994893.915,1.3766999999999996,上海,园区开发,19920327,
600604.SH,市北高新,20151210,13.1708,13.7523,14.5376,12.7633,13.3448,3.0536,264685.78,728567.705,0.40750000000000064,上海,园区开发,19920327,
600604.SH,市北高新,20151209,13.2702,13.3448,13.9909,13.0963,13.7324,-2.8225,199042.63,539412.392,-0.38760000000000083,上海,园区开发,19920327,
600604.SH,市北高新,20151208,13.5486,13.7324,14.806,13.4541,13.4988,1.7305,367429.2,1030946.746,0.23360000000000092,上海,园区开发,19920327,
600604.SH,市北高新,20151207,12.1072,13.4988,13.4988,11.9432,12.2712,10.0039,237776.75,616778.341,1.227599999999999,上海,园区开发,19920327,
600604.SH,市北高新,20151204,12.6142,12.2712,13.1112,12.2563,12.8229,-4.3025,171181.85,431528.402,-0.5517000000000003,上海,园区开发,19920327,
600604.SH,市北高新,20151203,12.2663,12.8229,13.0714,11.9681,12.5595,2.0972,205578.66,521159.902,0.26340000000000074,上海,园区开发,19920327,
600604.SH,市北高新,20151202,13.469,12.5595,13.8418,12.1768,12.8279,-2.0923,316410.78,832572.498,-0.26839999999999975,上海,园区开发,19920327,
600604.SH,市北高新,20151201,11.5754,12.8279,12.8279,11.1828,11.6599,10.0172,256518.85,643119.231,1.1679999999999993,上海,园区开发,19920327,
600604.SH,市北高新,20151130,12.0625,11.6599,12.1768,10.8398,12.0426,-3.1779,174266.03,398511.282,-0.3826999999999998,上海,园区开发,19920327,
600604.SH,市北高新,20151127,11.4412,12.0426,12.7682,11.4412,11.6351,3.5023,225237.0,552593.739,0.40750000000000064,上海,园区开发,19920327,
600604.SH,市北高新,20151126,12.0227,11.6351,12.2166,11.6251,11.9482,-2.6205,93637.97,222789.394,-0.3131000000000004,上海,园区开发,19920327,
600604.SH,市北高新,20151125,11.7295,11.9482,12.1271,11.6152,11.6848,2.2542,115104.4,276079.383,0.26340000000000074,上海,园区开发,19920327,
600604.SH,市北高新,20151124,11.4412,11.6848,11.7891,11.317,11.5804,0.9015,82997.12,192946.359,0.10440000000000005,上海,园区开发,19920327,
600604.SH,市北高新,20151123,11.9184,11.5804,12.0078,11.3319,11.4462,1.1724,120297.44,283177.658,0.13419999999999987,上海,园区开发,19920327,
600604.SH,市北高新,20151120,11.6301,11.4462,11.9283,11.3021,11.8189,-3.1534,128852.04,300337.915,-0.37270000000000003,上海,园区开发,19920327,
600604.SH,市北高新,20151119,11.6301,11.8189,11.8587,11.1877,11.7494,0.5915,142836.22,330187.523,0.06949999999999967,上海,园区开发,19920327,
600604.SH,市北高新,20151118,12.7136,11.7494,13.0217,11.5704,12.7981,-8.1942,178888.83,444651.839,-1.0487000000000002,上海,园区开发,19920327,
600604.SH,市北高新,20151117,13.1708,12.7981,13.5684,12.7235,13.2553,-3.4492,207711.67,549466.655,-0.4572000000000003,上海,园区开发,19920327,
600604.SH,市北高新,20151116,13.0217,13.2553,13.8169,12.6788,13.0615,1.4837,236494.53,627710.414,0.19379999999999953,上海,园区开发,19920327,
600604.SH,市北高新,20151113,12.0774,13.0615,13.4193,11.978,12.3706,5.585,310978.39,808043.488,0.690900000000001,上海,园区开发,19920327,
600604.SH,市北高新,20151112,12.6042,12.3706,12.7484,12.1271,12.7235,-2.7736,167674.01,417935.026,-0.3529,上海,园区开发,19920327,
600604.SH,市北高新,20151111,12.1669,12.7235,13.0714,11.9333,12.2961,3.4759,250832.79,638509.423,0.42740000000000045,上海,园区开发,19920327,
600604.SH,市北高新,20151110,12.1271,12.2961,12.5694,12.0277,12.2563,0.3247,184292.19,456439.409,0.03979999999999961,上海,园区开发,19920327,
600604.SH,市北高新,20151109,11.978,12.2563,12.6241,11.978,12.1321,1.0237,193798.75,479023.608,0.12420000000000009,上海,园区开发,19920327,
600604.SH,市北高新,20151106,12.0277,12.1321,12.3557,11.9233,12.2265,-0.7721,184805.91,450351.994,-0.09440000000000026,上海,园区开发,19920327,
600604.SH,市北高新,20151105,12.4253,12.2265,13.2653,12.1768,12.6887,-3.6426,237477.73,599620.559,-0.46220000000000105,上海,园区开发,19920327,
600604.SH,市北高新,20151104,12.4253,12.6887,13.0416,11.8289,12.6539,0.275,307505.67,777476.247,0.03480000000000061,上海,园区开发,19920327,
600604.SH,市北高新,20151103,11.5307,12.6539,12.9223,11.2971,12.0476,5.0325,307476.81,752410.414,0.606300000000001,上海,园区开发,19920327,
600604.SH,市北高新,20151102,12.0476,12.0476,12.5148,12.0476,13.3845,-9.9884,171697.47,421198.307,-1.3369,上海,园区开发,19920327,
600604.SH,市北高新,20151030,13.9163,13.3845,14.7613,12.9074,14.3388,-6.6554,373416.66,1026504.792,-0.9543000000000017,上海,园区开发,19920327,
600604.SH,市北高新,20151029,13.469,14.3388,14.3388,12.9223,13.0366,9.9888,288052.06,796191.278,1.302200000000001,上海,园区开发,19920327,
600604.SH,市北高新,20151028,13.0217,13.0366,14.4531,12.8726,13.8269,-5.7157,235756.41,643922.69,-0.7903000000000002,上海,园区开发,19920327,
600604.SH,市北高新,20151027,13.9611,13.8269,14.9054,13.4889,14.9849,-7.7278,383782.92,1074309.978,-1.1579999999999995,上海,园区开发,19920327,
600604.SH,市北高新,20151026,14.7314,14.9849,14.9849,13.7175,13.6231,9.9963,382825.52,1139160.919,1.3617999999999988,上海,园区开发,19920327,
600604.SH,市北高新,20151023,13.6231,13.6231,13.6231,13.6231,12.3855,9.9923,6832.63,18728.239,1.2376000000000005,上海,园区开发,19920327,
600604.SH,市北高新,20151022,12.0476,12.3855,12.3855,11.8239,11.2573,10.0219,117727.44,286558.511,1.1281999999999996,上海,园区开发,19920327,
600604.SH,市北高新,20151021,11.2573,11.2573,11.2573,10.2335,10.2335,10.0044,154722.92,349946.731,1.0238000000000014,上海,园区开发,19920327,
600604.SH,市北高新,20150922,9.2047,10.2335,10.2335,9.2047,9.3041,9.9891,500122.28,1004254.653,0.9293999999999993,上海,园区开发,19920327,
600604.SH,市北高新,20150921,8.5983,9.3041,9.6818,8.5983,9.3687,-0.6895,392280.46,718263.459,-0.06460000000000043,上海,园区开发,19920327,
600604.SH,市北高新,20150918,10.0396,9.3687,10.5416,9.2842,10.0396,-6.6825,433487.5,863753.375,-0.6708999999999996,上海,园区开发,19920327,
600604.SH,市北高新,20150917,9.3836,10.0396,10.5615,9.2494,9.6023,4.5541,522377.14,1048972.835,0.43730000000000047,上海,园区开发,19920327,
600604.SH,市北高新,20150916,7.8528,9.6023,9.6023,7.8528,8.7275,10.0235,545862.02,937463.128,0.8748000000000005,上海,园区开发,19920327,
600604.SH,市北高新,20150915,7.9025,8.7275,8.7275,7.7037,7.9323,10.0248,556894.07,937693.028,0.7951999999999995,上海,园区开发,19920327,
600604.SH,市北高新,20150914,7.9323,7.9323,7.9323,7.9323,7.2116,9.9936,65670.69,104810.421,0.7206999999999999,上海,园区开发,19920327,
600604.SH,市北高新,20150911,7.2116,7.2116,7.2116,7.2116,6.5556,10.0067,14991.15,21752.159,0.6559999999999997,上海,园区开发,19920327,
600604.SH,市北高新,20150910,6.5556,6.5556,6.5556,6.5556,5.9592,10.0081,17944.01,23668.149,0.5964,上海,园区开发,19920327,
600604.SH,市北高新,20150909,5.9592,5.9592,5.9592,5.9592,5.4174,10.0011,3304.36,3961.928,0.5418000000000003,上海,园区开发,19920327,
600604.SH,市北高新,20150908,5.4174,5.4174,5.4174,5.4174,4.9254,9.989,22405.5,24421.995,0.492,上海,园区开发,19920327,
600604.SH,市北高新,20150907,4.7813,4.9254,5.0993,4.7415,4.7067,4.6466,79493.29,78856.152,0.21870000000000012,上海,园区开发,19920327,
600604.SH,市北高新,20150902,4.6918,4.7067,5.318,4.6719,5.1689,-8.9419,82461.7,81851.258,-0.46220000000000017,上海,园区开发,19920327,
600604.SH,市北高新,20150901,5.3081,5.1689,5.6659,5.0496,5.3429,-3.2567,124710.47,135283.697,-0.17400000000000038,上海,园区开发,19920327,
600604.SH,市北高新,20150831,5.492,5.3429,5.492,5.2186,5.5317,-3.4131,65955.27,71337.161,-0.18879999999999963,上海,园区开发,19920327,
600604.SH,市北高新,20150828,5.2882,5.5317,5.5367,5.0596,5.0447,9.6537,87923.13,93229.439,0.4870000000000001,上海,园区开发,19920327,
600604.SH,市北高新,20150827,4.9155,5.0447,5.1143,4.5477,4.821,4.6401,75462.9,74834.886,0.2237,上海,园区开发,19920327,
600604.SH,市北高新,20150826,5.3578,4.821,5.5467,4.821,5.3578,-10.019,95393.1,99104.674,-0.5368000000000004,上海,园区开发,19920327,
600604.SH,市北高新,20150825,5.3578,5.3578,5.5566,5.3578,5.9542,-10.0165,52733.8,57128.436,-0.5964,上海,园区开发,19920327,
600604.SH,市北高新,20150824,6.2176,5.9542,6.2425,5.9542,6.6152,-9.9921,44777.01,54276.311,-0.6609999999999996,上海,园区开发,19920327,
600604.SH,市北高新,20150821,6.9582,6.6152,7.2365,6.6103,7.3458,-9.9458,90773.77,125644.026,-0.7305999999999999,上海,园区开发,19920327,
600604.SH,市北高新,20150820,7.5546,7.3458,7.9969,7.2613,7.6093,-3.4629,133544.94,205857.006,-0.2635000000000005,上海,园区开发,19920327,
600604.SH,市北高新,20150819,7.0427,7.6093,7.813,6.7942,7.5446,0.8576,96515.91,141537.512,0.0647000000000002,上海,园区开发,19920327,
600604.SH,市北高新,20150818,8.2007,7.5446,8.3299,7.5446,8.3846,-10.0184,111440.11,178359.213,-0.8400000000000007,上海,园区开发,19920327,
600604.SH,市北高新,20150817,8.0466,8.3846,8.5238,7.7037,8.0963,3.5609,145430.02,236863.995,0.28830000000000133,上海,园区开发,19920327,
600604.SH,市北高新,20150814,8.4492,8.0963,8.8816,7.987,8.3448,-2.9779,199100.66,338984.459,-0.24849999999999994,上海,园区开发,19920327,
600604.SH,市北高新,20150813,7.5099,8.3448,8.3448,7.5099,7.5844,10.0258,194051.4,314466.393,0.7603999999999997,上海,园区开发,19920327,
600604.SH,市北高新,20150812,7.3558,7.5844,7.9025,7.2613,7.4701,1.5301,129024.8,198058.25,0.11429999999999918,上海,园区开发,19920327,
600604.SH,市北高新,20150811,7.4552,7.4701,7.654,7.3458,7.5397,-0.9231,104551.26,157710.897,-0.06959999999999944,上海,园区开发,19920327,
600604.SH,市北高新,20150810,7.3061,7.5397,7.6043,7.1669,7.1967,4.7661,125063.41,186273.34,0.34299999999999997,上海,园区开发,19920327,
600604.SH,市北高新,20150807,7.0327,7.1967,7.2166,6.9631,6.9582,3.4276,94639.02,134925.605,0.23850000000000016,上海,园区开发,19920327,
600604.SH,市北高新,20150806,6.7842,6.9582,7.0675,6.7097,6.9582,0.0,65029.0,90685.522,0.0,上海,园区开发,19920327,
600604.SH,市北高新,20150805,6.9582,6.9582,7.152,6.8091,6.7842,2.5648,113481.7,159940.211,0.1739999999999995,上海,园区开发,19920327,
600604.SH,市北高新,20150804,6.3121,6.7842,6.7942,6.3121,6.3965,6.0611,83120.29,109670.384,0.3877000000000006,上海,园区开发,19920327,
600604.SH,市北高新,20150803,6.814,6.3965,6.8836,6.148,6.8289,-6.3319,61946.72,80630.331,-0.43240000000000034,上海,园区开发,19920327,
600604.SH,市北高新,20150731,6.819,6.8289,7.0476,6.6997,6.9979,-2.415,62989.77,86725.695,-0.1689999999999996,上海,园区开发,19920327,
600604.SH,市北高新,20150730,7.0775,6.9979,7.4602,6.8637,7.0973,-1.4005,94971.3,137796.979,-0.09940000000000015,上海,园区开发,19920327,
600604.SH,市北高新,20150729,6.9085,7.0973,7.1321,6.4959,6.8091,4.2326,66292.36,91632.412,0.2881999999999998,上海,园区开发,19920327,
600604.SH,市北高新,20150728,6.4661,6.8091,7.0079,6.2474,6.9383,-1.8621,72523.56,96872.37,-0.12919999999999998,上海,园区开发,19920327,
600604.SH,市北高新,20150727,7.49,6.9383,7.8776,6.9035,7.6689,-9.5268,132081.72,197715.574,-0.7305999999999999,上海,园区开发,19920327,
600604.SH,市北高新,20150724,7.4949,7.6689,7.7087,7.3011,7.4105,3.4869,122325.53,184131.174,0.25839999999999996,上海,园区开发,19920327,
600604.SH,市北高新,20150723,7.0526,7.4105,7.5546,7.0526,6.9333,6.8827,94554.91,138552.041,0.47719999999999985,上海,园区开发,19920327,
600604.SH,市北高新,20150722,6.8985,6.9333,6.993,6.6252,6.9184,0.2154,85134.88,117024.848,0.014899999999999913,上海,园区开发,19920327,
600604.SH,市北高新,20150721,6.66,6.9184,7.1073,6.5655,6.8936,0.3598,76990.89,107240.334,0.024799999999999933,上海,园区开发,19920327,
600604.SH,市北高新,20150720,6.4661,6.8936,6.9979,6.3866,6.5208,5.7171,116734.14,158440.265,0.3727999999999998,上海,园区开发,19920327,
600604.SH,市北高新,20150717,5.9294,6.5208,6.5208,5.9095,5.9294,9.974,97519.5,123717.38,0.5914000000000001,上海,园区开发,19920327,
600604.SH,市北高新,20150716,5.2683,5.9294,6.1381,5.2683,5.7554,3.0232,74125.9,86862.287,0.17400000000000038,上海,园区开发,19920327,
600604.SH,市北高新,20150715,6.7544,5.7554,6.7544,5.7455,6.1381,-6.2348,162312.4,206060.942,-0.3826999999999998,上海,园区开发,19920327,
600604.SH,市北高新,20150714,6.1381,6.1381,6.1381,6.1381,5.5814,9.9742,1783.0,2202.005,0.5566999999999993,上海,园区开发,19920327,
600604.SH,市北高新,20150713,5.5814,5.5814,5.5814,5.5814,5.0745,9.9892,2053.45,2306.024,0.5069000000000008,上海,园区开发,19920327,
600604.SH,市北高新,20150707,5.1938,5.0745,5.1938,5.0745,5.6361,-9.9643,28815.14,29528.596,-0.5616000000000003,上海,园区开发,19920327,
600604.SH,市北高新,20150706,6.5606,5.6361,6.8886,5.6361,6.2624,-10.001,76362.46,94214.352,-0.6263000000000005,上海,园区开发,19920327,
600604.SH,市北高新,20150703,6.5357,6.2624,6.9532,6.2624,6.9582,-9.9997,49631.56,63697.187,-0.6957999999999993,上海,园区开发,19920327,
600604.SH,市北高新,20150702,7.7534,6.9582,7.9373,6.9582,7.7335,-10.0252,52093.81,75529.353,-0.7753000000000005,上海,园区开发,19920327,
600604.SH,市北高新,20150701,8.4542,7.7335,8.7474,7.7335,8.5933,-10.0055,56670.28,94616.709,-0.859799999999999,上海,园区开发,19920327,
600604.SH,市北高新,20150630,7.8379,8.5933,8.6182,7.3906,8.2106,4.661,65934.48,105396.623,0.3826999999999998,上海,园区开发,19920327,
600604.SH,市北高新,20150629,9.4432,8.2106,9.4432,8.2106,9.1251,-10.0218,52956.52,92005.366,-0.9145000000000003,上海,园区开发,19920327,
600604.SH,市北高新,20150626,9.6321,9.1251,9.8856,9.1251,10.139,-10.0,45233.72,85166.922,-1.0138999999999996,上海,园区开发,19920327,
600604.SH,市北高新,20150625,10.6162,10.139,10.8349,9.9552,10.6162,-4.495,48841.47,103621.315,-0.47719999999999985,上海,园区开发,19920327,
600604.SH,市北高新,20150624,10.3826,10.6162,10.7106,9.9651,10.1589,4.5015,60476.77,125468.249,0.45730000000000004,上海,园区开发,19920327,
600604.SH,市北高新,20150623,10.4124,10.1589,10.7355,9.3786,10.4124,-2.4346,48814.82,97566.732,-0.2535000000000007,上海,园区开发,19920327,
600604.SH,市北高新,20150619,11.3617,10.4124,11.5754,10.4124,11.5704,-10.0083,47152.17,102941.947,-1.1579999999999995,上海,园区开发,19920327,
600604.SH,市北高新,20150618,11.7245,11.5704,12.0973,11.4561,11.7692,-1.6892,47277.01,112733.783,-0.1988000000000003,上海,园区开发,19920327,
600604.SH,市北高新,20150617,11.4213,11.7692,11.8985,11.1828,11.4213,3.0461,51847.31,120316.866,0.3478999999999992,上海,园区开发,19920327,
600604.SH,市北高新,20150616,11.6798,11.4213,11.9283,11.2623,12.0724,-5.3933,56886.29,133172.229,-0.6510999999999996,上海,园区开发,19920327,
600604.SH,市北高新,20150615,12.7235,12.0724,12.7235,12.0277,12.7533,-5.339,83645.84,206857.612,-0.6808999999999994,上海,园区开发,19920327,
600604.SH,市北高新,20150612,13.3945,12.7533,13.6977,12.6887,13.1261,-2.8401,105771.05,280204.214,-0.3727999999999998,上海,园区开发,19920327,
600604.SH,市北高新,20150611,12.7732,13.1261,13.1609,12.4502,12.7782,2.7226,106734.25,274758.52,0.3478999999999992,上海,园区开发,19920327,
600604.SH,市北高新,20150610,12.3508,12.7782,12.9173,12.1768,12.5346,1.9434,117058.48,300008.249,0.2436000000000007,上海,园区开发,19920327,
600604.SH,市北高新,20150609,12.2265,12.5346,12.8527,12.0774,12.3557,1.4479,104939.91,264251.385,0.17889999999999873,上海,园区开发,19920327,
600604.SH,市北高新,20150608,11.7543,12.3557,12.4253,11.4611,11.6848,5.7416,114794.89,279106.851,0.6709000000000014,上海,园区开发,19920327,
600604.SH,市北高新,20150605,11.6301,11.6848,12.0078,11.2275,11.486,1.7308,76647.51,180685.997,0.19879999999999853,上海,园区开发,19920327,
600604.SH,市北高新,20150604,11.978,11.486,12.147,10.9343,11.9184,-3.628,67642.71,155597.193,-0.43239999999999945,上海,园区开发,19920327,
600604.SH,市北高新,20150603,12.1768,11.9184,12.475,11.6897,12.1768,-2.1221,97018.55,236174.353,-0.25839999999999996,上海,园区开发,19920327,
600604.SH,市北高新,20150602,11.809,12.1768,12.2762,11.6848,11.809,3.1146,63352.93,153453.35,0.3678000000000008,上海,园区开发,19920327,
600604.SH,市北高新,20150601,11.4313,11.809,11.9531,11.3816,11.4015,3.5741,58309.44,137631.945,0.40749999999999886,上海,园区开发,19920327,
600604.SH,市北高新,20150529,11.1331,11.4015,11.6549,10.477,11.3021,0.8795,67823.25,153947.345,0.09940000000000104,上海,园区开发,19920327,
600604.SH,市北高新,20150528,12.3259,11.3021,12.4601,11.2275,12.475,-9.402,95917.67,232445.375,-1.1729000000000003,上海,园区开发,19920327,
600604.SH,市北高新,20150527,12.8676,12.475,13.1708,12.4154,12.9173,-3.4241,105209.28,268599.371,-0.44229999999999947,上海,园区开发,19920327,
600604.SH,市北高新,20150526,12.6241,12.9173,12.9223,11.983,12.4203,4.0015,145238.28,367508.42,0.4969999999999999,上海,园区开发,19920327,
600604.SH,市北高新,20150525,12.2712,12.4203,13.3696,12.0078,12.2663,1.2555,160591.45,402635.165,0.15399999999999991,上海,园区开发,19920327,
600604.SH,市北高新,20150522,11.5207,12.2663,12.5993,11.317,11.5456,6.2422,160100.58,384260.392,0.720699999999999,上海,园区开发,19920327,
600604.SH,市北高新,20150521,10.9939,11.5456,11.6549,10.9442,11.317,2.02,114178.33,258734.993,0.22860000000000014,上海,园区开发,19920327,
600604.SH,市北高新,20150520,10.6858,11.317,11.4213,10.487,10.3826,8.9997,168250.68,379424.614,0.9344000000000001,上海,园区开发,19920327,
600604.SH,市北高新,20150519,9.8856,10.3826,10.5267,9.7862,9.9253,4.6074,87351.39,179346.481,0.45730000000000004,上海,园区开发,19920327,
600604.SH,市北高新,20150518,9.5178,9.9253,10.0297,9.3239,9.5973,3.4176,92242.46,180568.663,0.3279999999999994,上海,园区开发,19920327,
600604.SH,市北高新,20150515,9.2941,9.5973,9.7613,8.8965,9.3587,2.5495,73223.36,137600.785,0.23859999999999992,上海,园区开发,19920327,
600604.SH,市北高新,20150514,9.5078,9.3587,9.5923,9.1947,9.5078,-1.5682,53380.96,100465.304,-0.1490999999999989,上海,园区开发,19920327,
600604.SH,市北高新,20150513,9.1947,9.5078,9.6321,9.1748,9.3438,1.7552,61925.26,117542.497,0.1639999999999997,上海,园区开发,19920327,
600604.SH,市北高新,20150512,9.1898,9.3438,9.647,9.0904,9.0854,2.8441,73880.0,139301.803,0.25839999999999996,上海,园区开发,19920327,
600604.SH,市北高新,20150511,8.9462,9.0854,9.1102,8.7822,8.7723,3.5692,57092.08,103191.651,0.3131000000000004,上海,园区开发,19920327,
600604.SH,市北高新,20150508,8.5238,8.7723,8.7921,8.5039,8.4094,4.3154,47095.55,82040.726,0.3628999999999998,上海,园区开发,19920327,
600604.SH,市北高新,20150507,8.9909,8.4094,9.0953,8.3001,8.9959,-6.5196,58856.92,102113.169,-0.5865000000000009,上海,园区开发,19920327,
600604.SH,市北高新,20150506,10.1341,8.9959,10.1341,8.8866,9.8657,-8.8164,65684.27,126877.897,-0.8697999999999997,上海,园区开发,19920327,
600604.SH,市北高新,20150505,9.8408,9.8657,10.144,9.7663,9.9452,-0.7994,50839.32,102034.204,-0.07949999999999946,上海,园区开发,19920327,
600604.SH,市北高新,20150504,10.1639,9.9452,10.1639,9.7911,10.2037,-2.5334,44461.33,88907.263,-0.25849999999999973,上海,园区开发,19920327,
600604.SH,市北高新,20150430,10.487,10.2037,10.5764,10.1887,10.6211,-3.9299,59025.43,122736.464,-0.41740000000000066,上海,园区开发,19920327,
600604.SH,市北高新,20150429,10.144,10.6211,10.7255,9.9701,10.3577,2.543,60096.95,126297.209,0.26340000000000074,上海,园区开发,19920327,
600604.SH,市北高新,20150428,10.9939,10.3577,11.2325,9.9502,10.9691,-5.5738,85141.25,182021.679,-0.6113999999999997,上海,园区开发,19920327,
600604.SH,市北高新,20150427,11.0585,10.9691,11.7195,10.8349,10.8746,0.869,142593.05,320816.835,0.09450000000000003,上海,园区开发,19920327,
600604.SH,市北高新,20150424,9.7315,10.8746,10.8746,9.6321,9.8856,10.0045,147885.49,312874.484,0.988999999999999,上海,园区开发,19920327,
600604.SH,市北高新,20150423,10.139,9.8856,10.149,9.7315,10.0844,-1.9714,81952.69,163034.847,-0.1988000000000003,上海,园区开发,19920327,
600604.SH,市北高新,20150422,9.6023,10.0844,10.2136,9.5923,9.5675,5.4027,111365.94,221100.922,0.5168999999999997,上海,园区开发,19920327,
600604.SH,市北高新,20150421,9.2593,9.5675,9.5824,9.145,9.2742,3.1625,73461.62,139162.124,0.29330000000000034,上海,园区开发,19920327,
600604.SH,市北高新,20150420,9.3389,9.2742,9.5923,9.1351,9.2444,0.3224,83558.64,157593.601,0.029799999999999827,上海,园区开发,19920327,
600604.SH,市北高新,20150417,9.1699,9.2444,9.6172,9.0506,9.145,1.0869,63174.17,118464.677,0.09940000000000104,上海,园区开发,19920327,
600604.SH,市北高新,20150416,8.9959,9.145,9.2842,8.8319,9.1102,0.382,50234.24,91787.714,0.03479999999999883,上海,园区开发,19920327,
600604.SH,市北高新,20150415,9.6619,9.1102,10.0943,9.0556,9.9005,-7.9824,80014.07,153092.407,-0.7902999999999984,上海,园区开发,19920327,
600604.SH,市北高新,20150414,9.0953,9.9005,10.0347,8.9214,9.1599,8.0852,123128.7,233566.466,0.7405999999999988,上海,园区开发,19920327,
600604.SH,市北高新,20150413,8.9959,9.1599,9.2444,8.8667,8.9313,2.5595,73727.74,134467.318,0.22860000000000014,上海,园区开发,19920327,
600604.SH,市北高新,20150410,8.9065,8.9313,9.0804,8.7474,8.8965,0.3912,54639.66,98516.637,0.03480000000000061,上海,园区开发,19920327,
600604.SH,市北高新,20150409,9.0208,8.8965,9.2345,8.5884,9.0854,-2.0792,67424.46,120533.994,-0.1889000000000003,上海,园区开发,19920327,
600604.SH,市北高新,20150408,9.4929,9.0854,9.5874,9.0456,9.4283,-3.6369,66991.05,124189.584,-0.3429000000000002,上海,园区开发,19920327,
600604.SH,市北高新,20150407,8.9562,9.4283,9.5923,8.8717,8.9263,5.6238,96570.79,178631.525,0.5020000000000007,上海,园区开发,19920327,
600604.SH,市北高新,20150403,8.8816,8.9263,9.0357,8.8021,8.8766,0.5599,59679.08,107317.916,0.04969999999999963,上海,园区开发,19920327,
600604.SH,市北高新,20150402,8.8369,8.8766,9.0456,8.8021,8.7524,1.419,65198.76,117018.239,0.12420000000000009,上海,园区开发,19920327,
600604.SH,市北高新,20150401,8.7126,8.7524,8.7623,8.5486,8.7971,-0.5081,61966.56,107983.709,-0.04470000000000063,上海,园区开发,19920327,
600604.SH,市北高新,20150331,9.2395,8.7971,9.3438,8.6977,9.1003,-3.3318,81917.46,148010.637,-0.30320000000000036,上海,园区开发,19920327,
600604.SH,市北高新,20150330,9.6917,9.1003,9.6917,8.6381,8.8915,2.3483,117219.07,213925.042,0.2088000000000001,上海,园区开发,19920327,
600604.SH,市北高新,20150318,8.8617,8.8915,9.0605,8.7375,8.8617,0.3363,66931.39,119822.521,0.029799999999999827,上海,园区开发,19920327,
600604.SH,市北高新,20150317,8.5983,8.8617,9.1202,8.5039,8.5735,3.3615,88865.23,158290.111,0.28820000000000157,上海,园区开发,19920327,
600604.SH,市北高新,20150316,8.3548,8.5735,8.6977,8.3548,8.3796,2.314,63964.16,110249.947,0.1938999999999993,上海,园区开发,19920327,
600604.SH,市北高新,20150313,8.3399,8.3796,8.4144,7.9522,8.4045,-0.2963,67993.96,111971.437,-0.02490000000000059,上海,园区开发,19920327,
600604.SH,市北高新,20150312,8.4244,8.4045,8.7176,8.3299,8.4244,-0.2362,57189.16,98090.145,-0.019899999999999807,上海,园区开发,19920327,
600604.SH,市北高新,20150311,8.484,8.4244,8.643,8.2504,8.6331,-2.4174,56071.08,94679.057,-0.20870000000000033,上海,园区开发,19920327,
600604.SH,市北高新,20150310,8.4989,8.6331,8.7474,8.3448,8.4641,1.9967,69591.2,119844.145,0.16900000000000048,上海,园区开发,19920327,
600604.SH,市北高新,20150309,8.156,8.4641,8.7474,8.156,8.1808,3.463,69482.99,118447.312,0.28330000000000055,上海,园区开发,19920327,
600604.SH,市北高新,20150306,8.7723,8.1808,9.1848,8.151,8.658,-5.5117,119958.44,207805.324,-0.47719999999999985,上海,园区开发,19920327,
600604.SH,市北高新,20150305,9.145,8.658,9.155,8.6281,8.8965,-2.6808,105060.78,186487.157,-0.23850000000000016,上海,园区开发,19920327,
600604.SH,市北高新,20150304,8.0864,8.8965,8.8965,8.0267,8.0864,10.0181,141412.15,244780.34,0.8101000000000003,上海,园区开发,19920327,
600604.SH,市北高新,20150303,8.3051,8.0864,8.9114,8.0566,8.3051,-2.6333,140948.62,239174.457,-0.21870000000000012,上海,园区开发,19920327,
600604.SH,市北高新,20150302,7.5943,8.3051,8.3051,7.3955,7.5496,10.0072,123520.41,196807.26,0.7554999999999996,上海,园区开发,19920327,
600604.SH,市北高新,20150227,6.9482,7.5496,7.5496,6.9482,6.8637,9.9932,113563.82,168773.036,0.6859000000000002,上海,园区开发,19920327,
600604.SH,市北高新,20150226,6.7991,6.8637,6.8886,6.7395,6.8091,0.8019,34996.69,48000.295,0.05459999999999976,上海,园区开发,19920327,
600604.SH,市北高新,20150225,6.9184,6.8091,6.9383,6.7196,6.9085,-1.4388,57595.56,79111.205,-0.09940000000000015,上海,园区开发,19920327,
600604.SH,市北高新,20150217,6.4065,6.9085,6.9383,6.3518,6.4015,7.92,93045.43,126258.623,0.5069999999999997,上海,园区开发,19920327,
600604.SH,市北高新,20150216,6.3618,6.4015,6.4264,6.2971,6.3071,1.4967,26680.04,34131.932,0.09440000000000026,上海,园区开发,19920327,
600604.SH,市北高新,20150213,6.1679,6.3071,6.3866,6.1282,6.1431,2.6697,35710.61,45248.809,0.1640000000000006,上海,园区开发,19920327,
600604.SH,市北高新,20150212,6.0735,6.1431,6.2176,6.0188,6.0735,1.146,15725.86,19399.993,0.06959999999999944,上海,园区开发,19920327,
600604.SH,市北高新,20150211,6.0934,6.0735,6.1679,6.0685,6.1182,-0.7306,13674.75,16830.805,-0.04469999999999974,上海,园区开发,19920327,
600604.SH,市北高新,20150210,6.1729,6.1182,6.2176,6.0486,6.2276,-1.7567,17366.02,21387.618,-0.10939999999999994,上海,园区开发,19920327,
600604.SH,市北高新,20150209,6.1232,6.2276,6.2375,6.0934,6.1331,1.5408,12128.48,15028.715,0.09450000000000003,上海,园区开发,19920327,
600604.SH,市北高新,20150206,6.3121,6.1331,6.3518,6.0983,6.3369,-3.2161,22937.72,28547.888,-0.2038000000000002,上海,园区开发,19920327,
600604.SH,市北高新,20150205,6.4612,6.3369,6.5009,6.2624,6.4313,-1.4678,32104.02,41049.779,-0.09440000000000026,上海,园区开发,19920327,
600604.SH,市北高新,20150204,6.2375,6.4313,6.4462,6.163,6.2375,3.107,43635.66,55508.405,0.19380000000000042,上海,园区开发,19920327,
600604.SH,市北高新,20150203,6.2127,6.2375,6.2474,6.0685,6.2077,0.48,23908.56,29712.175,0.029799999999999827,上海,园区开发,19920327,
600604.SH,市北高新,20150202,6.2077,6.2077,6.2723,6.0238,6.3071,-1.576,41731.86,51555.053,-0.09940000000000015,上海,园区开发,19920327,
600604.SH,市北高新,20150130,6.5059,6.3071,6.5804,6.3021,6.5109,-3.1301,51546.68,66395.953,-0.2038000000000002,上海,园区开发,19920327,
600604.SH,市北高新,20150129,6.1381,6.5109,6.5208,6.1381,6.1083,6.591,99494.12,127884.193,0.4026000000000005,上海,园区开发,19920327,
600604.SH,市北高新,20150128,6.2624,6.1083,6.2624,6.0884,6.2624,-2.4607,35072.93,43478.161,-0.15410000000000057,上海,园区开发,19920327,
600604.SH,市北高新,20150127,6.4363,6.2624,6.4512,6.1729,6.4462,-2.8513,56281.67,71165.034,-0.18379999999999974,上海,园区开发,19920327,
600604.SH,市北高新,20150126,6.0884,6.4462,6.5009,6.0884,6.1331,5.1051,76423.29,98013.259,0.3131000000000004,上海,园区开发,19920327,
600604.SH,市北高新,20150123,6.0586,6.1331,6.3866,5.9641,6.0486,1.397,58590.26,72854.544,0.08449999999999935,上海,园区开发,19920327,
600604.SH,市北高新,20150122,5.9393,6.0486,6.1431,5.9393,5.9741,1.247,24207.48,29515.044,0.07450000000000045,上海,园区开发,19920327,
600604.SH,市北高新,20150121,5.7703,5.9741,6.0288,5.7653,5.7604,3.7098,34874.24,41834.477,0.21370000000000022,上海,园区开发,19920327,
600604.SH,市北高新,20150120,5.5119,5.7604,5.7803,5.5069,5.5566,3.6677,17108.02,19520.382,0.20379999999999932,上海,园区开发,19920327,
600604.SH,市北高新,20150119,5.4671,5.5566,5.7653,5.4622,5.8598,-5.1742,26436.49,29663.177,-0.30319999999999947,上海,园区开发,19920327,
600604.SH,市北高新,20150116,5.7156,5.8598,6.1431,5.6858,5.6858,3.0603,27667.28,33078.038,0.1739999999999995,上海,园区开发,19920327,
600604.SH,市北高新,20150115,5.5566,5.6858,5.6858,5.5566,5.6113,1.3277,8285.35,9439.704,0.07450000000000045,上海,园区开发,19920327,
600604.SH,市北高新,20150114,5.6212,5.6113,5.6808,5.5914,5.6162,-0.0872,7625.86,8628.828,-0.0049000000000001265,上海,园区开发,19920327,
600604.SH,市北高新,20150113,5.5168,5.6162,5.6311,5.5168,5.5665,0.8928,7736.43,8701.432,0.04970000000000052,上海,园区开发,19920327,
600604.SH,市北高新,20150112,5.7504,5.5665,5.7504,5.5069,5.825,-4.4378,13508.72,15252.678,-0.2585000000000006,上海,园区开发,19920327,
600604.SH,市北高新,20150109,5.7902,5.825,5.9144,5.7653,5.9592,-2.252,22982.48,27111.856,-0.13419999999999987,上海,园区开发,19920327,
600604.SH,市北高新,20150108,5.825,5.9592,6.0039,5.3131,5.8946,1.0959,41119.62,47593.344,0.06460000000000043,上海,园区开发,19920327,
600604.SH,市北高新,20150107,5.6411,5.8946,6.2226,5.5715,5.656,4.2185,48984.13,59683.855,0.23859999999999992,上海,园区开发,19920327,
600604.SH,市北高新,20150106,5.6162,5.656,5.661,5.497,5.6162,0.7087,14067.67,15765.102,0.03979999999999961,上海,园区开发,19920327,
600604.SH,市北高新,20150105,5.5665,5.6162,5.6958,5.5616,5.5367,1.4359,15823.76,17948.302,0.07950000000000035,上海,园区开发,19920327,
600604.SH,市北高新,20141231,5.4771,5.5367,5.5616,5.4721,5.4721,1.1805,8469.98,9403.928,0.06459999999999955,上海,园区开发,19920327,
600604.SH,市北高新,20141230,5.6709,5.4721,5.6759,5.4572,5.7007,-4.01,20549.34,22887.515,-0.22860000000000014,上海,园区开发,19920327,
600604.SH,市北高新,20141229,5.7852,5.7007,5.7902,5.6411,5.7355,-0.6067,19815.14,22781.306,-0.03479999999999972,上海,园区开发,19920327,
600604.SH,市北高新,20141226,5.6212,5.7355,5.7653,5.6113,5.6262,1.9427,20702.51,23675.497,0.10930000000000017,上海,园区开发,19920327,
600604.SH,市北高新,20141225,5.6262,5.6262,5.6808,5.5516,5.6212,0.0889,9356.3,10571.091,0.004999999999999893,上海,园区开发,19920327,
600604.SH,市北高新,20141224,5.5069,5.6212,5.661,5.492,5.482,2.5392,15705.58,17550.191,0.13919999999999977,上海,园区开发,19920327,
600604.SH,市北高新,20141223,5.5218,5.482,5.6013,5.4671,5.5218,-0.7208,13499.71,15029.991,-0.03979999999999961,上海,园区开发,19920327,
600604.SH,市北高新,20141222,5.8051,5.5218,5.8449,5.4622,5.8598,-5.7681,35648.24,39869.794,-0.3380000000000001,上海,园区开发,19920327,
600604.SH,市北高新,20141219,6.0039,5.8598,6.0238,5.7653,6.0437,-3.0428,32681.12,38785.417,-0.1839000000000004,上海,园区开发,19920327,
600604.SH,市北高新,20141218,6.0934,6.0437,6.1083,6.0138,6.0934,-0.8156,17742.86,21588.009,-0.04969999999999963,上海,园区开发,19920327,
600604.SH,市北高新,20141217,6.2425,6.0934,6.2872,6.0089,6.2425,-2.3885,28673.76,35247.993,-0.1490999999999998,上海,园区开发,19920327,
600604.SH,市北高新,20141216,6.2971,6.2425,6.3071,6.163,6.2425,0.0,27299.4,34242.658,0.0,上海,园区开发,19920327,
600604.SH,市北高新,20141215,6.0536,6.2425,6.2524,6.0238,6.0884,2.531,29268.87,36332.055,0.15409999999999968,上海,园区开发,19920327,
600604.SH,市北高新,20141212,5.9691,6.0884,6.1381,5.9691,6.0288,0.9886,23053.52,28165.801,0.05959999999999965,上海,园区开发,19920327,
600604.SH,市北高新,20141211,5.9641,6.0288,6.1132,5.9144,5.994,0.5806,27102.73,32903.1,0.03480000000000061,上海,园区开发,19920327,
600604.SH,市北高新,20141210,5.82,5.994,6.0337,5.7952,5.8101,3.1652,30658.32,36615.498,0.1838999999999995,上海,园区开发,19920327,
600604.SH,市北高新,20141209,6.2922,5.8101,6.2922,5.7653,6.3369,-8.3132,60027.33,73533.224,-0.5267999999999997,上海,园区开发,19920327,
600604.SH,市北高新,20141208,6.3618,6.3369,6.3965,6.1878,6.2822,0.8707,63773.54,81167.82,0.054700000000000415,上海,园区开发,19920327,
600604.SH,市北高新,20141205,6.5407,6.2822,6.5606,6.163,6.5954,-4.7488,94407.92,120624.811,-0.31320000000000014,上海,园区开发,19920327,
600604.SH,市北高新,20141204,6.5506,6.5954,6.7991,6.4612,6.2176,6.0763,134908.84,178951.777,0.3777999999999997,上海,园区开发,19920327,
600604.SH,市北高新,20141203,6.0884,6.2176,6.2673,6.0188,6.0834,2.206,49415.26,61140.63,0.13419999999999987,上海,园区开发,19920327,
600604.SH,市北高新,20141202,6.153,6.0834,6.158,5.9641,6.158,-1.2114,39449.33,48135.792,-0.07460000000000022,上海,园区开发,19920327,
600604.SH,市北高新,20141201,6.2922,6.158,6.4462,6.148,6.1083,0.8136,47143.5,59588.603,0.04970000000000052,上海,园区开发,19920327,
600604.SH,市北高新,20141128,6.1878,6.1083,6.2872,6.0437,6.2027,-1.5219,39852.97,49494.138,-0.09440000000000026,上海,园区开发,19920327,
600604.SH,市北高新,20141127,6.1381,6.2027,6.2077,6.0138,6.1083,1.5454,36627.3,44994.161,0.09440000000000026,上海,园区开发,19920327,
600604.SH,市北高新,20141126,6.1381,6.1083,6.2027,6.0188,6.0983,0.164,33308.47,40859.313,0.009999999999999787,上海,园区开发,19920327,
600604.SH,市北高新,20141125,5.9592,6.0983,6.2127,5.9045,5.9592,2.3342,56905.68,70007.299,0.1391,上海,园区开发,19920327,
600604.SH,市北高新,20141124,6.0238,5.9592,6.0934,5.9194,5.9393,0.3351,30630.95,37007.107,0.019899999999999807,上海,园区开发,19920327,
600604.SH,市北高新,20141121,5.8647,5.9393,6.0188,5.83,5.8946,0.7583,29792.46,35671.218,0.04470000000000063,上海,园区开发,19920327,
600604.SH,市北高新,20141120,5.7256,5.8946,5.8995,5.7007,5.7107,3.2203,20920.01,24480.698,0.1838999999999995,上海,园区开发,19920327,
600604.SH,市北高新,20141119,5.7653,5.7107,5.7703,5.7057,5.7852,-1.2878,20160.5,23258.428,-0.07449999999999957,上海,园区开发,19920327,
600604.SH,市北高新,20141118,5.7803,5.7852,5.83,5.7604,5.8001,-0.2569,10635.0,12401.884,-0.014899999999999913,上海,园区开发,19920327,
600604.SH,市北高新,20141117,5.815,5.8001,5.8349,5.7256,5.7554,0.7767,14175.29,16510.607,0.04469999999999974,上海,园区开发,19920327,
600604.SH,市北高新,20141114,5.6858,5.7554,5.8051,5.6063,5.656,1.7574,16005.57,18467.811,0.09940000000000015,上海,园区开发,19920327,
600604.SH,市北高新,20141113,5.8399,5.656,5.8896,5.656,5.8747,-3.7227,25074.1,29072.117,-0.21870000000000012,上海,园区开发,19920327,
600604.SH,市北高新,20141112,5.7653,5.8747,5.9244,5.6958,5.8101,1.1119,29747.8,35050.251,0.06459999999999955,上海,园区开发,19920327,
600604.SH,市北高新,20141111,6.0785,5.8101,6.1381,5.7753,6.0785,-4.4156,25810.34,30803.881,-0.26839999999999975,上海,园区开发,19920327,
600604.SH,市北高新,20141110,5.9393,6.0785,6.0934,5.9045,5.9294,2.5146,22755.3,27707.572,0.1490999999999998,上海,园区开发,19920327,
600604.SH,市北高新,20141107,6.0685,5.9294,6.148,5.8946,6.0586,-2.1325,24569.35,29734.325,-0.12919999999999998,上海,园区开发,19920327,
600604.SH,市北高新,20141106,5.9691,6.0586,6.0884,5.9492,6.0039,0.9111,22911.32,27832.692,0.054700000000000415,上海,园区开发,19920327,
600604.SH,市北高新,20141105,6.0138,6.0039,6.1033,5.9691,6.0337,-0.4939,23513.48,28539.118,-0.029799999999999827,上海,园区开发,19920327,
600604.SH,市北高新,20141104,6.1132,6.0337,6.1132,5.9691,6.1928,-2.5691,29658.61,36216.653,-0.15910000000000046,上海,园区开发,19920327,
600604.SH,市北高新,20141103,6.1928,6.1928,6.3121,6.1182,6.2027,-0.1596,56766.22,70669.101,-0.00990000000000002,上海,园区开发,19920327,
600604.SH,市北高新,20141031,5.8548,6.2027,6.4115,5.8449,5.9095,4.9615,79254.01,97932.045,0.2931999999999997,上海,园区开发,19920327,
600604.SH,市北高新,20141030,5.8697,5.9095,5.9294,5.8399,5.9194,-0.1672,30752.26,36403.948,-0.00990000000000002,上海,园区开发,19920327,
600604.SH,市北高新,20141029,5.8101,5.9194,5.9492,5.6858,5.7057,3.7454,31079.35,36671.854,0.21370000000000022,上海,园区开发,19920327,
600604.SH,市北高新,20141028,5.5814,5.7057,5.7206,5.5814,5.5814,2.227,17956.49,20477.445,0.12429999999999986,上海,园区开发,19920327,
600604.SH,市北高新,20141027,5.5069,5.5814,5.6212,5.482,5.5218,1.0794,11250.5,12579.366,0.05960000000000054,上海,园区开发,19920327,
600604.SH,市北高新,20141024,5.6162,5.5218,5.6659,5.4721,5.6162,-1.6809,20776.82,23210.823,-0.09440000000000026,上海,园区开发,19920327,
600604.SH,市北高新,20141023,5.7902,5.6162,5.8548,5.5616,5.815,-3.4187,22510.34,25737.764,-0.1988000000000003,上海,园区开发,19920327,
600604.SH,市北高新,20141022,5.8896,5.815,5.9641,5.7703,5.9244,-1.8466,13450.11,15971.579,-0.10939999999999994,上海,园区开发,19920327,
600604.SH,市北高新,20141021,5.9393,5.9244,6.0039,5.9144,5.9393,-0.2509,14484.49,17360.729,-0.014899999999999913,上海,园区开发,19920327,
600604.SH,市北高新,20141020,5.8946,5.9393,5.994,5.8946,5.8797,1.0137,18101.06,21694.506,0.05960000000000054,上海,园区开发,19920327,
600604.SH,市北高新,20141017,5.8051,5.8797,5.9144,5.7256,5.82,1.0258,26440.64,31046.587,0.05969999999999942,上海,园区开发,19920327,
600604.SH,市北高新,20141016,5.994,5.82,6.0039,5.7902,5.984,-2.7406,22930.53,27364.358,-0.1639999999999997,上海,园区开发,19920327,
600604.SH,市北高新,20141015,5.9641,5.984,6.0288,5.9492,5.9791,0.082,22129.2,26677.005,0.0049000000000001265,上海,园区开发,19920327,
600604.SH,市北高新,20141014,6.0288,5.9791,6.0735,5.9492,6.0387,-0.987,23959.52,28849.931,-0.05960000000000054,上海,园区开发,19920327,
600604.SH,市北高新,20141013,5.9542,6.0387,6.1033,5.9045,5.9592,1.3341,30806.43,37351.207,0.07950000000000035,上海,园区开发,19920327,
600604.SH,市北高新,20141010,6.2276,5.9592,6.2276,5.9393,6.1828,-3.6165,54396.43,66206.622,-0.22360000000000024,上海,园区开发,19920327,
600604.SH,市北高新,20141009,6.2425,6.1828,6.3369,6.153,6.2524,-1.1132,34485.71,43264.499,-0.06959999999999944,上海,园区开发,19920327,
600604.SH,市北高新,20141008,6.1878,6.2524,6.2524,6.1132,6.1679,1.37,37237.38,46393.547,0.08449999999999935,上海,园区开发,19920327,
600604.SH,市北高新,20140930,6.158,6.1679,6.2524,6.1083,6.1779,-0.1619,30223.08,37516.57,-0.009999999999999787,上海,园区开发,19920327,
600604.SH,市北高新,20140929,6.2176,6.1779,6.2872,6.153,6.2127,-0.5601,32691.75,40901.303,-0.03479999999999972,上海,园区开发,19920327,
600604.SH,市北高新,20140926,6.2872,6.2127,6.3518,6.163,6.2773,-1.0291,29708.16,37122.395,-0.06460000000000043,上海,园区开发,19920327,
600604.SH,市北高新,20140925,6.0884,6.2773,6.2971,6.0486,6.0785,3.2705,58269.23,72823.222,0.1988000000000003,上海,园区开发,19920327,
600604.SH,市北高新,20140924,6.0039,6.0785,6.0834,5.9144,5.9691,1.8328,31249.18,37846.157,0.10939999999999994,上海,园区开发,19920327,
600604.SH,市北高新,20140923,5.8896,5.9691,5.9989,5.8747,5.9144,0.9249,21414.73,25685.824,0.054700000000000415,上海,园区开发,19920327,
600604.SH,市北高新,20140922,6.1033,5.9144,6.1033,5.8697,6.0983,-3.0156,33927.41,40707.279,-0.1839000000000004,上海,园区开发,19920327,
600604.SH,市北高新,20140919,6.0337,6.0983,6.1878,5.9045,6.0586,0.6553,32856.19,39900.259,0.039699999999999847,上海,园区开发,19920327,
600604.SH,市北高新,20140918,5.9641,6.0586,6.1083,5.8846,5.984,1.2467,26804.09,32447.7,0.07460000000000022,上海,园区开发,19920327,
600604.SH,市北高新,20140917,5.9741,5.984,6.0486,5.8101,5.994,-0.1668,40369.74,48062.621,-0.009999999999999787,上海,园区开发,19920327,
600604.SH,市北高新,20140916,6.3816,5.994,6.486,5.9641,6.3816,-6.0737,80737.26,101227.632,-0.38759999999999994,上海,园区开发,19920327,
600604.SH,市北高新,20140915,6.4462,6.3816,6.5208,6.322,6.4661,-1.3068,49703.3,63835.208,-0.08450000000000024,上海,园区开发,19920327,
600604.SH,市北高新,20140912,6.3767,6.4661,6.5059,6.2624,6.4363,0.463,46926.2,60529.69,0.029799999999999827,上海,园区开发,19920327,
600604.SH,市北高新,20140911,6.4562,6.4363,6.6003,6.3021,6.4512,-0.231,64289.74,82995.711,-0.014899999999999913,上海,园区开发,19920327,
600604.SH,市北高新,20140910,6.5407,6.4512,6.7047,6.4214,6.5804,-1.9634,73165.0,95900.51,-0.12919999999999998,上海,园区开发,19920327,
600604.SH,市北高新,20140909,6.3518,6.5804,6.7047,6.2425,6.3568,3.5175,104390.39,136194.443,0.22360000000000024,上海,园区开发,19920327,
600604.SH,市北高新,20140905,6.1132,6.3568,6.4363,5.989,6.0834,4.4942,96582.15,121056.728,0.27339999999999964,上海,园区开发,19920327,
600604.SH,市北高新,20140904,6.0635,6.0834,6.2872,6.0635,6.0486,0.5753,76579.89,94729.553,0.03479999999999972,上海,园区开发,19920327,
600604.SH,市北高新,20140903,6.1431,6.0486,6.158,5.9343,6.1132,-1.0567,70778.99,85955.802,-0.06459999999999955,上海,园区开发,19920327,
600604.SH,市北高新,20140902,6.0735,6.1132,6.3121,6.0635,6.2176,-1.6791,82507.44,102035.024,-0.10440000000000005,上海,园区开发,19920327,
600604.SH,市北高新,20140901,5.7057,6.2176,6.2375,5.6262,5.7653,7.8452,100835.17,120257.007,0.45230000000000015,上海,园区开发,19920327,
600604.SH,市北高新,20140829,5.825,5.7653,5.8896,5.6212,5.9194,-2.6033,69095.95,79656.556,-0.15410000000000057,上海,园区开发,19920327,
600604.SH,市北高新,20140828,5.9641,5.9194,6.163,5.8896,6.1828,-4.2602,138025.83,166358.641,-0.26339999999999986,上海,园区开发,19920327,
600604.SH,市北高新,20140827,5.6958,6.1828,6.3419,5.6461,5.7653,7.2416,232459.91,285335.812,0.4175000000000004,上海,园区开发,19920327,
600604.SH,市北高新,20140826,5.3479,5.7653,5.7753,5.2981,5.4025,6.7154,151692.85,170481.135,0.3628,上海,园区开发,19920327,
600604.SH,市北高新,20140825,5.4671,5.4025,5.6013,5.3727,5.5069,-1.8958,55742.62,61470.34,-0.10440000000000005,上海,园区开发,19920327,
600604.SH,市北高新,20140822,5.2634,5.5069,5.5367,5.2186,5.2882,4.1356,86098.67,94235.617,0.21870000000000012,上海,园区开发,19920327,
600604.SH,市北高新,20140821,5.3479,5.2882,5.3876,5.2087,5.3628,-1.3911,39475.47,41984.463,-0.07460000000000022,上海,园区开发,19920327,
600604.SH,市北高新,20140820,5.3081,5.3628,5.3777,5.2683,5.2832,1.5067,52252.94,56143.943,0.07960000000000012,上海,园区开发,19920327,
600604.SH,市北高新,20140819,5.2832,5.2832,5.3876,5.1938,5.3031,-0.3753,51598.1,54953.382,-0.019899999999999807,上海,园区开发,19920327,
600604.SH,市北高新,20140818,5.2882,5.3031,5.3876,5.2832,5.2932,0.187,55858.73,59832.88,0.00990000000000002,上海,园区开发,19920327,
600604.SH,市北高新,20140815,5.2186,5.2932,5.3081,5.1987,5.2584,0.6618,55802.47,59110.143,0.03479999999999972,上海,园区开发,19920327,
600604.SH,市北高新,20140814,5.4572,5.2584,5.4572,5.2335,5.4721,-3.9053,88951.66,95524.817,-0.21370000000000022,上海,园区开发,19920327,
600604.SH,市北高新,20140813,5.5317,5.4721,5.5616,5.328,5.6958,-3.9275,122494.12,134512.63,-0.2237,上海,园区开发,19920327,
600604.SH,市北高新,20140812,5.7455,5.6958,6.0735,5.6858,5.6808,0.264,212018.31,249403.417,0.015000000000000568,上海,园区开发,19920327,
600604.SH,市北高新,20140811,5.6808,5.6808,5.6808,5.3727,5.164,10.0077,136520.43,153718.486,0.5167999999999999,上海,园区开发,19920327,
600604.SH,市北高新,20140409,5.0104,5.164,5.1689,4.9261,4.9955,3.373,65033.83,66390.603,0.16849999999999987,上海,园区开发,19920327,
600604.SH,市北高新,20140408,4.9311,4.9955,5.0005,4.8617,4.941,1.103,36552.68,36400.507,0.05449999999999999,上海,园区开发,19920327,
600604.SH,市北高新,20140404,4.7279,4.941,4.9509,4.713,4.718,4.7266,47436.88,46537.252,0.22299999999999986,上海,园区开发,19920327,
600604.SH,市北高新,20140403,4.6387,4.718,4.7279,4.604,4.6535,1.3861,23618.52,22212.649,0.06449999999999978,上海,园区开发,19920327,
600604.SH,市北高新,20140402,4.7973,4.6535,4.8865,4.6238,4.8022,-3.0965,38013.06,36591.1,-0.14869999999999983,上海,园区开发,19920327,
600604.SH,市北高新,20140401,4.6882,4.8022,4.8171,4.6882,4.7626,0.8315,27230.93,26146.326,0.03960000000000008,上海,园区开发,19920327,
600604.SH,市北高新,20140331,5.0054,4.7626,5.1045,4.6833,5.05,-5.6911,61391.12,59824.068,-0.2873999999999999,上海,园区开发,19920327,
600604.SH,市北高新,20140328,4.8964,5.05,5.2829,4.8964,4.8914,3.2424,127441.21,131374.706,0.15859999999999985,上海,园区开发,19920327,
600604.SH,市北高新,20140327,4.8716,4.8914,5.0401,4.8369,4.8865,0.1003,59109.34,59106.386,0.0049000000000001265,上海,园区开发,19920327,
600604.SH,市北高新,20140326,4.8766,4.8865,4.8964,4.7973,4.8865,0.0,27591.71,26950.351,0.0,上海,园区开发,19920327,
600604.SH,市北高新,20140325,4.8121,4.8865,4.9707,4.7873,4.8072,1.6496,63964.26,63272.144,0.07929999999999993,上海,园区开发,19920327,
600604.SH,市北高新,20140324,4.7031,4.8072,4.832,4.6436,4.6337,3.7443,29053.94,27969.725,0.17349999999999977,上海,园区开发,19920327,
600604.SH,市北高新,20140321,4.5247,4.6337,4.6783,4.4504,4.5693,1.4094,18550.68,17072.869,0.06440000000000001,上海,园区开发,19920327,
600604.SH,市北高新,20140320,4.7576,4.5693,4.8022,4.5643,4.7427,-3.6561,18065.33,17140.976,-0.1734,上海,园区开发,19920327,
600604.SH,市北高新,20140319,4.7229,4.7427,4.8815,4.713,4.7923,-1.035,27033.4,25907.163,-0.049599999999999866,上海,园区开发,19920327,
600604.SH,市北高新,20140318,4.6387,4.7923,4.9261,4.6089,4.6387,3.3113,41529.9,40050.552,0.15359999999999996,上海,园区开发,19920327,
600604.SH,市北高新,20140317,4.5842,4.6387,4.6436,4.5396,4.5891,1.0808,13209.55,12263.248,0.049599999999999866,上海,园区开发,19920327,
600604.SH,市北高新,20140314,4.5346,4.5891,4.6139,4.5197,4.5495,0.8704,15028.04,13843.257,0.03960000000000008,上海,园区开发,19920327,
600604.SH,市北高新,20140313,4.5049,4.5495,4.5842,4.4751,4.49,1.3252,16464.51,15048.472,0.059499999999999886,上海,园区开发,19920327,
600604.SH,市北高新,20140312,4.4652,4.49,4.5049,4.3661,4.4702,0.4429,19449.45,17451.487,0.01980000000000004,上海,园区开发,19920327,
600604.SH,市北高新,20140311,4.49,4.4702,4.6089,4.4157,4.5296,-1.3114,25786.57,23467.332,-0.05940000000000012,上海,园区开发,19920327,
600604.SH,市北高新,20140310,4.7923,4.5296,4.7923,4.5247,4.8369,-6.3532,36764.36,34361.146,-0.3072999999999997,上海,园区开发,19920327,
600604.SH,市北高新,20140307,4.9509,4.8369,4.9905,4.7626,4.9608,-2.4976,41480.44,40751.914,-0.1238999999999999,上海,园区开发,19920327,
600604.SH,市北高新,20140306,4.7477,4.9608,4.9955,4.718,4.7576,4.2711,54314.51,53651.796,0.20319999999999983,上海,园区开发,19920327,
600604.SH,市北高新,20140305,4.8666,4.7576,4.9212,4.7427,4.8716,-2.3401,37382.1,36400.636,-0.11399999999999988,上海,园区开发,19920327,
600604.SH,市北高新,20140304,4.9311,4.8716,4.9311,4.7626,4.9558,-1.699,48659.99,47625.062,-0.08420000000000005,上海,园区开发,19920327,
600604.SH,市北高新,20140303,4.8964,4.9558,5.0451,4.7824,4.8617,1.9355,89221.09,89150.934,0.09410000000000007,上海,园区开发,19920327,
600604.SH,市北高新,20140228,4.6288,4.8617,4.8716,4.6238,4.6684,4.1406,58943.36,56845.205,0.1932999999999998,上海,园区开发,19920327,
600604.SH,市北高新,20140227,4.7824,4.6684,4.8369,4.6535,4.7824,-2.3837,54113.79,51867.778,-0.11399999999999988,上海,园区开发,19920327,
600604.SH,市北高新,20140226,4.5049,4.7824,4.7824,4.3265,4.5693,4.6637,65471.2,60899.045,0.21309999999999985,上海,园区开发,19920327,
600604.SH,市北高新,20140225,4.5396,4.5693,4.7229,4.5247,4.5396,0.6542,51488.02,48130.88,0.02970000000000006,上海,园区开发,19920327,
600604.SH,市北高新,20140224,4.5346,4.5396,4.5792,4.4801,4.5891,-1.0786,21766.82,19844.353,-0.0495000000000001,上海,园区开发,19920327,
600604.SH,市北高新,20140221,4.5495,4.5891,4.5941,4.4652,4.5396,1.0904,27774.75,25334.034,0.0495000000000001,上海,园区开发,19920327,
600604.SH,市北高新,20140220,4.6585,4.5396,4.7279,4.4603,4.6535,-2.4476,41554.4,38091.599,-0.11390000000000011,上海,园区开发,19920327,
600604.SH,市北高新,20140219,4.7378,4.6535,4.7824,4.599,4.7378,-1.7793,37064.64,34877.643,-0.08429999999999982,上海,园区开发,19920327,
600604.SH,市北高新,20140218,4.7923,4.7378,4.7973,4.713,4.7923,-1.1372,21994.58,21066.547,-0.05449999999999999,上海,园区开发,19920327,
600604.SH,市北高新,20140217,4.7774,4.7923,4.832,4.7328,4.7824,0.207,27182.4,26185.293,0.00990000000000002,上海,园区开发,19920327,
600604.SH,市北高新,20140214,4.6535,4.7824,4.8518,4.6189,4.6585,2.6597,60725.86,58575.838,0.1238999999999999,上海,园区开发,19920327,
600604.SH,市北高新,20140213,4.5842,4.6585,4.7081,4.5445,4.5941,1.4018,28381.2,26551.525,0.06440000000000001,上海,园区开发,19920327,
600604.SH,市北高新,20140212,4.5941,4.5941,4.604,4.5148,4.5643,0.6529,16161.73,14870.939,0.029799999999999827,上海,园区开发,19920327,
600604.SH,市北高新,20140211,4.5445,4.5643,4.6288,4.5098,4.5445,0.4357,15606.48,14389.063,0.01980000000000004,上海,园区开发,19920327,
600604.SH,市北高新,20140210,4.3909,4.5445,4.5842,4.3711,4.381,3.732,20517.64,18702.408,0.16349999999999998,上海,园区开发,19920327,
600604.SH,市北高新,20140207,4.4057,4.381,4.4206,4.3165,4.4404,-1.3377,10753.05,9473.248,-0.05940000000000012,上海,园区开发,19920327,
600604.SH,市北高新,20140130,4.3611,4.4404,4.5247,4.2125,4.3859,1.2426,23088.8,20531.658,0.05449999999999999,上海,园区开发,19920327,
600604.SH,市北高新,20140129,4.4801,4.3859,4.4801,4.3611,4.4553,-1.5577,10512.6,9356.754,-0.0693999999999999,上海,园区开发,19920327,
600604.SH,市北高新,20140128,4.4305,4.4553,4.4603,4.3859,4.4206,0.785,10455.31,9328.578,0.03469999999999995,上海,园区开发,19920327,
600604.SH,市北高新,20140127,4.4454,4.4206,4.49,4.381,4.4702,-1.1096,11284.14,10064.822,-0.049599999999999866,上海,园区开发,19920327,
600604.SH,市北高新,20140124,4.376,4.4702,4.495,4.376,4.4305,0.8961,15651.38,14041.042,0.039699999999999847,上海,园区开发,19920327,
600604.SH,市北高新,20140123,4.4107,4.4305,4.4553,4.3512,4.4057,0.5629,13710.83,12185.09,0.024799999999999933,上海,园区开发,19920327,
600604.SH,市北高新,20140122,4.1629,4.4057,4.4206,4.1629,4.1827,5.3315,25492.32,22258.636,0.22300000000000075,上海,园区开发,19920327,
600604.SH,市北高新,20140121,4.1332,4.1827,4.1877,4.1183,4.1332,1.1976,9697.43,8121.203,0.04949999999999921,上海,园区开发,19920327,
600604.SH,市北高新,20140120,4.2125,4.1332,4.2125,4.039,4.1431,-0.239,15246.21,12614.116,-0.009899999999999132,上海,园区开发,19920327,
600604.SH,市北高新,20140117,4.2868,4.1431,4.3364,4.1034,4.3017,-3.6869,17748.12,15027.526,-0.15860000000000074,上海,园区开发,19920327,
600604.SH,市北高新,20140116,4.4107,4.3017,4.4107,4.2719,4.3909,-2.0315,15760.84,13769.512,-0.08919999999999995,上海,园区开发,19920327,
600604.SH,市北高新,20140115,4.267,4.3909,4.4008,4.2125,4.262,3.0244,13700.77,11979.158,0.12890000000000068,上海,园区开发,19920327,
600604.SH,市北高新,20140114,4.153,4.262,4.267,4.153,4.153,2.6246,8889.55,7592.86,0.10899999999999999,上海,园区开发,19920327,
600604.SH,市北高新,20140113,4.3611,4.153,4.4057,4.1381,4.3711,-4.9896,18324.43,15710.15,-0.21810000000000063,上海,园区开发,19920327,
600604.SH,市北高新,20140110,4.4603,4.3711,4.5544,4.2521,4.4603,-1.9999,22422.95,19868.595,-0.08919999999999995,上海,园区开发,19920327,
600604.SH,市北高新,20140109,4.5445,4.4603,4.599,4.4404,4.5594,-2.1735,15186.83,13811.651,-0.09909999999999997,上海,园区开发,19920327,
600604.SH,市北高新,20140108,4.4553,4.5594,4.5842,4.3364,4.485,1.6589,27143.78,24348.458,0.0743999999999998,上海,园区开发,19920327,
600604.SH,市北高新,20140107,4.6734,4.485,4.6734,4.3512,4.7328,-5.2358,42821.23,38694.416,-0.2477999999999998,上海,园区开发,19920327,
600604.SH,市北高新,20140106,4.8369,4.7328,4.8865,4.7279,4.8766,-2.9488,31797.06,30743.945,-0.1437999999999997,上海,园区开发,19920327,
600604.SH,市北高新,20140103,4.713,4.8766,4.8914,4.6585,4.713,3.4712,36409.75,34999.885,0.16359999999999975,上海,园区开发,19920327,
600604.SH,市北高新,20140102,4.7081,4.713,4.827,4.6585,4.713,0.0,31873.89,30487.341,0.0,上海,园区开发,19920327,
600604.SH,市北高新,20131231,4.4603,4.713,4.7626,4.3116,4.4404,6.1391,52968.93,49401.471,0.27259999999999973,上海,园区开发,19920327,
600604.SH,市北高新,20131230,4.6189,4.4404,4.6981,4.4355,4.6189,-3.8646,50271.16,46276.367,-0.17849999999999966,上海,园区开发,19920327,
600604.SH,市北高新,20131227,4.5842,4.6189,4.6436,4.4999,4.5296,1.9715,20240.77,18749.557,0.08929999999999971,上海,园区开发,19920327,
600604.SH,市北高新,20131226,4.5098,4.5296,4.6387,4.49,4.5247,0.1083,20556.61,18983.485,0.0049000000000001265,上海,园区开发,19920327,
600604.SH,市北高新,20131225,4.49,4.5247,4.5346,4.4702,4.49,0.7728,14915.85,13545.09,0.03469999999999995,上海,园区开发,19920327,
600604.SH,市北高新,20131224,4.5197,4.49,4.6089,4.4206,4.5197,-0.6571,16926.42,15474.849,-0.02970000000000006,上海,园区开发,19920327,
600604.SH,市北高新,20131223,4.6288,4.5197,4.6288,4.4603,4.6139,-2.0417,15739.25,14384.218,-0.09419999999999984,上海,园区开发,19920327,
600604.SH,市北高新,20131220,4.6635,4.6139,4.718,4.5594,4.6436,-0.6396,15655.63,14580.904,-0.02970000000000006,上海,园区开发,19920327,
600604.SH,市北高新,20131219,4.827,4.6436,4.827,4.604,4.7873,-3.0017,17059.02,16182.557,-0.14369999999999994,上海,园区开发,19920327,
600604.SH,市北高新,20131218,4.7477,4.7873,4.8419,4.7328,4.7477,0.8341,16781.61,16202.563,0.03960000000000008,上海,园区开发,19920327,
600604.SH,市北高新,20131217,4.7923,4.7477,4.8121,4.7031,4.7873,-0.8272,19105.99,18273.38,-0.03960000000000008,上海,园区开发,19920327,
600604.SH,市北高新,20131216,4.9658,4.7873,5.0302,4.7477,4.9658,-3.5946,31146.01,30375.466,-0.17849999999999966,上海,园区开发,19920327,
600604.SH,市北高新,20131213,4.8716,4.9658,4.9806,4.8666,4.8666,2.0384,30993.52,30849.392,0.09919999999999973,上海,园区开发,19920327,
600604.SH,市北高新,20131212,4.9707,4.8666,5.0451,4.8567,4.9905,-2.4827,43989.42,43706.526,-0.1238999999999999,上海,园区开发,19920327,
600604.SH,市北高新,20131211,5.1789,4.9905,5.1838,4.9162,5.1937,-3.9124,56456.94,56928.903,-0.20319999999999983,上海,园区开发,19920327,
600604.SH,市北高新,20131210,5.0302,5.1937,5.2433,5.0054,5.0302,3.2504,58257.29,60808.822,0.16349999999999998,上海,园区开发,19920327,
600604.SH,市北高新,20131209,4.9558,5.0302,5.1194,4.9558,5.0252,0.0995,40154.74,40788.451,0.004999999999999893,上海,园区开发,19920327,
600604.SH,市北高新,20131206,5.1838,5.0252,5.3127,5.0054,5.2086,-3.5211,71063.09,73571.261,-0.18339999999999979,上海,园区开发,19920327,
600604.SH,市北高新,20131205,5.0401,5.2086,5.2383,4.9707,5.0599,2.9388,67401.65,69755.46,0.14869999999999983,上海,园区开发,19920327,
600604.SH,市北高新,20131204,5.055,5.0599,5.2978,5.0104,5.0797,-0.3898,112469.4,117964.375,-0.01980000000000004,上海,园区开发,19920327,
600604.SH,市北高新,20131203,4.9063,5.0797,5.0946,4.8072,4.9658,2.2937,89387.61,89483.6,0.11390000000000011,上海,园区开发,19920327,
600604.SH,市北高新,20131202,4.6833,4.9658,5.1045,4.6139,4.7923,3.6204,142331.9,141489.208,0.17349999999999977,上海,园区开发,19920327,
600604.SH,市北高新,20131129,4.7477,4.7923,4.8419,4.7229,4.7328,1.2572,31556.85,30469.67,0.059499999999999886,上海,园区开发,19920327,
600604.SH,市北高新,20131128,4.8121,4.7328,4.9459,4.7279,4.7973,-1.3445,54185.78,53048.162,-0.06449999999999978,上海,园区开发,19920327,
600604.SH,市北高新,20131127,4.5891,4.7973,4.8072,4.5495,4.604,4.1985,44785.82,42691.053,0.1932999999999998,上海,园区开发,19920327,
600604.SH,市北高新,20131126,4.7081,4.604,4.7081,4.5891,4.6932,-1.9006,21150.29,19785.412,-0.08919999999999995,上海,园区开发,19920327,
600604.SH,市北高新,20131125,4.5396,4.6932,4.718,4.5396,4.5445,3.2721,36321.18,34101.744,0.14869999999999983,上海,园区开发,19920327,
600604.SH,市北高新,20131122,4.5296,4.5445,4.6585,4.5049,4.5247,0.4376,29019.48,26805.969,0.01980000000000004,上海,园区开发,19920327,
600604.SH,市北高新,20131121,4.6833,4.5247,4.7081,4.5148,4.718,-4.0971,32057.87,29700.297,-0.1932999999999998,上海,园区开发,19920327,
600604.SH,市北高新,20131120,4.6089,4.718,4.7328,4.6089,4.6783,0.8486,29411.79,27717.216,0.039699999999999847,上海,园区开发,19920327,
600604.SH,市北高新,20131119,4.7923,4.6783,4.8815,4.6189,4.7675,-1.871,45951.59,43880.517,-0.08919999999999995,上海,园区开发,19920327,
600604.SH,市北高新,20131118,4.7229,4.7675,4.8716,4.7229,4.6238,3.1078,71354.28,69198.66,0.14369999999999994,上海,园区开发,19920327,
600604.SH,市北高新,20131115,4.5891,4.6238,4.7427,4.5842,4.5594,1.4125,53734.27,50686.822,0.06440000000000001,上海,园区开发,19920327,
600604.SH,市北高新,20131114,4.5495,4.5594,4.6833,4.4206,4.6882,-2.7473,41386.05,38020.303,-0.12880000000000003,上海,园区开发,19920327,
600604.SH,市北高新,20131113,4.7576,4.6882,4.8072,4.5148,4.7378,-1.0469,53741.32,50403.802,-0.049599999999999866,上海,园区开发,19920327,
600604.SH,市北高新,20131112,4.5247,4.7378,4.7378,4.49,4.5495,4.1389,67420.45,63448.065,0.1882999999999999,上海,园区开发,19920327,
600604.SH,市北高新,20131111,4.2719,4.5495,4.5594,4.2521,4.2819,6.2496,41198.43,36905.876,0.26759999999999984,上海,园区开发,19920327,
600604.SH,市北高新,20131108,4.262,4.2819,4.4107,4.2125,4.2868,-0.1143,19782.39,17177.549,-0.0049000000000001265,上海,园区开发,19920327,
600604.SH,市北高新,20131107,4.0985,4.2868,4.3562,4.0787,4.0985,4.5944,30557.86,26168.527,0.1883000000000008,上海,园区开发,19920327,
600604.SH,市北高新,20131106,4.0935,4.0985,4.1877,4.0787,4.1282,-0.7194,9825.41,8217.082,-0.02970000000000006,上海,园区开发,19920327,
600604.SH,市北高新,20131105,4.1034,4.1282,4.1332,4.039,4.1034,0.6044,8973.37,7386.237,0.024799999999999933,上海,园区开发,19920327,
600604.SH,市北高新,20131104,4.1084,4.1034,4.1976,4.0737,4.1034,0.0,7244.49,6006.852,0.0,上海,园区开发,19920327,
600604.SH,市北高新,20131101,4.0588,4.1034,4.1778,4.044,4.0588,1.0988,11346.89,9404.002,0.04459999999999997,上海,园区开发,19920327,
600604.SH,市北高新,20131031,4.039,4.0588,4.1084,3.9795,3.9845,1.8647,9507.32,7702.315,0.07429999999999959,上海,园区开发,19920327,
600604.SH,市北高新,20131030,3.93,3.9845,4.0142,3.93,3.9597,0.6263,11626.16,9330.71,0.024799999999999933,上海,园区开发,19920327,
600604.SH,市北高新,20131029,4.0886,3.9597,4.1134,3.7714,4.0787,-2.9176,19237.71,15258.975,-0.11900000000000022,上海,园区开发,19920327,
600604.SH,市北高新,20131028,4.1778,4.0787,4.2174,4.0291,4.1778,-2.3721,16829.98,13840.324,-0.09909999999999997,上海,园区开发,19920327,
600604.SH,市北高新,20131025,4.2571,4.1778,4.2918,4.1629,4.2571,-1.8628,13241.86,11202.621,-0.07929999999999993,上海,园区开发,19920327,
600604.SH,市北高新,20131024,4.1728,4.2571,4.3463,4.1728,4.2273,0.7049,22897.85,19824.412,0.029800000000000715,上海,园区开发,19920327,
600604.SH,市北高新,20131023,4.4999,4.2273,4.5792,4.2174,4.5247,-6.5728,37554.72,32825.324,-0.29740000000000055,上海,园区开发,19920327,
600604.SH,市北高新,20131022,4.5148,4.5247,4.6288,4.495,4.495,0.6607,36282.32,33308.376,0.02970000000000006,上海,园区开发,19920327,
600604.SH,市北高新,20131021,4.3909,4.495,4.5247,4.3909,4.4355,1.3414,23132.54,20929.939,0.059499999999999886,上海,园区开发,19920327,
600604.SH,市北高新,20131018,4.4157,4.4355,4.5247,4.3611,4.4157,0.4484,21409.48,19337.609,0.01980000000000004,上海,园区开发,19920327,
600604.SH,市北高新,20131017,4.4355,4.4157,4.5495,4.4008,4.3859,0.6795,33314.8,30114.156,0.029799999999999827,上海,园区开发,19920327,
600604.SH,市北高新,20131016,4.5742,4.3859,4.6535,4.3165,4.713,-6.9404,70358.98,63166.512,-0.3270999999999997,上海,园区开发,19920327,
600604.SH,市北高新,20131015,4.3661,4.713,4.8369,4.3165,4.4008,7.0942,116538.86,110150.019,0.3121999999999998,上海,园区开发,19920327,
600604.SH,市北高新,20131014,4.4355,4.4008,4.49,4.3711,4.3562,1.0238,39064.33,34862.638,0.04459999999999997,上海,园区开发,19920327,
600604.SH,市北高新,20131011,4.1877,4.3562,4.4008,4.158,4.148,5.0193,35126.74,30544.777,0.2082000000000006,上海,园区开发,19920327,
600604.SH,市北高新,20131010,4.2521,4.148,4.2521,4.1381,4.2075,-1.4141,30866.03,26141.105,-0.059499999999999886,上海,园区开发,19920327,
600604.SH,市北高新,20131009,4.2373,4.2075,4.262,4.1629,4.267,-1.3944,32291.74,27395.173,-0.059500000000000774,上海,园区开发,19920327,
600604.SH,市北高新,20131008,4.2125,4.267,4.3017,4.1134,4.262,0.1173,21830.47,18581.416,0.005000000000000782,上海,园区开发,19920327,
600604.SH,市北高新,20130930,4.1381,4.262,4.3017,4.1282,4.1332,3.1162,16974.05,14425.143,0.12879999999999914,上海,园区开发,19920327,
600604.SH,市北高新,20130927,4.148,4.1332,4.2373,4.0787,4.1976,-1.5342,27054.01,22685.229,-0.06440000000000001,上海,园区开发,19920327,
600604.SH,市北高新,20130926,4.5891,4.1976,4.5891,4.1976,4.6635,-9.9904,63439.36,55656.101,-0.46589999999999954,上海,园区开发,19920327,
600604.SH,市北高新,20130925,4.7725,4.6635,4.8072,4.6337,4.832,-3.4872,52778.0,50346.962,-0.16849999999999987,上海,园区开发,19920327,
600604.SH,市北高新,20130924,4.6833,4.832,4.8567,4.5296,4.6288,4.3899,96553.56,91445.377,0.20319999999999983,上海,园区开发,19920327,
600604.SH,市北高新,20130923,4.4107,4.6288,4.6535,4.4107,4.3909,5.418,66213.72,61071.647,0.23789999999999978,上海,园区开发,19920327,
600604.SH,市北高新,20130918,4.3116,4.3909,4.4454,4.2967,4.3265,1.4885,22671.59,19984.681,0.06440000000000001,上海,园区开发,19920327,
600604.SH,市北高新,20130917,4.4801,4.3265,4.4999,4.3215,4.4256,-2.2392,31237.58,27804.704,-0.09909999999999997,上海,园区开发,19920327,
600604.SH,市北高新,20130916,4.4702,4.4256,4.5544,4.3859,4.4652,-0.8869,33853.03,30359.364,-0.03960000000000008,上海,园区开发,19920327,
600604.SH,市北高新,20130913,4.5197,4.4652,4.6486,4.4256,4.5197,-1.2058,37695.69,34314.653,-0.05449999999999999,上海,园区开发,19920327,
600604.SH,市北高新,20130912,4.5148,4.5197,4.6486,4.4999,4.5346,-0.3286,40253.67,37062.619,-0.014899999999999913,上海,园区开发,19920327,
600604.SH,市北高新,20130911,4.7081,4.5346,4.7081,4.4107,4.7328,-4.1878,74033.25,67861.534,-0.19819999999999993,上海,园区开发,19920327,
600604.SH,市北高新,20130910,4.6981,4.7328,4.9509,4.6139,4.6932,0.8438,96418.0,93720.405,0.03960000000000008,上海,园区开发,19920327,
600604.SH,市北高新,20130909,4.7725,4.6932,4.7774,4.6288,4.8022,-2.2698,87957.58,83497.423,-0.10899999999999999,上海,园区开发,19920327,
600604.SH,市北高新,20130906,4.485,4.8022,5.0054,4.485,4.5742,4.9845,127374.78,122149.084,0.22799999999999976,上海,园区开发,19920327,
600604.SH,市北高新,20130905,4.8914,4.5742,4.8914,4.495,4.7427,-3.5528,92246.72,86193.61,-0.16849999999999987,上海,园区开发,19920327,
600604.SH,市北高新,20130904,4.3165,4.7427,4.7427,4.1827,4.3116,9.9986,87000.71,79482.519,0.4310999999999998,上海,园区开发,19920327,
600604.SH,市北高新,20130903,4.1629,4.3116,4.4057,4.0539,4.1926,2.8383,60686.41,52375.519,0.11900000000000066,上海,园区开发,19920327,
600604.SH,市北高新,20130902,4.4355,4.1926,4.4999,4.044,4.4157,-5.0524,61322.7,51947.457,-0.22310000000000052,上海,园区开发,19920327,
600604.SH,市北高新,20130830,4.3611,4.4157,4.6238,4.3512,4.4256,-0.2237,94291.45,85732.614,-0.00990000000000002,上海,园区开发,19920327,
600604.SH,市北高新,20130829,4.2174,4.4256,4.5643,4.1728,4.2719,3.5979,109317.03,96674.865,0.15370000000000061,上海,园区开发,19920327,
600604.SH,市北高新,20130828,3.9696,4.2719,4.4057,3.9449,4.0241,6.1579,112565.78,95551.911,0.2477999999999998,上海,园区开发,19920327,
600604.SH,市北高新,20130827,3.9399,4.0241,4.2125,3.8953,3.93,2.3944,98099.82,80536.2,0.09409999999999963,上海,园区开发,19920327,
600604.SH,市北高新,20130826,3.6425,3.93,3.9795,3.6277,3.6376,8.0383,81643.32,63498.96,0.2924000000000002,上海,园区开发,19920327,
600604.SH,市北高新,20130823,3.6723,3.6376,3.7813,3.5979,3.6574,-0.5414,26208.52,19501.398,-0.01980000000000004,上海,园区开发,19920327,
600604.SH,市北高新,20130822,3.6425,3.6574,3.6822,3.6326,3.6624,-0.1365,14461.65,10660.301,-0.004999999999999893,上海,园区开发,19920327,
600604.SH,市北高新,20130821,3.6772,3.6624,3.7119,3.6326,3.6822,-0.5377,19443.58,14343.71,-0.01980000000000004,上海,园区开发,19920327,
600604.SH,市北高新,20130820,3.7664,3.6822,3.7912,3.6574,3.7664,-2.2356,25202.81,18855.476,-0.08420000000000005,上海,园区开发,19920327,
600604.SH,市北高新,20130819,3.5682,3.7664,3.7764,3.5583,3.6178,4.1075,33703.68,25267.642,0.14860000000000007,上海,园区开发,19920327,
600604.SH,市北高新,20130816,3.6425,3.6178,3.7417,3.6079,3.6921,-2.0124,28555.1,21056.883,-0.07430000000000003,上海,园区开发,19920327,
600604.SH,市北高新,20130815,3.7664,3.6921,3.7664,3.6822,3.816,-3.2469,42422.72,31769.395,-0.1238999999999999,上海,园区开发,19920327,
600604.SH,市北高新,20130814,3.8953,3.816,3.9994,3.7912,3.6376,4.9043,89203.28,69632.589,0.1783999999999999,上海,园区开发,19920327,
600604.SH,市北高新,20130813,3.6525,3.6376,3.6525,3.5979,3.6425,-0.1345,14137.0,10319.369,-0.0049000000000001265,上海,园区开发,19920327,
600604.SH,市北高新,20130812,3.5087,3.6425,3.6525,3.4988,3.5087,3.8134,26158.51,18967.878,0.13379999999999992,上海,园区开发,19920327,
600604.SH,市北高新,20130809,3.5385,3.5087,3.5484,3.4443,3.5385,-0.8422,15110.94,10631.3,-0.029799999999999827,上海,园区开发,19920327,
600604.SH,市北高新,20130808,3.5236,3.5385,3.588,3.4988,3.5633,-0.696,13280.39,9489.745,-0.024799999999999933,上海,园区开发,19920327,
600604.SH,市北高新,20130807,3.5335,3.5633,3.6574,3.5335,3.5335,0.8434,21903.31,15842.507,0.029799999999999827,上海,园区开发,19920327,
600604.SH,市北高新,20130806,3.4889,3.5335,3.5434,3.4344,3.4889,1.2783,13817.3,9761.736,0.04459999999999997,上海,园区开发,19920327,
600604.SH,市北高新,20130805,3.4245,3.4889,3.4939,3.4245,3.4443,1.2949,10575.11,7408.855,0.04459999999999997,上海,园区开发,19920327,
600604.SH,市北高新,20130802,3.4443,3.4443,3.5087,3.4294,3.4344,0.2883,13993.65,9812.975,0.00990000000000002,上海,园区开发,19920327,
600604.SH,市北高新,20130801,3.37,3.4344,3.4443,3.3551,3.3601,2.2112,17261.79,11837.808,0.07430000000000003,上海,园区开发,19920327,
600604.SH,市北高新,20130731,3.3303,3.3601,3.4146,3.3204,3.3105,1.4983,12213.3,8308.399,0.049599999999999866,上海,园区开发,19920327,
600604.SH,市北高新,20130730,3.2907,3.3105,3.3254,3.2064,3.2758,1.0593,13322.94,8797.453,0.0347000000000004,上海,园区开发,19920327,
600604.SH,市北高新,20130729,3.4195,3.2758,3.4195,3.2362,3.4146,-4.0649,16477.04,10999.439,-0.13880000000000026,上海,园区开发,19920327,
600604.SH,市北高新,20130726,3.4691,3.4146,3.4939,3.3749,3.4691,-1.571,13725.41,9457.296,-0.05449999999999999,上海,园区开发,19920327,
600604.SH,市北高新,20130725,3.5583,3.4691,3.5583,3.4443,3.5335,-1.8226,16711.86,11787.796,-0.06440000000000001,上海,园区开发,19920327,
600604.SH,市北高新,20130724,3.5682,3.5335,3.5682,3.4988,3.5633,-0.8363,15017.36,10713.812,-0.029799999999999827,上海,园区开发,19920327,
600604.SH,市北高新,20130723,3.5286,3.5633,3.5682,3.4641,3.4641,2.8637,15029.56,10724.311,0.09919999999999973,上海,园区开发,19920327,
600604.SH,市北高新,20130722,3.37,3.4641,3.4939,3.3502,3.4146,1.4497,11574.15,8054.685,0.0495000000000001,上海,园区开发,19920327,
600604.SH,市北高新,20130719,3.5434,3.4146,3.5633,3.4096,3.5137,-2.8204,23275.77,16375.145,-0.09909999999999997,上海,园区开发,19920327,
600604.SH,市北高新,20130718,3.6277,3.5137,3.6277,3.5038,3.6277,-3.1425,23335.63,16736.96,-0.11399999999999988,上海,园区开发,19920327,
600604.SH,市北高新,20130717,3.6772,3.6277,3.702,3.6178,3.6723,-1.2145,15732.95,11590.968,-0.04459999999999997,上海,园区开发,19920327,
600604.SH,市北高新,20130716,3.6673,3.6723,3.6772,3.5979,3.6772,-0.1333,15934.15,11705.188,-0.0049000000000001265,上海,园区开发,19920327,
600604.SH,市北高新,20130715,3.6475,3.6772,3.6971,3.593,3.6178,1.6419,19015.31,14020.529,0.05940000000000012,上海,园区开发,19920327,
600604.SH,市北高新,20130712,3.593,3.6178,3.7318,3.5781,3.593,0.6902,20337.74,15017.22,0.024799999999999933,上海,园区开发,19920327,
600604.SH,市北高新,20130711,3.5335,3.593,3.6624,3.5038,3.5038,2.5458,22084.87,16041.913,0.08919999999999995,上海,园区开发,19920327,
600604.SH,市北高新,20130710,3.3303,3.5038,3.5087,3.3303,3.3799,3.6658,14064.27,9815.671,0.1238999999999999,上海,园区开发,19920327,
600604.SH,市北高新,20130709,3.4195,3.3799,3.5137,3.3303,3.484,-2.9879,21659.58,14880.159,-0.10409999999999986,上海,园区开发,19920327,
600604.SH,市北高新,20130708,3.6624,3.484,3.6624,3.474,3.702,-5.8887,20557.32,14665.236,-0.21799999999999997,上海,园区开发,19920327,
600604.SH,市北高新,20130705,3.6673,3.702,3.7466,3.6425,3.6772,0.6744,22365.05,16687.527,0.024799999999999933,上海,园区开发,19920327,
600604.SH,市北高新,20130704,3.6376,3.6772,3.7516,3.6128,3.6326,1.2278,34215.83,25435.353,0.04459999999999997,上海,园区开发,19920327,
600604.SH,市北高新,20130703,3.6624,3.6326,3.6624,3.5434,3.6574,-0.6781,25435.3,18444.452,-0.024799999999999933,上海,园区开发,19920327,
600604.SH,市北高新,20130702,3.6376,3.6574,3.6921,3.5236,3.6326,0.6827,22949.02,16743.848,0.024799999999999933,上海,园区开发,19920327,
600604.SH,市北高新,20130701,3.6921,3.6326,3.6921,3.484,3.6921,-1.6115,36520.06,26325.453,-0.059499999999999886,上海,园区开发,19920327,
600604.SH,市北高新,20130628,3.8011,3.6921,3.8755,3.6574,3.8061,-2.9952,27145.99,20639.144,-0.11399999999999988,上海,园区开发,19920327,
600604.SH,市北高新,20130627,3.8556,3.8061,3.8953,3.6673,3.8457,-1.0297,43463.85,33199.968,-0.03960000000000008,上海,园区开发,19920327,
600604.SH,市北高新,20130626,3.8656,3.8457,3.9102,3.7714,3.8606,-0.386,15448.17,11957.027,-0.014899999999999913,上海,园区开发,19920327,
600604.SH,市北高新,20130625,3.7915,3.8606,3.9001,3.5446,3.8655,-0.1268,29754.65,22470.819,-0.0049000000000001265,上海,园区开发,19920327,
600604.SH,市北高新,20130624,4.1371,3.8655,4.1864,3.7322,4.1371,-6.565,24408.1,19523.784,-0.2716000000000003,上海,园区开发,19920327,
600604.SH,市北高新,20130621,4.0482,4.1371,4.1963,3.9346,4.1222,0.3615,16576.26,13643.692,0.014899999999999913,上海,园区开发,19920327,
600604.SH,市北高新,20130620,4.2062,4.1222,4.2753,4.1025,4.3,-4.1349,24297.57,20636.437,-0.17779999999999951,上海,园区开发,19920327,
600604.SH,市北高新,20130619,4.142,4.3,4.3296,3.9741,4.1272,4.1869,37808.91,31516.177,0.17279999999999962,上海,园区开发,19920327,
600604.SH,市北高新,20130618,4.1914,4.1272,4.1963,4.0926,4.1716,-1.0643,17172.85,14376.454,-0.04439999999999955,上海,园区开发,19920327,
600604.SH,市北高新,20130617,4.221,4.1716,4.2703,4.1371,4.1914,-0.4724,18160.77,15401.936,-0.01980000000000004,上海,园区开发,19920327,
600604.SH,市北高新,20130614,4.1815,4.1914,4.2309,4.1321,4.1272,1.5555,18300.46,15553.411,0.06419999999999959,上海,园区开发,19920327,
600604.SH,市北高新,20130613,4.4678,4.1272,4.4678,4.0679,4.5172,-8.6337,35294.35,29866.769,-0.3899999999999997,上海,园区开发,19920327,
600604.SH,市北高新,20130607,4.6307,4.5172,4.7147,4.4925,4.685,-3.5816,36371.5,34126.723,-0.16779999999999973,上海,园区开发,19920327,
600604.SH,市北高新,20130606,4.7986,4.685,4.8776,4.6702,4.8183,-2.7665,28724.53,27734.726,-0.1333000000000002,上海,园区开发,19920327,
600604.SH,市北高新,20130605,4.769,4.8183,4.8282,4.7147,4.7838,0.7212,27140.29,26203.497,0.03449999999999953,上海,园区开发,19920327,
600604.SH,市北高新,20130604,4.9368,4.7838,4.9714,4.7443,4.9763,-3.8683,47480.3,46407.877,-0.1924999999999999,上海,园区开发,19920327,
600604.SH,市北高新,20130603,5.0356,4.9763,5.2626,4.9121,4.9862,-0.1985,97445.45,100281.788,-0.00990000000000002,上海,园区开发,19920327,
600604.SH,市北高新,20130531,4.5715,4.9862,5.0356,4.5715,4.6406,7.4473,95624.71,94425.847,0.34560000000000013,上海,园区开发,19920327,
600604.SH,市北高新,20130530,4.7887,4.6406,4.7887,4.6406,4.8381,-4.0822,50806.61,48354.091,-0.1974999999999998,上海,园区开发,19920327,
600604.SH,市北高新,20130529,4.9319,4.8381,4.9615,4.8331,4.9319,-1.9019,38862.74,38485.584,-0.09379999999999988,上海,园区开发,19920327,
600604.SH,市北高新,20130528,4.8677,4.9319,4.9615,4.769,4.8726,1.217,44908.62,44461.291,0.059299999999999464,上海,园区开发,19920327,
600604.SH,市北高新,20130527,4.8381,4.8726,4.8726,4.7097,4.843,0.6112,38158.9,37011.203,0.029600000000000293,上海,园区开发,19920327,
600604.SH,市北高新,20130524,4.8233,4.843,4.8825,4.764,4.8233,0.4084,30998.58,30225.017,0.019700000000000273,上海,园区开发,19920327,
600604.SH,市北高新,20130523,4.8381,4.8233,5.0948,4.7986,4.8825,-1.2125,45096.29,45022.341,-0.059200000000000585,上海,园区开发,19920327,
600604.SH,市北高新,20130522,4.8628,4.8825,5.0109,4.7936,4.8973,-0.3022,45115.67,44952.884,-0.014800000000000146,上海,园区开发,19920327,
600604.SH,市北高新,20130521,4.5715,4.8973,5.0306,4.532,4.5912,6.6671,78369.57,76621.649,0.3061000000000007,上海,园区开发,19920327,
600604.SH,市北高新,20130520,4.5419,4.5912,4.6061,4.4629,4.4728,2.6471,43317.33,39813.82,0.1183999999999994,上海,园区开发,19920327,
600604.SH,市北高新,20130517,4.4925,4.4728,4.5221,4.4234,4.4925,-0.4385,37475.54,34018.646,-0.019699999999999385,上海,园区开发,19920327,
600604.SH,市北高新,20130516,4.4777,4.4925,4.5271,4.3938,4.4777,0.3305,32666.27,29500.86,0.014800000000000146,上海,园区开发,19920327,
600604.SH,市北高新,20130515,4.4925,4.4777,4.5517,4.4135,4.4876,-0.2206,32405.73,29382.61,-0.00990000000000002,上海,园区开发,19920327,
600604.SH,市北高新,20130514,4.4481,4.4876,4.5123,4.3592,4.4431,1.0016,36815.94,33060.695,0.04449999999999932,上海,园区开发,19920327,
600604.SH,市北高新,20130513,4.3197,4.4431,4.5024,4.2901,4.3543,2.0394,46927.0,42149.953,0.08879999999999999,上海,园区开发,19920327,
600604.SH,市北高新,20130510,4.0136,4.3543,4.4135,3.9939,4.0136,8.4886,75792.7,66122.761,0.3407,上海,园区开发,19920327,
600604.SH,市北高新,20130509,4.142,4.0136,4.1469,3.9544,4.1469,-3.2144,32032.38,26234.728,-0.1332999999999993,上海,园区开发,19920327,
600604.SH,市北高新,20130508,4.221,4.1469,4.2802,4.1321,4.2012,-1.2925,29328.7,24885.339,-0.05430000000000046,上海,园区开发,19920327,
600604.SH,市北高新,20130507,4.1469,4.2012,4.2062,4.1272,4.1469,1.3094,24125.13,20327.353,0.05430000000000046,上海,园区开发,19920327,
600604.SH,市北高新,20130506,4.1716,4.1469,4.1963,4.1074,4.1963,-1.1772,33714.69,28313.719,-0.04940000000000033,上海,园区开发,19920327,
600604.SH,市北高新,20130503,4.1124,4.1963,4.2309,4.1124,4.142,1.311,24502.34,20709.785,0.05429999999999957,上海,园区开发,19920327,
600604.SH,市北高新,20130502,4.0976,4.142,4.1963,4.0976,4.0976,1.0836,17701.56,14895.191,0.04440000000000044,上海,园区开发,19920327,
600604.SH,市北高新,20130426,4.0729,4.0976,4.1667,4.0482,4.0531,1.0979,18823.71,15678.032,0.044500000000000206,上海,园区开发,19920327,
600604.SH,市北高新,20130425,4.1914,4.0531,4.1963,4.0433,4.2062,-3.6399,25709.51,21471.806,-0.15310000000000024,上海,园区开发,19920327,
600604.SH,市北高新,20130424,4.2358,4.2062,4.3197,4.0433,4.2358,-0.6988,43611.82,36824.698,-0.029600000000000293,上海,园区开发,19920327,
600604.SH,市北高新,20130423,4.5221,4.2358,4.5221,4.2309,4.5073,-6.0236,37129.14,32815.188,-0.27149999999999963,上海,园区开发,19920327,
600604.SH,市北高新,20130422,4.6554,4.5073,4.6554,4.4678,4.6505,-3.0792,32937.5,30223.844,-0.14320000000000022,上海,园区开发,19920327,
600604.SH,市北高新,20130419,4.5962,4.6505,4.6752,4.5666,4.5962,1.1814,30382.43,28552.178,0.05430000000000046,上海,园区开发,19920327,
600604.SH,市北高新,20130418,4.6357,4.5962,4.7196,4.5912,4.69,-2.0,29736.2,27933.788,-0.09380000000000077,上海,园区开发,19920327,
600604.SH,市北高新,20130417,4.6554,4.69,4.7048,4.5764,4.6801,0.2115,33656.7,31648.474,0.00990000000000002,上海,园区开发,19920327,
600604.SH,市北高新,20130416,4.5369,4.6801,4.685,4.5024,4.5715,2.3756,46949.83,43852.309,0.10860000000000003,上海,园区开发,19920327,
600604.SH,市北高新,20130415,4.4728,4.5715,4.5912,4.3888,4.4086,3.6951,41730.75,38290.683,0.1629000000000005,上海,园区开发,19920327,
600604.SH,市北高新,20130412,4.4431,4.4086,4.4974,4.3543,4.379,0.676,24095.58,21669.559,0.029600000000000293,上海,园区开发,19920327,
600604.SH,市北高新,20130411,4.4728,4.379,4.4974,4.374,4.453,-1.6618,18565.52,16589.103,-0.07400000000000073,上海,园区开发,19920327,
600604.SH,市北高新,20130410,4.4728,4.453,4.5172,4.3296,4.4777,-0.5516,25099.74,22466.997,-0.024699999999999278,上海,园区开发,19920327,
600604.SH,市北高新,20130409,4.532,4.4777,4.6653,4.4431,4.5517,-1.6258,37364.61,34271.696,-0.07400000000000073,上海,园区开发,19920327,
600604.SH,市北高新,20130408,4.3197,4.5517,4.5912,4.2506,4.4234,2.9005,29583.96,26873.842,0.1283000000000003,上海,园区开发,19920327,
600604.SH,市北高新,20130403,4.4925,4.4234,4.5369,4.2802,4.4876,-1.4306,43392.55,38592.201,-0.06419999999999959,上海,园区开发,19920327,
600604.SH,市北高新,20130402,4.69,4.4876,4.7739,4.4185,4.7196,-4.9157,50934.33,47354.301,-0.2320000000000002,上海,园区开发,19920327,
600604.SH,市北高新,20130401,4.6406,4.7196,4.8134,4.6011,4.69,0.6311,41694.4,40007.759,0.029599999999999405,上海,园区开发,19920327,
600604.SH,市北高新,20130329,4.6604,4.69,4.8233,4.5468,4.6949,-0.1044,58482.55,55594.341,-0.004899999999999238,上海,园区开发,19920327,
600604.SH,市北高新,20130328,5.0356,4.6949,5.0356,4.6406,5.1294,-8.4708,82118.39,79846.127,-0.4345000000000008,上海,园区开发,19920327,
600604.SH,市北高新,20130327,5.2034,5.1294,5.47,5.1244,5.2281,-1.8879,80637.53,86736.008,-0.09870000000000001,上海,园区开发,19920327,
600604.SH,市北高新,20130326,5.0948,5.2281,5.3219,4.9862,5.0997,2.5178,81627.19,85635.336,0.12840000000000007,上海,园区开发,19920327,
600604.SH,市北高新,20130325,5.1639,5.0997,5.2775,5.0504,5.1392,-0.7686,63703.62,66532.476,-0.039499999999999424,上海,园区开发,19920327,
600604.SH,市北高新,20130322,4.8331,5.1392,5.159,4.8134,4.8677,5.5776,82376.29,84147.501,0.27149999999999963,上海,园区开发,19920327,
600604.SH,市北高新,20130321,4.9171,4.8677,5.0158,4.764,4.9269,-1.2016,74550.78,74224.78,-0.0591999999999997,上海,园区开发,19920327,
600604.SH,市北高新,20130320,4.7838,4.9269,5.0602,4.7147,4.7838,2.9913,103867.81,102379.949,0.14309999999999956,上海,园区开发,19920327,
600604.SH,市北高新,20130319,4.3641,4.7838,4.8282,4.2703,4.3888,9.0002,83842.21,78121.035,0.39500000000000046,上海,园区开发,19920327,
600604.SH,市北高新,20130318,4.4925,4.3888,4.6406,4.3641,4.5616,-3.7881,53438.99,48343.493,-0.1728000000000005,上海,园区开发,19920327,
600604.SH,市北高新,20130315,4.5764,4.5616,4.8134,4.4431,4.6406,-1.7024,68380.6,63494.931,-0.07899999999999974,上海,园区开发,19920327,
600604.SH,市北高新,20130314,4.3444,4.6406,4.7739,4.2802,4.3444,6.818,124848.61,116679.827,0.2961999999999998,上海,园区开发,19920327,
600604.SH,市北高新,20130313,4.1519,4.3444,4.4234,4.0729,4.1617,4.39,78492.24,68036.604,0.18270000000000053,上海,园区开发,19920327,
600604.SH,市北高新,20130312,4.1716,4.1617,4.2012,3.9889,4.1716,-0.2373,34882.9,28893.543,-0.00990000000000002,上海,园区开发,19920327,
600604.SH,市北高新,20130311,4.0186,4.1716,4.221,4.0038,4.0235,3.6809,52782.82,44405.309,0.14809999999999945,上海,园区开发,19920327,
600604.SH,市北高新,20130308,3.8902,4.0235,4.0235,3.8902,3.8951,3.2964,29523.44,23856.072,0.1284000000000005,上海,园区开发,19920327,
600604.SH,市北高新,20130307,3.8902,3.8951,3.9791,3.8705,3.8902,0.126,18427.57,14670.474,0.004899999999999682,上海,园区开发,19920327,
600604.SH,市北高新,20130306,3.8211,3.8902,3.9198,3.8162,3.831,1.5453,15777.11,12402.235,0.05920000000000014,上海,园区开发,19920327,
600604.SH,市北高新,20130305,3.7569,3.831,3.8606,3.7273,3.7865,1.1752,14895.98,11514.523,0.04449999999999976,上海,园区开发,19920327,
600604.SH,市北高新,20130304,3.8458,3.7865,3.9445,3.752,4.0038,-5.4273,24786.23,19281.395,-0.21729999999999983,上海,园区开发,19920327,
600604.SH,市北高新,20130301,3.9988,4.0038,4.0087,3.9198,3.984,0.497,19771.55,15925.512,0.01980000000000004,上海,园区开发,19920327,
600604.SH,市北高新,20130228,3.91,3.984,3.9988,3.8754,3.8803,2.6725,17362.21,13957.96,0.1036999999999999,上海,园区开发,19920327,
600604.SH,市北高新,20130227,3.8853,3.8803,3.9692,3.8408,3.8853,-0.1287,10833.06,8557.03,-0.004999999999999893,上海,园区开发,19920327,
600604.SH,市北高新,20130226,3.9939,3.8853,4.0482,3.8803,3.9939,-2.7191,10797.51,8649.83,-0.10860000000000003,上海,园区开发,19920327,
600604.SH,市北高新,20130225,3.8606,3.9939,4.0186,3.8606,3.8705,3.1882,16829.1,13492.566,0.12340000000000018,上海,园区开发,19920327,
600604.SH,市北高新,20130222,3.9297,3.8705,3.9889,3.8507,3.9445,-1.876,21959.81,17380.934,-0.07400000000000029,上海,园区开发,19920327,
600604.SH,市北高新,20130221,4.0976,3.9445,4.142,3.9346,4.1469,-4.8808,31269.72,25272.523,-0.20239999999999947,上海,园区开发,19920327,
600604.SH,市北高新,20130220,4.0976,4.1469,4.1519,4.0778,4.1025,1.0823,19398.18,16131.761,0.04439999999999955,上海,园区开发,19920327,
600604.SH,市北高新,20130219,4.1914,4.1025,4.2012,4.0926,4.1815,-1.8893,18899.12,15805.256,-0.07899999999999974,上海,园区开发,19920327,
600604.SH,市北高新,20130218,4.2358,4.1815,4.2654,4.1222,4.2358,-1.2819,18692.77,15814.441,-0.05430000000000046,上海,园区开发,19920327,
600604.SH,市北高新,20130208,4.2259,4.2358,4.2753,4.1815,4.2259,0.2343,14873.62,12713.946,0.00990000000000002,上海,园区开发,19920327,
600604.SH,市北高新,20130207,4.2753,4.2259,4.3641,4.1617,4.3098,-1.9467,23775.39,20381.761,-0.08389999999999986,上海,园区开发,19920327,
600604.SH,市北高新,20130206,4.1815,4.3098,4.4185,4.1815,4.2062,2.463,34945.18,30664.0,0.10360000000000014,上海,园区开发,19920327,
600604.SH,市北高新,20130205,4.1914,4.2062,4.2753,4.0976,4.2457,-0.9304,25732.35,21894.615,-0.03950000000000031,上海,园区开发,19920327,
600604.SH,市北高新,20130204,4.0679,4.2457,4.3247,4.0679,4.1173,3.1185,45354.3,38544.675,0.12840000000000007,上海,园区开发,19920327,
600604.SH,市北高新,20130201,4.1222,4.1173,4.216,4.0581,4.1963,-1.8826,36898.03,30797.864,-0.07899999999999974,上海,园区开发,19920327,
600604.SH,市北高新,20130131,4.1124,4.1963,4.3296,4.1124,4.1765,0.4741,50342.61,43041.218,0.01980000000000004,上海,园区开发,19920327,
600604.SH,市北高新,20130130,4.4382,4.1765,4.4382,4.0482,4.3049,-2.9826,95452.67,82076.111,-0.12840000000000007,上海,园区开发,19920327,
600604.SH,市北高新,20130129,4.0136,4.3049,4.3049,4.0136,3.9149,9.9619,78979.68,67782.755,0.3900000000000001,上海,园区开发,19920327,
600604.SH,市北高新,20130128,3.8013,3.9149,3.9248,3.7224,3.8013,2.9885,26330.4,20668.341,0.11359999999999992,上海,园区开发,19920327,
600604.SH,市北高新,20130125,3.8013,3.8013,3.8754,3.7767,3.7816,0.5209,12946.1,9993.107,0.01969999999999983,上海,园区开发,19920327,
600604.SH,市北高新,20130124,3.9939,3.7816,4.0136,3.752,3.9988,-5.4316,39679.37,31102.693,-0.21720000000000006,上海,园区开发,19920327,
600604.SH,市北高新,20130123,3.8705,3.9988,4.0383,3.8458,3.8951,2.6623,44452.25,35699.362,0.10370000000000035,上海,园区开发,19920327,
600604.SH,市北高新,20130122,4.0235,3.8951,4.0235,3.8803,3.9889,-2.3515,32271.54,25774.218,-0.09380000000000033,上海,园区开发,19920327,
600604.SH,市北高新,20130121,3.9889,3.9889,4.0877,3.9495,3.9889,0.0,32945.03,26728.616,0.0,上海,园区开发,19920327,
600604.SH,市北高新,20130118,3.91,3.9889,4.0482,3.91,4.0433,-1.3454,65438.99,52861.25,-0.054400000000000226,上海,园区开发,19920327,
600604.SH,市北高新,20130117,3.8507,4.0433,4.0531,3.7075,3.8507,5.0017,65908.43,51597.001,0.19260000000000055,上海,园区开发,19920327,
600604.SH,市北高新,20130116,3.7273,3.8507,3.9495,3.7273,3.7273,3.3107,61778.1,48134.615,0.12339999999999973,上海,园区开发,19920327,
600604.SH,市北高新,20130115,3.6335,3.7273,3.7816,3.6335,3.6384,2.4434,32008.16,24062.448,0.0889000000000002,上海,园区开发,19920327,
600604.SH,市北高新,20130114,3.5298,3.6384,3.6483,3.4854,3.4805,4.5367,26459.8,19211.681,0.1578999999999997,上海,园区开发,19920327,
600604.SH,市北高新,20130111,3.6236,3.4805,3.6434,3.4558,3.6138,-3.6886,18756.82,13415.161,-0.13329999999999975,上海,园区开发,19920327,
600604.SH,市北高新,20130110,3.6483,3.6138,3.6878,3.5693,3.6532,-1.0785,20400.31,14976.758,-0.0394000000000001,上海,园区开发,19920327,
600604.SH,市北高新,20130109,3.5841,3.6532,3.747,3.5594,3.5891,1.786,30762.65,22865.805,0.06409999999999982,上海,园区开发,19920327,
600604.SH,市北高新,20130108,3.52,3.5891,3.6779,3.4854,3.5397,1.3956,29026.43,21062.944,0.04940000000000033,上海,园区开发,19920327,
600604.SH,市北高新,20130107,3.4459,3.5397,3.5496,3.3965,3.4508,2.5762,15131.22,10680.726,0.08889999999999976,上海,园区开发,19920327,
600604.SH,市北高新,20130104,3.5397,3.4508,3.6039,3.436,3.5397,-2.5115,19994.51,14144.844,-0.08889999999999976,上海,园区开发,19920327,
600604.SH,市北高新,20121231,3.6187,3.5397,3.6187,3.4953,3.5891,-1.3764,21779.03,15635.599,-0.04940000000000033,上海,园区开发,19920327,
600604.SH,市北高新,20121228,3.3916,3.5891,3.6532,3.3472,3.4163,5.0581,33193.0,23536.153,0.17280000000000006,上海,园区开发,19920327,
600604.SH,市北高新,20121227,3.4064,3.4163,3.594,3.3867,3.4015,0.4351,25277.24,17693.848,0.014800000000000146,上海,园区开发,19920327,
600604.SH,市北高新,20121226,3.283,3.4015,3.4508,3.2632,3.2978,3.1445,28264.39,19381.694,0.1036999999999999,上海,园区开发,19920327,
600604.SH,市北高新,20121225,3.2336,3.2978,3.3768,3.1842,3.2139,2.6105,23321.59,15645.996,0.08389999999999986,上海,园区开发,19920327,
600604.SH,市北高新,20121224,3.1546,3.2139,3.2237,3.1398,3.1349,2.52,14189.23,9205.566,0.07900000000000018,上海,园区开发,19920327,
600604.SH,市北高新,20121221,3.1793,3.1349,3.2089,3.1299,3.1744,-1.2443,12524.05,8024.99,-0.03949999999999987,上海,园区开发,19920327,
600604.SH,市北高新,20121220,3.2089,3.1744,3.2188,3.1497,3.2287,-1.6818,11922.06,7664.661,-0.054300000000000015,上海,园区开发,19920327,
600604.SH,市北高新,20121219,3.2188,3.2287,3.2534,3.1744,3.2484,-0.6065,14513.8,9429.68,-0.019700000000000273,上海,园区开发,19920327,
600604.SH,市北高新,20121218,3.2879,3.2484,3.2879,3.2287,3.278,-0.903,13639.13,9003.82,-0.02959999999999985,上海,园区开发,19920327,
600604.SH,市北高新,20121217,3.2879,3.278,3.3175,3.2336,3.278,0.0,14674.84,9726.974,0.0,上海,园区开发,19920327,
600604.SH,市北高新,20121214,3.1991,3.278,3.2879,3.1645,3.1744,3.2636,13769.01,9093.443,0.10360000000000014,上海,园区开发,19920327,
600604.SH,市北高新,20121213,3.204,3.1744,3.2731,3.1645,3.204,-0.9238,7833.19,5113.344,-0.029600000000000293,上海,园区开发,19920327,
600604.SH,市北高新,20121212,3.2435,3.204,3.278,3.1497,3.2632,-1.8142,13475.49,8726.568,-0.0591999999999997,上海,园区开发,19920327,
600604.SH,市北高新,20121211,3.1299,3.2632,3.3373,3.1201,3.1596,3.2789,24480.86,16200.024,0.10359999999999969,上海,园区开发,19920327,
600604.SH,市北高新,20121210,3.1003,3.1596,3.1694,3.0707,3.0855,2.4016,8446.61,5357.342,0.07410000000000005,上海,园区开发,19920327,
600604.SH,市北高新,20121207,2.9868,3.0855,3.0904,2.9868,3.0065,2.6276,14207.8,8796.333,0.07900000000000018,上海,园区开发,19920327,
600604.SH,市北高新,20121206,3.0361,3.0065,3.0756,2.9621,3.046,-1.2968,6139.49,3762.521,-0.03949999999999987,上海,园区开发,19920327,
600604.SH,市北高新,20121205,2.893,3.046,3.0756,2.893,2.9325,3.8704,11798.2,7212.526,0.11349999999999971,上海,园区开发,19920327,
600604.SH,市北高新,20121204,2.9127,2.9325,2.9473,2.8239,2.9275,0.1708,8719.2,5098.721,0.004999999999999893,上海,园区开发,19920327,
600604.SH,市北高新,20121203,3.0115,2.9275,3.0213,2.9177,3.0115,-2.7893,7944.36,4747.875,-0.08399999999999963,上海,园区开发,19920327,
600604.SH,市北高新,20121130,3.0016,3.0115,3.051,2.9374,2.9818,0.996,9161.87,5575.062,0.02970000000000006,上海,园区开发,19920327,
600604.SH,市北高新,20121129,3.0559,2.9818,3.0855,2.972,3.0559,-2.4248,10489.84,6421.121,-0.07410000000000005,上海,园区开发,19920327,
600604.SH,市北高新,20121128,3.2386,3.0559,3.2929,3.0312,3.3175,-7.8855,22378.64,13916.458,-0.26160000000000005,上海,园区开发,19920327,
600604.SH,市北高新,20121127,3.4607,3.3175,3.4953,3.2929,3.4656,-4.2734,8325.69,5638.202,-0.1480999999999999,上海,园区开发,19920327,
600604.SH,市北高新,20121126,3.4854,3.4656,3.5101,3.441,3.4854,-0.5681,4077.0,2863.529,-0.01980000000000004,上海,园区开发,19920327,
600604.SH,市北高新,20121123,3.4854,3.4854,3.52,3.4558,3.4607,0.7137,4555.26,3221.403,0.024699999999999722,上海,园区开发,19920327,
600604.SH,市北高新,20121122,3.5644,3.4607,3.5644,3.4015,3.5446,-2.367,8436.09,5984.295,-0.08389999999999986,上海,园区开发,19920327,
600604.SH,市北高新,20121121,3.4607,3.5446,3.5545,3.4607,3.5051,1.1269,16170.1,11505.81,0.03949999999999987,上海,园区开发,19920327,
600604.SH,市北高新,20121120,3.3867,3.5051,3.5348,3.3373,3.3472,4.7174,32972.9,23321.181,0.15790000000000015,上海,园区开发,19920327,
600604.SH,市北高新,20121119,3.2879,3.3472,3.362,3.2336,3.3225,0.7434,5419.3,3638.104,0.024700000000000166,上海,园区开发,19920327,
600604.SH,市北高新,20121116,3.2682,3.3225,3.3521,3.1694,3.2731,1.5093,9722.57,6449.494,0.04939999999999989,上海,园区开发,19920327,
600604.SH,市北高新,20121115,3.3817,3.2731,3.3817,3.2583,3.4113,-4.0512,14236.38,9579.627,-0.13820000000000032,上海,园区开发,19920327,
600604.SH,市北高新,20121114,3.5051,3.4113,3.5397,3.3324,3.52,-3.0881,16053.65,11101.614,-0.1086999999999998,上海,园区开发,19920327,
600604.SH,市北高新,20121113,3.6779,3.52,3.6779,3.4953,3.6681,-4.0375,12947.01,9376.399,-0.1480999999999999,上海,园区开发,19920327,
600604.SH,市北高新,20121112,3.6187,3.6681,3.673,3.5841,3.6187,1.3651,8896.44,6545.546,0.04939999999999989,上海,园区开发,19920327,
600604.SH,市北高新,20121109,3.5496,3.6187,3.6878,3.5496,3.5693,1.384,11120.1,8178.11,0.04939999999999989,上海,园区开发,19920327,
600604.SH,市北高新,20121108,3.6434,3.5693,3.6434,3.5594,3.6631,-2.5607,14429.32,10546.492,-0.09379999999999988,上海,园区开发,19920327,
600604.SH,市北高新,20121107,3.6977,3.6631,3.7174,3.6434,3.6927,-0.8016,10553.33,7844.355,-0.02959999999999985,上海,园区开发,19920327,
600604.SH,市北高新,20121106,3.7273,3.6927,3.7767,3.6187,3.7865,-2.4772,23915.18,17846.409,-0.09380000000000033,上海,园区开发,19920327,
600604.SH,市北高新,20121105,3.6039,3.7865,3.8408,3.5841,3.594,5.3561,51345.04,39179.954,0.19250000000000034,上海,园区开发,19920327,
600604.SH,市北高新,20121102,3.5693,3.594,3.5989,3.5397,3.5743,0.5512,11856.41,8586.835,0.01969999999999983,上海,园区开发,19920327,
600604.SH,市北高新,20121101,3.5446,3.5743,3.5891,3.515,3.5051,1.9743,16435.38,11836.168,0.06919999999999993,上海,园区开发,19920327,
600604.SH,市北高新,20121031,3.6384,3.5051,3.6384,3.4755,3.6187,-3.1392,22883.84,16350.685,-0.11359999999999992,上海,园区开发,19920327,
600604.SH,市北高新,20121030,3.6088,3.6187,3.6582,3.5743,3.6138,0.1356,17128.77,12532.625,0.0049000000000001265,上海,园区开发,19920327,
600604.SH,市北高新,20121029,3.7767,3.6138,3.7964,3.6039,3.905,-7.4571,37044.51,27609.93,-0.2911999999999999,上海,园区开发,19920327,
600604.SH,市北高新,20121026,3.8112,3.905,3.9445,3.7767,3.8606,1.1501,33281.54,26136.185,0.044399999999999995,上海,园区开发,19920327,
600604.SH,市北高新,20121025,3.9495,3.8606,4.0186,3.8013,4.0235,-4.0487,46774.78,36864.804,-0.1629000000000005,上海,园区开发,19920327,
600604.SH,市北高新,20121024,3.7174,4.0235,4.0581,3.7125,3.7668,6.8148,69549.7,55408.423,0.2567000000000004,上海,园区开发,19920327,
600604.SH,市北高新,20121023,3.7816,3.7668,3.8902,3.752,3.7619,0.1303,31177.1,24092.027,0.0049000000000001265,上海,园区开发,19920327,
600604.SH,市北高新,20121022,3.7915,3.7619,3.8754,3.752,3.8112,-1.2936,22822.79,17583.802,-0.04930000000000012,上海,园区开发,19920327,
600604.SH,市北高新,20121019,3.7273,3.8112,3.8211,3.6829,3.7075,2.797,23647.14,17967.152,0.1036999999999999,上海,园区开发,19920327,
600604.SH,市北高新,20121018,3.6286,3.7075,3.7322,3.5841,3.6335,2.0366,24314.96,18116.049,0.07399999999999984,上海,园区开发,19920327,
600604.SH,市北高新,20121017,3.6779,3.6335,3.6977,3.5594,3.6681,-0.9433,14407.11,10579.748,-0.03459999999999974,上海,园区开发,19920327,
600604.SH,市北高新,20121016,3.6977,3.6681,3.747,3.6286,3.6829,-0.4019,18046.04,13444.577,-0.014800000000000146,上海,园区开发,19920327,
600604.SH,市北高新,20121015,3.5989,3.6829,3.6977,3.5891,3.5891,2.6135,19243.7,14197.356,0.09379999999999988,上海,园区开发,19920327,
600604.SH,市北高新,20121012,3.6286,3.5891,3.752,3.5446,3.6779,-2.4144,25677.88,18838.882,-0.08879999999999999,上海,园区开发,19920327,
600604.SH,市北高新,20121011,3.8408,3.6779,3.8606,3.6532,3.8606,-4.7324,26965.53,20566.836,-0.18269999999999964,上海,园区开发,19920327,
600604.SH,市北高新,20121010,3.7322,3.8606,3.9248,3.7075,3.7322,3.4403,39404.31,30593.458,0.12839999999999963,上海,园区开发,19920327,
600604.SH,市北高新,20121009,3.6829,3.7322,3.7717,3.6532,3.6829,1.3386,26551.32,20010.926,0.04930000000000012,上海,园区开发,19920327,
600604.SH,市北高新,20121008,3.6236,3.6829,3.6878,3.6138,3.6187,1.7741,23015.56,17014.019,0.06420000000000003,上海,园区开发,19920327,
600604.SH,市北高新,20120928,3.5693,3.6187,3.6927,3.5348,3.6088,0.2743,26314.77,19288.366,0.00990000000000002,上海,园区开发,19920327,
600604.SH,市北高新,20120927,3.5298,3.6088,3.6532,3.4656,3.5298,2.2381,37134.47,26744.797,0.07900000000000018,上海,园区开发,19920327,
600604.SH,市北高新,20120926,3.752,3.5298,3.8013,3.5051,3.8507,-8.3335,50676.38,37229.52,-0.32089999999999996,上海,园区开发,19920327,
600604.SH,市北高新,20120925,3.8458,3.8507,4.1371,3.7717,3.7865,1.6955,47083.59,37611.044,0.06419999999999959,上海,园区开发,19920327,
600604.SH,市北高新,20120924,3.8162,3.7865,3.9248,3.6532,3.9643,-4.485,40753.0,31151.765,-0.17779999999999996,上海,园区开发,19920327,
600604.SH,市北高新,20120921,4.3444,3.9643,4.3444,3.9643,4.4036,-9.9759,71401.73,58864.094,-0.4392999999999998,上海,园区开发,19920327,
600604.SH,市北高新,20120920,4.8529,4.4036,4.8529,4.3247,4.8035,-8.3252,101885.74,92956.752,-0.3998999999999997,上海,园区开发,19920327,
600604.SH,市北高新,20120919,4.3098,4.8035,4.8233,4.3098,4.3938,9.3245,103229.94,97022.043,0.40969999999999995,上海,园区开发,19920327,
600604.SH,市北高新,20120918,4.5912,4.3938,4.5912,4.2259,4.69,-6.3156,76598.75,68410.421,-0.2962000000000007,上海,园区开发,19920327,
600604.SH,市北高新,20120917,4.4234,4.69,4.7887,4.3543,4.3543,7.7096,155504.14,149357.305,0.3357000000000001,上海,园区开发,19920327,
600604.SH,市北高新,20120914,4.0877,4.3543,4.4925,4.0729,4.1074,6.0111,57047.38,49921.318,0.24690000000000012,上海,园区开发,19920327,
600604.SH,市北高新,20120913,3.9889,4.1074,4.1667,3.9198,3.9692,3.4818,36255.86,30125.363,0.13820000000000032,上海,园区开发,19920327,
600604.SH,市北高新,20120912,4.0136,3.9692,4.0383,3.8507,4.0136,-1.1062,21085.52,16838.379,-0.04440000000000044,上海,园区开发,19920327,
600604.SH,市北高新,20120911,3.9741,4.0136,4.0433,3.9593,3.9939,0.4933,10101.92,8185.43,0.019700000000000273,上海,园区开发,19920327,
600604.SH,市北高新,20120910,4.0383,3.9939,4.0729,3.9544,4.0581,-1.582,19371.09,15774.03,-0.06419999999999959,上海,园区开发,19920327,
600604.SH,市北高新,20120907,3.9791,4.0581,4.1519,3.9741,4.0136,1.1087,29590.28,24420.189,0.04449999999999932,上海,园区开发,19920327,
600604.SH,市北高新,20120906,4.0926,4.0136,4.1371,3.9297,4.1272,-2.7525,41209.36,33566.97,-0.11359999999999992,上海,园区开发,19920327,
600604.SH,市北高新,20120905,4.1914,4.1272,4.4185,4.0679,4.0433,2.075,82309.93,71099.749,0.08389999999999986,上海,园区开发,19920327,
600604.SH,市北高新,20120831,3.8013,4.0433,4.0581,3.8013,3.8655,4.5997,14106.83,11446.858,0.1778000000000004,上海,园区开发,19920327,
600604.SH,市北高新,20120830,3.9988,3.8655,3.9988,3.8013,3.9988,-3.3335,17778.43,14001.987,-0.1333000000000002,上海,园区开发,19920327,
600604.SH,市北高新,20120829,4.1074,3.9988,4.1469,3.9297,4.1025,-2.5277,23295.21,18974.446,-0.1036999999999999,上海,园区开发,19920327,
600604.SH,市北高新,20120828,4.0778,4.1025,4.1864,4.0136,4.1124,-0.2407,21570.12,17824.963,-0.00990000000000002,上海,园区开发,19920327,
600604.SH,市北高新,20120827,3.905,4.1124,4.1124,3.905,3.9149,5.0448,38717.48,31863.482,0.19750000000000023,上海,园区开发,19920327,
600604.SH,市北高新,20120824,4.0926,3.9149,4.142,3.9001,4.0679,-3.7612,29966.51,24412.321,-0.15300000000000002,上海,园区开发,19920327,
600604.SH,市北高新,20120823,4.0482,4.0679,4.0679,3.9495,3.8754,4.9672,48208.03,39415.489,0.1924999999999999,上海,园区开发,19920327,
600604.SH,市北高新,20120822,3.7026,3.8754,3.8754,3.7026,3.6927,4.9476,37153.42,29018.166,0.18270000000000008,上海,园区开发,19920327,
600604.SH,市北高新,20120821,3.7224,3.6927,3.7224,3.6532,3.6187,2.0449,10066.06,7524.998,0.07399999999999984,上海,园区开发,19920327,
600604.SH,市北高新,20120820,3.6335,3.6187,3.6483,3.5693,3.6286,-0.2728,3950.31,2888.884,-0.00990000000000002,上海,园区开发,19920327,
600604.SH,市北高新,20120817,3.6483,3.6286,3.6483,3.5891,3.6236,0.138,3433.7,2516.244,0.004999999999999893,上海,园区开发,19920327,
600604.SH,市北高新,20120816,3.5891,3.6236,3.6335,3.5446,3.5841,1.1021,5408.4,3955.618,0.03950000000000031,上海,园区开发,19920327,
600604.SH,市北高新,20120815,3.5693,3.5841,3.5989,3.5446,3.5693,0.4146,3192.48,2309.473,0.014799999999999702,上海,园区开发,19920327,
600604.SH,市北高新,20120814,3.5496,3.5693,3.6088,3.5051,3.5841,-0.4129,6008.15,4325.516,-0.014799999999999702,上海,园区开发,19920327,
600604.SH,市北高新,20120813,3.5792,3.5841,3.6878,3.5792,3.6286,-1.2264,8270.31,6084.834,-0.044500000000000206,上海,园区开发,19920327,
600604.SH,市北高新,20120810,3.6878,3.6286,3.6927,3.5792,3.52,3.0852,9714.32,7144.079,0.10860000000000003,上海,园区开发,19920327,
600604.SH,市北高新,20120809,3.4607,3.52,3.5348,3.4607,3.4854,0.9927,4172.73,2957.951,0.034600000000000186,上海,园区开发,19920327,
600604.SH,市北高新,20120808,3.4805,3.4854,3.5298,3.436,3.4508,1.0027,8717.25,6172.098,0.03459999999999974,上海,园区开发,19920327,
600604.SH,市北高新,20120807,3.283,3.4508,3.4508,3.2731,3.2879,4.9545,12931.72,8904.25,0.16290000000000004,上海,园区开发,19920327,
600604.SH,市北高新,20120806,3.1842,3.2879,3.3373,3.1842,3.1793,3.4158,5809.5,3866.368,0.10860000000000003,上海,园区开发,19920327,
600604.SH,市北高新,20120803,3.1448,3.1793,3.1793,3.1201,3.1497,0.9398,3905.2,2490.375,0.02959999999999985,上海,园区开发,19920327,
600604.SH,市北高新,20120802,3.1991,3.1497,3.2484,3.1053,3.2089,-1.8449,8891.88,5664.657,-0.0591999999999997,上海,园区开发,19920327,
600604.SH,市北高新,20120801,2.9818,3.2089,3.2978,2.9818,3.1398,2.2008,22524.49,14156.878,0.06909999999999972,上海,园区开发,19920327,
600604.SH,市北高新,20120731,3.1398,3.1398,3.1398,3.1398,3.3027,-4.9323,3010.0,1914.36,-0.16290000000000004,上海,园区开发,19920327,
600604.SH,市北高新,20120730,3.3027,3.3027,3.4015,3.3027,3.4755,-4.9719,9801.0,6570.799,-0.17279999999999962,上海,园区开发,19920327,
600604.SH,市北高新,20120727,3.5051,3.4755,3.5051,3.4212,3.4755,0.0,8272.06,5815.149,0.0,上海,园区开发,19920327,
600604.SH,市北高新,20120726,3.5644,3.4755,3.5841,3.4607,3.5644,-2.4941,8574.1,6115.454,-0.0889000000000002,上海,园区开发,19920327,
600604.SH,市北高新,20120725,3.7026,3.5644,3.7026,3.5348,3.673,-2.9567,10196.06,7431.491,-0.10860000000000003,上海,园区开发,19920327,
600604.SH,市北高新,20120724,3.6286,3.673,3.6878,3.6286,3.6434,0.8124,4029.84,2989.555,0.02959999999999985,上海,园区开发,19920327,
600604.SH,市北高新,20120723,3.6878,3.6434,3.7174,3.6187,3.6681,-0.6734,8443.71,6256.715,-0.024699999999999722,上海,园区开发,19920327,
600604.SH,市北高新,20120720,3.6434,3.6681,3.7174,3.6039,3.5989,1.9228,13329.02,9934.941,0.06919999999999993,上海,园区开发,19920327,
600604.SH,市北高新,20120719,3.5693,3.5989,3.6483,3.5693,3.5891,0.273,5094.01,3729.006,0.009799999999999809,上海,园区开发,19920327,
600604.SH,市北高新,20120718,3.5743,3.5891,3.6039,3.5446,3.5891,0.0,5636.76,4074.691,0.0,上海,园区开发,19920327,
600604.SH,市北高新,20120717,3.5792,3.5891,3.6483,3.5594,3.5792,0.2766,4801.19,3498.892,0.00990000000000002,上海,园区开发,19920327,
600604.SH,市北高新,20120716,3.6631,3.5792,3.7174,3.515,3.6878,-2.9448,7435.23,5435.082,-0.10860000000000003,上海,园区开发,19920327,
600604.SH,市北高新,20120713,3.673,3.6878,3.7224,3.6384,3.6631,0.6743,8940.29,6679.726,0.024700000000000166,上海,园区开发,19920327,
600604.SH,市北高新,20120712,3.5594,3.6631,3.7026,3.5594,3.5841,2.2042,12483.4,9253.882,0.07900000000000018,上海,园区开发,19920327,
600604.SH,市北高新,20120711,3.594,3.5841,3.6138,3.5348,3.5989,-0.4112,4515.64,3269.747,-0.014800000000000146,上海,园区开发,19920327,
600604.SH,市北高新,20120710,3.6039,3.5989,3.6236,3.5594,3.594,0.1363,5297.53,3851.573,0.0049000000000001265,上海,园区开发,19920327,
600604.SH,市北高新,20120709,3.5693,3.594,3.7322,3.5594,3.5743,0.5512,17576.54,12957.138,0.01969999999999983,上海,园区开发,19920327,
600604.SH,市北高新,20120706,3.5792,3.5743,3.5792,3.515,3.5743,0.0,6356.46,4571.187,0.0,上海,园区开发,19920327,
600604.SH,市北高新,20120705,3.5249,3.5743,3.6138,3.5051,3.5298,1.2607,11925.58,8580.162,0.044500000000000206,上海,园区开发,19920327,
600604.SH,市北高新,20120704,3.5051,3.5298,3.5545,3.4953,3.5051,0.7047,5485.92,3919.048,0.024699999999999722,上海,园区开发,19920327,
600604.SH,市北高新,20120703,3.4805,3.5051,3.5298,3.4508,3.4755,0.8517,7906.85,5580.355,0.029600000000000293,上海,园区开发,19920327,
600604.SH,市北高新,20120702,3.4459,3.4755,3.4953,3.4459,3.4755,0.0,5481.53,3852.363,0.0,上海,园区开发,19920327,
600604.SH,市北高新,20120629,3.4311,3.4755,3.4755,3.4113,3.441,1.0026,2875.66,2006.824,0.034499999999999975,上海,园区开发,19920327,
600604.SH,市北高新,20120628,3.5101,3.441,3.5101,3.4262,3.4953,-1.5535,3647.99,2557.778,-0.054300000000000015,上海,园区开发,19920327,
600604.SH,市北高新,20120627,3.4805,3.4953,3.5051,3.4558,3.4854,0.284,2837.55,2000.352,0.00990000000000002,上海,园区开发,19920327,
600604.SH,市北高新,20120626,3.4903,3.4854,3.5101,3.4163,3.4953,-0.2832,5136.91,3609.585,-0.00990000000000002,上海,园区开发,19920327,
600604.SH,市北高新,20120625,3.5891,3.4953,3.5891,3.4607,3.5891,-2.6135,9263.36,6605.047,-0.09380000000000033,上海,园区开发,19920327,
600604.SH,市北高新,20120621,3.5002,3.5891,3.6681,3.4805,3.4953,2.6836,23405.03,17138.723,0.09380000000000033,上海,园区开发,19920327,
600604.SH,市北高新,20120620,3.515,3.4953,3.515,3.4755,3.4755,0.5697,2961.35,2093.257,0.01980000000000004,上海,园区开发,19920327,
600604.SH,市北高新,20120619,3.515,3.4755,3.515,3.4508,3.515,-1.1238,5022.47,3540.883,-0.03950000000000031,上海,园区开发,19920327,
600604.SH,市北高新,20120618,3.5545,3.515,3.5545,3.5051,3.5249,-0.2809,5340.4,3804.512,-0.00990000000000002,上海,园区开发,19920327,
600604.SH,市北高新,20120615,3.5298,3.5249,3.5743,3.5101,3.515,0.2817,5663.71,4058.227,0.00990000000000002,上海,园区开发,19920327,
600604.SH,市北高新,20120614,3.4903,3.515,3.5249,3.4903,3.515,0.0,3511.85,2497.942,0.0,上海,园区开发,19920327,
600604.SH,市北高新,20120613,3.4558,3.515,3.5397,3.4558,3.4706,1.2793,5093.51,3618.822,0.044399999999999995,上海,园区开发,19920327,
600604.SH,市北高新,20120612,3.4508,3.4706,3.5002,3.4459,3.4755,-0.141,2854.08,2011.057,-0.004899999999999682,上海,园区开发,19920327,
600604.SH,市北高新,20120611,3.4558,3.4755,3.4854,3.4113,3.3965,2.3259,5307.41,3720.164,0.07899999999999974,上海,园区开发,19920327,
600604.SH,市北高新,20120608,3.3669,3.3965,3.4113,3.3669,3.3768,0.5834,1656.24,1138.485,0.019700000000000273,上海,园区开发,19920327,
600604.SH,市北高新,20120607,3.357,3.3768,3.4311,3.3521,3.357,0.5898,2697.46,1849.555,0.019799999999999596,上海,园区开发,19920327,
600604.SH,市北高新,20120606,3.3472,3.357,3.3669,3.3472,3.357,0.0,935.99,636.026,0.0,上海,园区开发,19920327,
600604.SH,市北高新,20120605,3.3521,3.357,3.3867,3.3422,3.3521,0.1462,2217.03,1506.459,0.0049000000000001265,上海,园区开发,19920327,
600604.SH,市北高新,20120604,3.4311,3.3521,3.4459,3.3225,3.4459,-2.7221,6996.1,4795.357,-0.09379999999999988,上海,园区开发,19920327,
600604.SH,市北高新,20120601,3.4459,3.4459,3.4854,3.441,3.4755,-0.8517,1962.29,1372.46,-0.02959999999999985,上海,园区开发,19920327,
600604.SH,市北高新,20120531,3.4607,3.4755,3.5051,3.436,3.4558,0.5701,3657.99,2567.555,0.01969999999999983,上海,园区开发,19920327,
600604.SH,市北高新,20120530,3.4607,3.4558,3.4706,3.4311,3.4607,-0.1416,3220.85,2248.703,-0.0049000000000001265,上海,园区开发,19920327,
600604.SH,市北高新,20120529,3.4558,3.4607,3.4805,3.4113,3.4311,0.8627,3789.02,2638.241,0.029600000000000293,上海,园区开发,19920327,
600604.SH,市北高新,20120528,3.4805,3.4311,3.4805,3.3274,3.4805,-1.4193,6885.32,4763.344,-0.04940000000000033,上海,园区开发,19920327,
600604.SH,市北高新,20120525,3.4706,3.4805,3.5002,3.4459,3.4706,0.2853,3804.15,2668.537,0.00990000000000002,上海,园区开发,19920327,
600604.SH,市北高新,20120524,3.515,3.4706,3.5397,3.4607,3.5348,-1.8162,4926.15,3488.301,-0.06420000000000003,上海,园区开发,19920327,
600604.SH,市北高新,20120523,3.52,3.5348,3.5496,3.5101,3.5348,0.0,3546.44,2531.965,0.0,上海,园区开发,19920327,
600604.SH,市北高新,20120522,3.5446,3.5348,3.5446,3.4953,3.52,0.4205,4403.84,3142.777,0.014800000000000146,上海,园区开发,19920327,
600604.SH,市北高新,20120521,3.5298,3.52,3.5792,3.5101,3.5446,-0.694,5588.06,4009.376,-0.024599999999999955,上海,园区开发,19920327,
600604.SH,市北高新,20120518,3.5594,3.5446,3.5792,3.5051,3.5743,-0.8309,4785.0,3435.176,-0.02970000000000006,上海,园区开发,19920327,
600604.SH,市北高新,20120517,3.6286,3.5743,3.6286,3.5545,3.5693,0.1401,6470.26,4692.143,0.004999999999999893,上海,园区开发,19920327,
600604.SH,市北高新,20120516,3.515,3.5693,3.594,3.4903,3.515,1.5448,8094.84,5817.573,0.054300000000000015,上海,园区开发,19920327,
600604.SH,市北高新,20120515,3.5397,3.515,3.5397,3.4805,3.5397,-0.6978,7696.1,5468.97,-0.024699999999999722,上海,园区开发,19920327,
600604.SH,市北高新,20120514,3.4607,3.5397,3.6187,3.4459,3.4459,2.7221,19277.56,13918.262,0.09379999999999988,上海,园区开发,19920327,
600604.SH,市北高新,20120511,3.4459,3.4459,3.4755,3.4113,3.4459,0.0,7617.24,5313.184,0.0,上海,园区开发,19920327,
600604.SH,市北高新,20120510,3.4311,3.4459,3.4508,3.4163,3.4311,0.4313,4554.63,3171.717,0.014800000000000146,上海,园区开发,19920327,
600604.SH,市北高新,20120509,3.4508,3.4311,3.4656,3.3965,3.4607,-0.8553,7718.4,5346.645,-0.029600000000000293,上海,园区开发,19920327,
600604.SH,市北高新,20120508,3.4607,3.4607,3.4755,3.4212,3.4607,0.0,4861.68,3396.252,0.0,上海,园区开发,19920327,
600604.SH,市北高新,20120507,3.4854,3.4607,3.4903,3.4459,3.4706,-0.2853,4855.82,3399.281,-0.00990000000000002,上海,园区开发,19920327,
600604.SH,市北高新,20120504,3.4706,3.4706,3.4953,3.436,3.436,1.007,5341.35,3754.481,0.034600000000000186,上海,园区开发,19920327,
600604.SH,市北高新,20120503,3.4459,3.436,3.5101,3.4212,3.4656,-0.8541,6177.57,4306.346,-0.02959999999999985,上海,园区开发,19920327,
600604.SH,市北高新,20120502,3.357,3.4656,3.4755,3.357,3.4755,-0.2849,8411.87,5865.08,-0.00990000000000002,上海,园区开发,19920327,
600604.SH,市北高新,20120427,3.4607,3.4755,3.5002,3.436,3.4607,0.4277,4682.05,3289.302,0.014799999999999702,上海,园区开发,19920327,
600604.SH,市北高新,20120426,3.4903,3.4607,3.5051,3.4459,3.5002,-1.1285,5963.57,4197.956,-0.03949999999999987,上海,园区开发,19920327,
600604.SH,市北高新,20120425,3.4212,3.5002,3.515,3.4212,3.436,1.8685,6871.65,4817.022,0.06420000000000003,上海,园区开发,19920327,
600604.SH,市北高新,20120424,3.4903,3.436,3.515,3.3965,3.5051,-1.9714,10421.46,7286.32,-0.06910000000000016,上海,园区开发,19920327,
600604.SH,市北高新,20120423,3.594,3.5051,3.6286,3.4656,3.6236,-3.2702,11733.37,8405.36,-0.11850000000000005,上海,园区开发,19920327,
600604.SH,市北高新,20120420,3.5841,3.6236,3.6286,3.5594,3.594,0.8236,6488.81,4733.496,0.029600000000000293,上海,园区开发,19920327,
600604.SH,市北高新,20120419,3.6384,3.594,3.6384,3.5841,3.6384,-1.2203,7355.8,5366.203,-0.044399999999999995,上海,园区开发,19920327,
600604.SH,市北高新,20120418,3.6187,3.6384,3.6483,3.594,3.594,1.2354,10546.0,7737.032,0.044399999999999995,上海,园区开发,19920327,
600604.SH,市北高新,20120417,3.6335,3.594,3.6681,3.5792,3.6335,-1.0871,8795.1,6425.887,-0.03950000000000031,上海,园区开发,19920327,
600604.SH,市北高新,20120416,3.6138,3.6335,3.7026,3.5841,3.6187,0.409,11459.23,8476.176,0.014800000000000146,上海,园区开发,19920327,
600604.SH,市北高新,20120413,3.6039,3.6187,3.6434,3.5545,3.6335,-0.4073,16309.87,11892.972,-0.014800000000000146,上海,园区开发,19920327,
600604.SH,市北高新,20120412,3.7915,3.6335,3.7915,3.6138,3.6138,0.5451,37453.68,27973.96,0.019700000000000273,上海,园区开发,19920327,
600604.SH,市北高新,20120411,3.5891,3.6138,3.6138,3.5101,3.441,5.0218,12432.92,9072.006,0.17280000000000006,上海,园区开发,19920327,
600604.SH,市北高新,20120410,3.4163,3.441,3.4459,3.362,3.4212,0.5787,7061.03,4875.436,0.01980000000000004,上海,园区开发,19920327,
600604.SH,市北高新,20120409,3.3817,3.4212,3.4656,3.3324,3.3867,1.0187,9272.78,6388.576,0.034499999999999975,上海,园区开发,19920327,
600604.SH,市北高新,20120406,3.3324,3.3867,3.3867,3.3324,3.362,0.7347,5607.8,3823.766,0.024699999999999722,上海,园区开发,19920327,
600604.SH,市北高新,20120405,3.3373,3.362,3.3817,3.2929,3.3373,0.7401,9863.1,6650.45,0.024700000000000166,上海,园区开发,19920327,
600604.SH,市北高新,20120329,3.3077,3.3373,3.3373,3.2731,3.3077,0.8949,6349.67,4247.746,0.02959999999999985,上海,园区开发,19920327,
600604.SH,市北高新,20120328,3.4558,3.3077,3.4558,3.283,3.4558,-4.2855,10177.4,6919.251,-0.1480999999999999,上海,园区开发,19920327,
600604.SH,市北高新,20120327,3.4903,3.4558,3.5051,3.436,3.4755,-0.5668,6993.25,4901.669,-0.01969999999999983,上海,园区开发,19920327,
600604.SH,市北高新,20120326,3.3867,3.4755,3.5298,3.357,3.3867,2.622,16341.06,11491.805,0.08879999999999999,上海,园区开发,19920327,
600604.SH,市北高新,20120323,3.3422,3.3867,3.4212,3.3422,3.357,0.8847,8188.9,5596.655,0.029699999999999616,上海,园区开发,19920327,
600604.SH,市北高新,20120322,3.3274,3.357,3.3817,3.2978,3.3274,0.8896,7345.96,4980.442,0.029600000000000293,上海,园区开发,19920327,
600604.SH,市北高新,20120321,3.3817,3.3274,3.3817,3.2879,3.3472,-0.5915,7063.94,4747.478,-0.01980000000000004,上海,园区开发,19920327,
600604.SH,市北高新,20120320,3.3965,3.3472,3.4163,3.3225,3.4064,-1.7379,6972.91,4756.971,-0.05920000000000014,上海,园区开发,19920327,
600604.SH,市北高新,20120319,3.3422,3.4064,3.436,3.3422,3.3867,0.5817,6940.0,4771.067,0.019700000000000273,上海,园区开发,19920327,
600604.SH,市北高新,20120316,3.3077,3.3867,3.3867,3.3077,3.3274,1.7822,4954.52,3367.186,0.05929999999999991,上海,园区开发,19920327,
600604.SH,市北高新,20120315,3.357,3.3274,3.3768,3.2879,3.3718,-1.3168,9263.65,6268.477,-0.044399999999999995,上海,园区开发,19920327,
600604.SH,市北高新,20120314,3.4953,3.3718,3.5051,3.3324,3.4903,-3.3951,17621.79,12231.888,-0.11850000000000005,上海,园区开发,19920327,
600604.SH,市北高新,20120313,3.5051,3.4903,3.5051,3.4558,3.5002,-0.2828,8867.14,6254.214,-0.00990000000000002,上海,园区开发,19920327,
600604.SH,市北高新,20120312,3.5051,3.5002,3.5298,3.4755,3.4953,0.1402,7774.53,5506.081,0.0049000000000001265,上海,园区开发,19920327,
600604.SH,市北高新,20120309,3.4805,3.4953,3.5051,3.4311,3.4558,1.143,9719.6,6818.342,0.03949999999999987,上海,园区开发,19920327,
600604.SH,市北高新,20120308,3.4311,3.4558,3.4953,3.4212,3.4311,0.7199,7787.24,5458.918,0.024700000000000166,上海,园区开发,19920327,
600604.SH,市北高新,20120307,3.4262,3.4311,3.4903,3.3965,3.4311,0.0,8259.08,5759.937,0.0,上海,园区开发,19920327,
600604.SH,市北高新,20120306,3.5101,3.4311,3.5249,3.4113,3.5051,-2.1112,7106.8,4967.97,-0.07400000000000029,上海,园区开发,19920327,
600604.SH,市北高新,20120305,3.4903,3.5051,3.52,3.4755,3.4953,0.2804,7707.9,5458.947,0.009800000000000253,上海,园区开发,19920327,
600604.SH,市北高新,20120302,3.4311,3.4953,3.5496,3.4113,3.4163,2.3124,9525.29,6739.552,0.07899999999999974,上海,园区开发,19920327,
600604.SH,市北高新,20120301,3.4558,3.4163,3.4706,3.4064,3.4656,-1.4226,5530.5,3839.084,-0.04929999999999968,上海,园区开发,19920327,
600604.SH,市北高新,20120229,3.4459,3.4656,3.4755,3.4064,3.4459,0.5717,8803.9,6156.771,0.01969999999999983,上海,园区开发,19920327,
600604.SH,市北高新,20120228,3.4805,3.4459,3.4854,3.362,3.4805,-0.9941,10793.3,7483.953,-0.034600000000000186,上海,园区开发,19920327,
600604.SH,市北高新,20120227,3.5348,3.4805,3.5397,3.4607,3.5101,-0.8433,11267.07,7986.379,-0.02959999999999985,上海,园区开发,19920327,
600604.SH,市北高新,20120224,3.3718,3.5101,3.5496,3.3669,3.3817,3.7969,12568.55,8835.143,0.12840000000000007,上海,园区开发,19920327,
600604.SH,市北高新,20120223,3.4311,3.3817,3.4311,3.3718,3.4064,-0.7251,6210.07,4272.402,-0.024700000000000166,上海,园区开发,19920327,
600604.SH,市北高新,20120222,3.3472,3.4064,3.4064,3.3274,3.3472,1.7686,8666.14,5937.128,0.05920000000000014,上海,园区开发,19920327,
600604.SH,市北高新,20120221,3.3324,3.3472,3.357,3.2978,3.357,-0.2919,5724.1,3859.806,-0.009800000000000253,上海,园区开发,19920327,
600604.SH,市北高新,20120220,3.3718,3.357,3.3718,3.3126,3.3274,0.8896,7434.1,5033.037,0.029600000000000293,上海,园区开发,19920327,
600604.SH,市北高新,20120217,3.3422,3.3274,3.3472,3.283,3.3225,0.1475,4643.21,3118.858,0.0049000000000001265,上海,园区开发,19920327,
600604.SH,市北高新,20120216,3.3324,3.3225,3.3669,3.2978,3.357,-1.0277,5767.87,3889.804,-0.03450000000000042,上海,园区开发,19920327,
600604.SH,市北高新,20120215,3.3422,3.357,3.3669,3.3027,3.3077,1.4905,5857.27,3960.612,0.04930000000000012,上海,园区开发,19920327,
600604.SH,市北高新,20120214,3.2534,3.3077,3.3422,3.2534,3.2534,1.669,7467.46,4994.597,0.054300000000000015,上海,园区开发,19920327,
600604.SH,市北高新,20120213,3.2237,3.2534,3.278,3.2237,3.2731,-0.6019,4658.91,3078.354,-0.01969999999999983,上海,园区开发,19920327,
600604.SH,市北高新,20120210,3.2583,3.2731,3.283,3.2484,3.2583,0.4542,4669.03,3091.173,0.014799999999999702,上海,园区开发,19920327,
600604.SH,市北高新,20120209,3.2534,3.2583,3.2632,3.2336,3.2435,0.4563,6312.45,4158.65,0.014800000000000146,上海,园区开发,19920327,
600604.SH,市北高新,20120208,3.2237,3.2435,3.2435,3.1991,3.1991,1.3879,4726.24,3085.512,0.044399999999999995,上海,园区开发,19920327,
600604.SH,市北高新,20120207,3.283,3.1991,3.283,3.1645,3.2435,-1.3689,3706.41,2402.867,-0.044399999999999995,上海,园区开发,19920327,
600604.SH,市北高新,20120206,3.3077,3.2435,3.357,3.2386,3.2386,0.1513,4131.0,2732.934,0.0049000000000001265,上海,园区开发,19920327,
600604.SH,市北高新,20120202,3.2386,3.2386,3.2583,3.2188,3.2188,0.6151,3888.0,2548.12,0.01980000000000004,上海,园区开发,19920327,
600604.SH,市北高新,20120201,3.2188,3.2188,3.2583,3.2139,3.2435,-0.7615,4985.8,3272.508,-0.024700000000000166,上海,园区开发,19920327,
600604.SH,市北高新,20120131,3.1842,3.2435,3.2484,3.1596,3.1694,2.338,5928.48,3856.496,0.07410000000000005,上海,园区开发,19920327,
600604.SH,市北高新,20120130,3.1842,3.1694,3.1941,3.1596,3.1645,0.1548,3075.47,1978.125,0.0049000000000001265,上海,园区开发,19920327,
600604.SH,市北高新,20120120,3.0707,3.1645,3.1991,3.046,3.0707,3.0547,4197.0,2687.6,0.09379999999999988,上海,园区开发,19920327,
600604.SH,市北高新,20120119,3.0658,3.0707,3.1497,3.0263,3.0658,0.1598,6446.51,4022.334,0.0049000000000001265,上海,园区开发,19920327,
600604.SH,市北高新,20120118,3.2089,3.0658,3.2287,3.0658,3.2287,-5.0454,8714.67,5566.7,-0.16290000000000004,上海,园区开发,19920327,
600604.SH,市北高新,20120117,3.1546,3.2287,3.2484,3.125,3.1546,2.349,5079.61,3280.666,0.07410000000000005,上海,园区开发,19920327,
600604.SH,市北高新,20120116,3.1349,3.1546,3.2139,3.1151,3.1596,-0.1582,4194.7,2692.385,-0.0050000000000003375,上海,园区开发,19920327,
600604.SH,市北高新,20120113,3.1892,3.1596,3.2682,3.1448,3.204,-1.3858,7229.0,4685.686,-0.044399999999999995,上海,园区开发,19920327,
600604.SH,市北高新,20120112,3.1842,3.204,3.2336,3.1694,3.204,0.0,5048.57,3280.083,0.0,上海,园区开发,19920327,
600604.SH,市北高新,20120111,3.2188,3.204,3.283,3.1645,3.2583,-1.6665,6193.14,4040.972,-0.054300000000000015,上海,园区开发,19920327,
600604.SH,市北高新,20120110,3.2237,3.2583,3.2682,3.1793,3.2237,1.0733,9978.0,6526.084,0.034600000000000186,上海,园区开发,19920327,
600604.SH,市北高新,20120109,3.1448,3.2237,3.2336,3.125,3.1694,1.7133,5712.73,3685.812,0.054300000000000015,上海,园区开发,19920327,
600604.SH,市北高新,20120106,3.1842,3.1694,3.2089,3.0608,3.2237,-1.6844,9374.55,5906.583,-0.054300000000000015,上海,园区开发,19920327,
600604.SH,市北高新,20120105,3.4064,3.2237,3.4311,3.2237,3.3916,-4.9505,7013.01,4707.701,-0.16789999999999994,上海,园区开发,19920327,
600604.SH,市北高新,20120104,3.3373,3.3916,3.4508,3.3225,3.3373,1.6271,9335.97,6426.283,0.054300000000000015,上海,园区开发,19920327,
600604.SH,市北高新,20111230,3.2632,3.3373,3.4459,3.2632,3.3274,0.2975,9400.89,6395.943,0.00990000000000002,上海,园区开发,19920327,
600604.SH,市北高新,20111229,3.3965,3.3274,3.5348,3.3077,3.3718,-1.3168,20785.61,14441.326,-0.044399999999999995,上海,园区开发,19920327,
600604.SH,市北高新,20111228,3.3718,3.3718,3.3718,3.2089,3.2089,5.0765,20700.56,14100.485,0.16290000000000004,上海,园区开发,19920327,
600604.SH,市北高新,20111227,3.1694,3.2089,3.2089,3.0559,3.0559,5.0067,9390.77,6014.374,0.15300000000000002,上海,园区开发,19920327,
600604.SH,市北高新,20111220,2.9522,3.0559,3.0954,2.9522,2.972,2.823,6808.63,4185.912,0.08389999999999986,上海,园区开发,19920327,
600604.SH,市北高新,20111219,2.9572,2.972,2.9868,2.8634,2.9423,1.0094,7339.77,4369.862,0.02970000000000006,上海,园区开发,19920327,
600604.SH,市北高新,20111216,2.7202,2.9423,2.972,2.7152,2.8584,2.9352,11746.44,6862.541,0.08389999999999986,上海,园区开发,19920327,
600604.SH,市北高新,20111215,2.9522,2.8584,2.9522,2.8584,3.0065,-4.926,8615.0,4997.178,-0.1480999999999999,上海,园区开发,19920327,
600604.SH,市北高新,20111214,3.1694,3.0065,3.1941,3.0065,3.1645,-4.9929,11784.0,7256.049,-0.15799999999999992,上海,园区开发,19920327,
600604.SH,市北高新,20111213,3.3027,3.1645,3.3274,3.1645,3.3324,-5.0384,12063.39,7818.946,-0.16789999999999994,上海,园区开发,19920327,
600604.SH,市北高新,20111212,3.4558,3.3324,3.4755,3.3175,3.4656,-3.8435,6174.1,4253.837,-0.13319999999999999,上海,园区开发,19920327,
600604.SH,市北高新,20111209,3.3817,3.4656,3.4854,3.3817,3.4064,1.7379,6259.2,4385.57,0.0591999999999997,上海,园区开发,19920327,
600604.SH,市北高新,20111208,3.4508,3.4064,3.4558,3.357,3.4262,-0.5779,6604.82,4564.266,-0.01980000000000004,上海,园区开发,19920327,
600604.SH,市北高新,20111207,3.3965,3.4262,3.436,3.3027,3.3817,1.3159,10061.19,6915.469,0.044500000000000206,上海,园区开发,19920327,
600604.SH,市北高新,20111206,3.5446,3.3817,3.5545,3.357,3.5348,-4.3312,15723.72,10873.624,-0.15310000000000024,上海,园区开发,19920327,
600604.SH,市北高新,20111205,3.7224,3.5348,3.7421,3.5348,3.7224,-5.0398,20687.4,14950.699,-0.18759999999999977,上海,园区开发,19920327,
600604.SH,市北高新,20111202,3.752,3.7224,3.7619,3.6039,3.7717,-1.3071,13293.47,9941.408,-0.04930000000000012,上海,园区开发,19920327,
600604.SH,市北高新,20111201,3.8359,3.7717,3.8507,3.7619,3.752,0.5251,18740.0,14428.067,0.019700000000000273,上海,园区开发,19920327,
600604.SH,市北高新,20111130,3.9396,3.752,4.0038,3.747,3.9445,-4.8802,28792.01,22357.124,-0.19250000000000034,上海,园区开发,19920327,
600604.SH,市北高新,20111129,4.0433,3.9445,4.0778,3.9396,4.0383,-2.3228,25008.22,20377.463,-0.09379999999999944,上海,园区开发,19920327,
600604.SH,市北高新,20111128,3.8507,4.0383,4.0383,3.7964,3.8458,5.0055,44989.63,36489.387,0.19249999999999945,上海,园区开发,19920327,
600604.SH,市北高新,20111125,3.8853,3.8458,3.9001,3.8013,3.8853,-1.0167,10247.84,7972.504,-0.03949999999999987,上海,园区开发,19920327,
600604.SH,市北高新,20111124,3.752,3.8853,3.8902,3.7174,3.8162,1.8107,17752.83,13689.127,0.06910000000000016,上海,园区开发,19920327,
600604.SH,市北高新,20111123,3.8853,3.8162,3.9445,3.7767,3.8951,-2.0256,22758.23,17660.795,-0.07889999999999997,上海,园区开发,19920327,
600604.SH,市北高新,20111122,3.8606,3.8951,3.9495,3.8359,3.8951,0.0,13029.74,10294.02,0.0,上海,园区开发,19920327,
600604.SH,市北高新,20111121,3.9741,3.8951,3.9741,3.831,4.0136,-2.9525,23449.16,18465.153,-0.1185000000000005,上海,园区开发,19920327,
600604.SH,市北高新,20111118,4.063,4.0136,4.1222,3.9198,4.0976,-2.05,26771.93,21752.58,-0.08399999999999963,上海,园区开发,19920327,
600604.SH,市北高新,20111117,3.9001,4.0976,4.0976,3.8655,3.9001,5.064,35755.95,29163.697,0.1974999999999998,上海,园区开发,19920327,
600604.SH,市北高新,20111116,3.8951,3.9001,4.0235,3.826,3.8902,0.2545,36132.16,28758.821,0.00990000000000002,上海,园区开发,19920327,
600604.SH,市北高新,20111115,3.7075,3.8902,3.8902,3.6977,3.7026,5.0667,50011.69,38963.637,0.1876000000000002,上海,园区开发,19920327,
600604.SH,市北高新,20111114,3.6483,3.7026,3.7273,3.6483,3.6779,0.6716,8159.02,6113.192,0.024699999999999722,上海,园区开发,19920327,
600604.SH,市北高新,20111111,3.7816,3.6779,3.7865,3.6434,3.6039,2.0533,13436.36,10058.31,0.07400000000000029,上海,园区开发,19920327,
600604.SH,市北高新,20111110,3.6434,3.6039,3.6532,3.594,3.6779,-2.012,7836.75,5749.127,-0.07400000000000029,上海,园区开发,19920327,
600604.SH,市北高新,20111109,3.5891,3.6779,3.6829,3.5446,3.5841,2.6171,14532.26,10670.857,0.09380000000000033,上海,园区开发,19920327,
600604.SH,市北高新,20111108,3.6631,3.5841,3.6878,3.5545,3.6631,-2.1566,12845.0,9369.721,-0.07900000000000018,上海,园区开发,19920327,
600604.SH,市北高新,20111107,3.6681,3.6631,3.7767,3.6286,3.6927,-0.8016,13409.46,10037.949,-0.02959999999999985,上海,园区开发,19920327,
600604.SH,市北高新,20111104,3.6434,3.6927,3.7569,3.6138,3.6483,1.217,17058.61,12703.529,0.044399999999999995,上海,园区开发,19920327,
600604.SH,市北高新,20111103,3.5545,3.6483,3.7224,3.4805,3.5446,2.9256,25003.18,18347.959,0.1036999999999999,上海,园区开发,19920327,
600604.SH,市北高新,20111102,3.4656,3.5446,3.5446,3.4607,3.515,0.8421,11169.85,7951.063,0.02959999999999985,上海,园区开发,19920327,
600604.SH,市北高新,20111101,3.6483,3.515,3.6483,3.5002,3.4755,1.1365,20172.65,14652.46,0.03950000000000031,上海,园区开发,19920327,
600604.SH,市北高新,20111031,3.4755,3.4755,3.4755,3.4755,3.3077,5.073,2445.26,1721.463,0.16779999999999973,上海,园区开发,19920327,
600604.SH,市北高新,20111028,3.3077,3.3077,3.3225,3.278,3.2731,1.0571,4773.35,3195.649,0.034600000000000186,上海,园区开发,19920327,
600604.SH,市北高新,20111027,3.3175,3.2731,3.3175,3.2484,3.2682,0.1499,4163.11,2759.208,0.004899999999999682,上海,园区开发,19920327,
600604.SH,市北高新,20111026,3.2583,3.2682,3.3274,3.2583,3.283,-0.4508,4242.47,2838.988,-0.014799999999999702,上海,园区开发,19920327,
600604.SH,市北高新,20111025,3.1102,3.283,3.3225,3.1102,3.2188,1.9945,4038.16,2671.425,0.06420000000000003,上海,园区开发,19920327,
600604.SH,市北高新,20111024,3.1596,3.2188,3.2188,3.1596,3.1842,1.0866,3918.2,2541.47,0.03459999999999974,上海,园区开发,19920327,
600604.SH,市北高新,20111021,3.204,3.1842,3.2287,3.1546,3.1892,-0.1568,3118.01,2007.087,-0.004999999999999893,上海,园区开发,19920327,
600604.SH,市北高新,20111020,3.2287,3.1892,3.2731,3.1398,3.2583,-2.1207,2720.25,1759.748,-0.06910000000000016,上海,园区开发,19920327,
600604.SH,市北高新,20111019,3.278,3.2583,3.278,3.2287,3.2484,0.3048,1200.99,790.861,0.00990000000000002,上海,园区开发,19920327,
600604.SH,市北高新,20111018,3.2879,3.2484,3.3225,3.2188,3.3126,-1.9381,3545.3,2353.045,-0.06420000000000003,上海,园区开发,19920327,
600604.SH,市北高新,20111017,3.3077,3.3126,3.3422,3.2929,3.283,0.9016,3105.11,2081.745,0.029600000000000293,上海,园区开发,19920327,
600604.SH,市北高新,20111014,3.2484,3.283,3.2978,3.2089,3.2731,0.3025,3317.16,2183.128,0.00990000000000002,上海,园区开发,19920327,
600604.SH,市北高新,20111013,3.2287,3.2731,3.3077,3.1892,3.2484,0.7604,6065.51,4019.744,0.024699999999999722,上海,园区开发,19920327,
600604.SH,市北高新,20111012,3.1596,3.2484,3.2534,3.0411,3.1842,2.0162,11236.27,7168.908,0.06420000000000003,上海,园区开发,19920327,
600604.SH,市北高新,20111011,3.4064,3.1842,3.4163,3.1842,3.3521,-5.0088,18083.4,12016.765,-0.16789999999999994,上海,园区开发,19920327,
600604.SH,市北高新,20111010,3.5002,3.3521,3.52,3.3472,3.5002,-4.2312,13162.59,9132.216,-0.1480999999999999,上海,园区开发,19920327,
600604.SH,市北高新,20110930,3.4558,3.5002,3.515,3.436,3.4459,1.5758,4865.91,3425.601,0.054300000000000015,上海,园区开发,19920327,
600604.SH,市北高新,20110929,3.4656,3.4459,3.4953,3.4113,3.4656,-0.5684,6810.86,4767.061,-0.01969999999999983,上海,园区开发,19920327,
600604.SH,市北高新,20110928,3.5446,3.4656,3.5693,3.4607,3.5397,-2.0934,5948.04,4224.071,-0.07410000000000005,上海,园区开发,19920327,
600604.SH,市北高新,20110927,3.5298,3.5397,3.5891,3.515,3.5496,-0.2789,4487.7,3222.987,-0.00990000000000002,上海,园区开发,19920327,
600604.SH,市北高新,20110926,3.5298,3.5496,3.6286,3.52,3.5249,0.7007,6457.0,4666.244,0.024699999999999722,上海,园区开发,19920327,
600604.SH,市北高新,20110923,3.5249,3.5249,3.5792,3.4953,3.5891,-1.7887,7717.42,5520.238,-0.06420000000000003,上海,园区开发,19920327,
600604.SH,市北高新,20110922,3.6088,3.5891,3.6434,3.5792,3.6384,-1.355,6091.48,4466.764,-0.04929999999999968,上海,园区开发,19920327,
600604.SH,市北高新,20110921,3.5002,3.6384,3.6681,3.5002,3.5002,3.9483,12281.68,9005.494,0.13819999999999988,上海,园区开发,19920327,
600604.SH,市北高新,20110920,3.4706,3.5002,3.5594,3.4706,3.5002,0.0,4919.6,3497.165,0.0,上海,园区开发,19920327,
600604.SH,市北高新,20110919,3.5298,3.5002,3.594,3.4755,3.5693,-1.936,7007.57,5014.391,-0.06910000000000016,上海,园区开发,19920327,
600604.SH,市北高新,20110916,3.673,3.5693,3.7273,3.5594,3.673,-2.8233,11791.95,8719.331,-0.1036999999999999,上海,园区开发,19920327,
600604.SH,市北高新,20110915,3.6927,3.673,3.6977,3.6532,3.6779,-0.1332,9010.75,6713.807,-0.0049000000000001265,上海,园区开发,19920327,
600604.SH,市北高新,20110914,3.5496,3.6779,3.7224,3.5249,3.5446,3.7607,19910.93,14825.813,0.1333000000000002,上海,园区开发,19920327,
600604.SH,市北高新,20110913,3.5051,3.5446,3.5496,3.441,3.5101,0.9829,4400.96,3110.898,0.034499999999999975,上海,园区开发,19920327,
600604.SH,市北高新,20110909,3.52,3.5101,3.5496,3.4903,3.52,-0.2813,3745.2,2668.459,-0.00990000000000002,上海,园区开发,19920327,
600604.SH,市北高新,20110908,3.5249,3.52,3.5496,3.5051,3.5051,0.4251,4567.59,3263.951,0.014899999999999913,上海,园区开发,19920327,
600604.SH,市北高新,20110907,3.5051,3.5051,3.52,3.4805,3.4755,0.8517,5463.19,3870.771,0.029600000000000293,上海,园区开发,19920327,
600604.SH,市北高新,20110906,3.4113,3.4755,3.52,3.4113,3.4656,0.2857,5460.58,3860.075,0.00990000000000002,上海,园区开发,19920327,
600604.SH,市北高新,20110905,3.5545,3.4656,3.5743,3.4607,3.5545,-2.5011,8622.0,6127.371,-0.0889000000000002,上海,园区开发,19920327,
600604.SH,市北高新,20110902,3.5397,3.5545,3.5792,3.5101,3.5446,0.2793,6675.81,4801.178,0.00990000000000002,上海,园区开发,19920327,
600604.SH,市北高新,20110901,3.5298,3.5446,3.594,3.5051,3.5298,0.4193,9019.86,6510.202,0.014800000000000146,上海,园区开发,19920327,
600604.SH,市北高新,20110831,3.594,3.5298,3.5989,3.4903,3.5841,-1.515,6994.79,5004.983,-0.054300000000000015,上海,园区开发,19920327,
600604.SH,市北高新,20110830,3.5792,3.5841,3.6286,3.5545,3.5644,0.5527,5791.9,4205.87,0.01969999999999983,上海,园区开发,19920327,
600604.SH,市北高新,20110829,3.6829,3.5644,3.6829,3.5446,3.6483,-2.2997,17289.69,12589.141,-0.08389999999999986,上海,园区开发,19920327,
600604.SH,市北高新,20110826,3.6779,3.6483,3.7125,3.6434,3.673,-0.6725,8282.38,6150.166,-0.024700000000000166,上海,园区开发,19920327,
600604.SH,市北高新,20110825,3.6532,3.673,3.7125,3.6138,3.6532,0.542,8925.73,6638.903,0.01980000000000004,上海,园区开发,19920327,
600604.SH,市北高新,20110824,3.594,3.6532,3.7273,3.594,3.5693,2.3506,16530.78,12307.029,0.08389999999999986,上海,园区开发,19920327,
600604.SH,市北高新,20110823,3.5397,3.5693,3.6039,3.5249,3.5348,0.976,9603.25,6920.138,0.034499999999999975,上海,园区开发,19920327,
600604.SH,市北高新,20110822,3.6483,3.5348,3.6681,3.515,3.6483,-3.111,13670.99,9934.597,-0.11349999999999971,上海,园区开发,19920327,
600604.SH,市北高新,20110819,3.5446,3.6483,3.6927,3.4953,3.6236,0.6816,24976.35,18054.287,0.024699999999999722,上海,园区开发,19920327,
600604.SH,市北高新,20110818,3.9001,3.6236,3.9001,3.6039,3.7273,-2.7822,40518.06,30877.828,-0.1036999999999999,上海,园区开发,19920327,
600604.SH,市北高新,20110817,3.6236,3.7273,3.7273,3.6138,3.5496,5.0062,19849.49,14916.542,0.1777000000000002,上海,园区开发,19920327,
600604.SH,市北高新,20110816,3.4706,3.5496,3.6236,3.4706,3.4755,2.1321,25169.82,18209.272,0.07410000000000005,上海,园区开发,19920327,
600604.SH,市北高新,20110815,3.3126,3.4755,3.4755,3.3027,3.3077,5.073,20488.85,14314.263,0.16779999999999973,上海,园区开发,19920327,
600604.SH,市北高新,20110812,3.3373,3.3077,3.3373,3.2583,3.2583,1.5161,10837.84,7270.856,0.04939999999999989,上海,园区开发,19920327,
600604.SH,市北高新,20110811,3.1694,3.2583,3.278,3.1151,3.2435,0.4563,10128.68,6598.704,0.014800000000000146,上海,园区开发,19920327,
600604.SH,市北高新,20110810,3.357,3.2435,3.357,3.2188,3.2583,-0.4542,15099.45,10096.53,-0.014800000000000146,上海,园区开发,19920327,
600604.SH,市北高新,20110809,3.2435,3.2583,3.3867,3.2386,3.4113,-4.4851,34775.56,23017.096,-0.15300000000000002,上海,园区开发,19920327,
600604.SH,市北高新,20110808,3.5002,3.4113,3.5002,3.1645,3.3324,2.3677,58112.82,39836.737,0.07890000000000041,上海,园区开发,19920327,
600604.SH,市北高新,20110708,3.1892,3.3324,3.3324,3.1892,3.1744,4.9773,25613.46,17165.513,0.15799999999999992,上海,园区开发,19920327,
600604.SH,市北高新,20110707,3.1892,3.1744,3.2435,3.1398,3.1596,0.4684,13183.25,8562.398,0.014799999999999702,上海,园区开发,19920327,
600604.SH,市北高新,20110706,3.1645,3.1596,3.1941,3.1299,3.1694,-0.3092,7916.2,5058.446,-0.009799999999999809,上海,园区开发,19920327,
600604.SH,市北高新,20110705,3.1299,3.1694,3.1744,3.1151,3.1349,1.1005,8083.89,5146.188,0.034499999999999975,上海,园区开发,19920327,
600604.SH,市北高新,20110704,3.1003,3.1349,3.1546,3.1003,3.0904,1.4399,6060.94,3850.106,0.044500000000000206,上海,园区开发,19920327,
600604.SH,市北高新,20110701,3.1102,3.0904,3.1497,3.0707,3.0756,0.4812,2681.83,1686.261,0.014799999999999702,上海,园区开发,19920327,
600604.SH,市北高新,20110630,3.0855,3.0756,3.1299,3.0608,3.0658,0.3197,6022.35,3783.627,0.009800000000000253,上海,园区开发,19920327,
600604.SH,市北高新,20110629,3.0608,3.0658,3.0806,3.0263,3.051,0.4851,3906.41,2419.593,0.014799999999999702,上海,园区开发,19920327,
600604.SH,市北高新,20110628,3.0608,3.051,3.0707,3.0263,3.0608,-0.3202,3452.37,2131.423,-0.009799999999999809,上海,园区开发,19920327,
600604.SH,市北高新,20110627,3.0707,3.0608,3.0855,3.0263,3.0608,0.0,4717.57,2925.218,0.0,上海,园区开发,19920327,
600604.SH,市北高新,20110624,3.0016,3.0608,3.0954,2.9769,2.9917,2.3097,5174.53,3183.587,0.06910000000000016,上海,园区开发,19920327,
600604.SH,市北高新,20110623,2.9621,2.9917,3.0016,2.9325,2.9325,2.0188,3188.1,1916.645,0.0591999999999997,上海,园区开发,19920327,
600604.SH,市北高新,20110622,2.9177,2.9325,2.9966,2.9177,2.967,-1.1628,2494.62,1495.235,-0.034499999999999975,上海,园区开发,19920327,
600604.SH,市北高新,20110621,2.9621,2.967,3.0016,2.9325,2.9226,1.5192,2187.36,1313.426,0.044399999999999995,上海,园区开发,19920327,
600604.SH,市北高新,20110620,2.9522,2.9226,2.967,2.9028,2.972,-1.6622,3256.4,1937.132,-0.04939999999999989,上海,园区开发,19920327,
600604.SH,市北高新,20110617,2.9818,2.972,3.0016,2.9621,2.9917,-0.6585,2399.0,1449.024,-0.01969999999999983,上海,园区开发,19920327,
600604.SH,市北高新,20110616,3.0608,2.9917,3.0756,2.9621,3.0756,-2.7279,6989.63,4251.487,-0.08390000000000031,上海,园区开发,19920327,
600604.SH,市北高新,20110615,3.1102,3.0756,3.125,3.0411,3.1349,-1.8916,7415.68,4612.473,-0.05929999999999991,上海,园区开发,19920327,
600604.SH,市北高新,20110614,3.1596,3.1349,3.2583,3.0608,3.1299,0.1597,8067.78,5145.396,0.004999999999999893,上海,园区开发,19920327,
600604.SH,市北高新,20110613,2.9818,3.1299,3.1299,2.9818,2.9818,4.9668,17123.05,10764.101,0.14810000000000034,上海,园区开发,19920327,
600604.SH,市北高新,20110610,2.9473,2.9818,2.9917,2.9374,2.9473,1.1706,3762.0,2253.521,0.034499999999999975,上海,园区开发,19920327,
600604.SH,市北高新,20110609,3.0361,2.9473,3.051,2.9423,3.0361,-2.9248,5300.54,3225.792,-0.08879999999999999,上海,园区开发,19920327,
600604.SH,市北高新,20110608,2.9621,3.0361,3.0559,2.9226,2.9769,1.9886,6822.54,4150.955,0.0591999999999997,上海,园区开发,19920327,
600604.SH,市北高新,20110607,2.9127,2.9769,2.9917,2.9127,2.9275,1.6874,3468.8,2087.31,0.04939999999999989,上海,园区开发,19920327,
600604.SH,市北高新,20110603,2.8535,2.9275,2.9374,2.8535,2.893,1.1925,5795.96,3416.07,0.03450000000000042,上海,园区开发,19920327,
600604.SH,市北高新,20110602,2.9078,2.893,2.9127,2.8485,2.9226,-1.0128,4603.0,2684.2,-0.029600000000000293,上海,园区开发,19920327,
600604.SH,市北高新,20110601,2.8634,2.9226,2.9423,2.8634,2.9177,0.1679,1936.78,1144.423,0.0049000000000001265,上海,园区开发,19920327,
600604.SH,市北高新,20110531,2.8189,2.9177,2.9374,2.8189,2.8485,2.4293,3623.65,2123.137,0.06919999999999993,上海,园区开发,19920327,
600604.SH,市北高新,20110530,2.8782,2.8485,2.888,2.814,2.888,-1.3677,6606.01,3817.342,-0.03949999999999987,上海,园区开发,19920327,
600604.SH,市北高新,20110527,2.9917,2.888,2.9917,2.8831,2.9572,-2.3401,6369.4,3792.086,-0.06919999999999993,上海,园区开发,19920327,
600604.SH,市北高新,20110526,3.0115,2.9572,3.0164,2.9572,2.9818,-0.825,5441.53,3281.381,-0.024599999999999955,上海,园区开发,19920327,
600604.SH,市北高新,20110525,2.9572,2.9818,3.0411,2.9226,2.9572,0.8319,5432.39,3296.023,0.024599999999999955,上海,园区开发,19920327,
600604.SH,市北高新,20110524,3.0115,2.9572,3.0361,2.9028,3.0559,-3.2298,11391.8,6762.167,-0.09870000000000001,上海,园区开发,19920327,
600604.SH,市北高新,20110523,3.1941,3.0559,3.2139,3.0559,3.2188,-5.0609,10663.0,6667.897,-0.16290000000000004,上海,园区开发,19920327,
600604.SH,市北高新,20110520,3.2287,3.2188,3.2484,3.1892,3.2237,-0.152,3848.57,2504.388,-0.0049000000000001265,上海,园区开发,19920327,
600604.SH,市北高新,20110519,3.2336,3.2237,3.2731,3.2237,3.2484,-0.7604,3587.74,2355.038,-0.024700000000000166,上海,园区开发,19920327,
600604.SH,市北高新,20110518,3.2336,3.2484,3.2632,3.2287,3.2534,-0.1537,6039.7,3966.817,-0.004999999999999893,上海,园区开发,19920327,
600604.SH,市北高新,20110517,3.2435,3.2534,3.2731,3.2287,3.2731,-0.6019,3175.0,2089.295,-0.01969999999999983,上海,园区开发,19920327,
600604.SH,市北高新,20110516,3.2287,3.2731,3.3373,3.2237,3.2484,0.7604,7193.5,4762.926,0.024699999999999722,上海,园区开发,19920327,
600604.SH,市北高新,20110513,3.1991,3.2484,3.2682,3.1694,3.1991,1.5411,6470.25,4224.375,0.04930000000000012,上海,园区开发,19920327,
600604.SH,市北高新,20110512,3.2978,3.1991,3.2978,3.1991,3.2978,-2.9929,7494.33,4925.098,-0.09870000000000001,上海,园区开发,19920327,
600604.SH,市北高新,20110511,3.3225,3.2978,3.3225,3.283,3.3175,-0.5938,3614.15,2414.414,-0.01969999999999983,上海,园区开发,19920327,
600604.SH,市北高新,20110510,3.2929,3.3175,3.3274,3.2731,3.283,1.0509,6797.61,4547.476,0.034499999999999975,上海,园区开发,19920327,
600604.SH,市北高新,20110509,3.3521,3.283,3.3521,3.2682,3.3077,-0.7467,3589.23,2387.217,-0.024700000000000166,上海,园区开发,19920327,
600604.SH,市北高新,20110506,3.3274,3.3077,3.3274,3.2929,3.3225,-0.4454,4261.18,2853.869,-0.014799999999999702,上海,园区开发,19920327,
600604.SH,市北高新,20110505,3.2879,3.3225,3.3422,3.2632,3.2583,1.9704,10334.92,6929.401,0.06419999999999959,上海,园区开发,19920327,
600604.SH,市北高新,20110504,3.2435,3.2583,3.3225,3.2089,3.2435,0.4563,12079.12,8020.521,0.014800000000000146,上海,园区开发,19920327,
600604.SH,市北高新,20110503,3.2287,3.2435,3.2583,3.1793,3.2237,0.6142,5275.98,3439.518,0.01980000000000004,上海,园区开发,19920327,
600604.SH,市北高新,20110429,3.1941,3.2237,3.2386,3.1398,3.1941,0.9267,7497.45,4839.031,0.02959999999999985,上海,园区开发,19920327,
600604.SH,市北高新,20110428,3.2534,3.1941,3.2682,3.1645,3.2386,-1.3741,8690.94,5673.858,-0.04449999999999976,上海,园区开发,19920327,
600604.SH,市北高新,20110427,3.2534,3.2386,3.2978,3.1892,3.2534,-0.4549,12575.68,8301.106,-0.014800000000000146,上海,园区开发,19920327,
600604.SH,市北高新,20110426,3.283,3.2534,3.3175,3.2435,3.2978,-1.3464,8966.71,5962.496,-0.044399999999999995,上海,园区开发,19920327,
600604.SH,市北高新,20110425,3.3768,3.2978,3.3768,3.283,3.3718,-2.1947,11144.8,7483.11,-0.07399999999999984,上海,园区开发,19920327,
600604.SH,市北高新,20110422,3.4262,3.3718,3.441,3.357,3.4262,-1.5878,9271.54,6370.224,-0.054400000000000226,上海,园区开发,19920327,
600604.SH,市北高新,20110421,3.4607,3.4262,3.4755,3.4064,3.4607,-0.9969,13973.74,9729.054,-0.034499999999999975,上海,园区开发,19920327,
600604.SH,市北高新,20110420,3.4459,3.4607,3.4805,3.436,3.4656,-0.1414,14170.11,9909.394,-0.004899999999999682,上海,园区开发,19920327,
600604.SH,市北高新,20110419,3.5101,3.4656,3.5101,3.4459,3.5051,-1.1269,13643.45,9589.858,-0.03950000000000031,上海,园区开发,19920327,
600604.SH,市北高新,20110418,3.515,3.5051,3.515,3.4755,3.5051,0.0,13155.08,9308.537,0.0,上海,园区开发,19920327,
600604.SH,市北高新,20110415,3.4805,3.5051,3.515,3.4755,3.5051,0.0,10625.45,7521.958,0.0,上海,园区开发,19920327,
600604.SH,市北高新,20110414,3.5792,3.5051,3.594,3.4755,3.5446,-1.1144,22729.12,16178.55,-0.03949999999999987,上海,园区开发,19920327,
600604.SH,市北高新,20110411,3.5298,3.5446,3.5644,3.515,3.5249,0.5589,18903.0,13541.955,0.01969999999999983,上海,园区开发,19920327,
600604.SH,市北高新,20110408,3.5348,3.5249,3.5446,3.4706,3.5298,-0.1388,14697.2,10414.488,-0.004899999999999682,上海,园区开发,19920327,
600604.SH,市北高新,20110407,3.5101,3.5298,3.5298,3.4805,3.5101,0.5612,12727.31,9064.269,0.01969999999999983,上海,园区开发,19920327,
600604.SH,市北高新,20110406,3.4903,3.5101,3.5348,3.4607,3.4953,0.4234,19209.49,13645.613,0.014800000000000146,上海,园区开发,19920327,
600604.SH,市北高新,20110401,3.4113,3.4953,3.5249,3.4015,3.4262,2.0168,13745.9,9722.545,0.06909999999999972,上海,园区开发,19920327,
600604.SH,市北高新,20110331,3.357,3.4262,3.4953,3.3521,3.362,1.9096,20712.7,14424.946,0.06420000000000003,上海,园区开发,19920327,
600604.SH,市北高新,20110330,3.4064,3.362,3.4064,3.3472,3.4064,-1.3034,13308.01,9099.759,-0.044399999999999995,上海,园区开发,19920327,
600604.SH,市北高新,20110329,3.4805,3.4064,3.5051,3.3965,3.4805,-2.129,15372.27,10756.291,-0.07410000000000005,上海,园区开发,19920327,
600604.SH,市北高新,20110328,3.5446,3.4805,3.5792,3.4656,3.5446,-1.8084,19521.79,13901.785,-0.06409999999999982,上海,园区开发,19920327,
600604.SH,市北高新,20110325,3.5051,3.5446,3.5496,3.4459,3.5051,1.1269,25302.93,17971.378,0.03949999999999987,上海,园区开发,19920327,
600604.SH,市北高新,20110324,3.52,3.5051,3.5545,3.4656,3.5348,-0.8402,18384.95,13057.293,-0.02970000000000006,上海,园区开发,19920327,
600604.SH,市北高新,20110323,3.5397,3.5348,3.5693,3.4953,3.5446,-0.2765,21300.44,15170.605,-0.009799999999999809,上海,园区开发,19920327,
600604.SH,市北高新,20110322,3.5841,3.5446,3.6384,3.4953,3.5841,-1.1021,31279.63,22586.529,-0.03949999999999987,上海,园区开发,19920327,
600604.SH,市北高新,20110321,3.4953,3.5841,3.6236,3.3867,3.4558,3.7126,41300.91,29821.952,0.12829999999999986,上海,园区开发,19920327,
600604.SH,市北高新,20110318,3.4508,3.4558,3.5397,3.4113,3.441,0.4301,29549.39,20768.755,0.014800000000000146,上海,园区开发,19920327,
600604.SH,市北高新,20110317,3.357,3.441,3.5051,3.357,3.3373,3.1073,61520.75,42907.133,0.1036999999999999,上海,园区开发,19920327,
600604.SH,市北高新,20110316,3.2139,3.3373,3.3422,3.2089,3.2237,3.5239,29250.21,19308.248,0.11359999999999992,上海,园区开发,19920327,
600604.SH,市北高新,20110315,3.3225,3.2237,3.3817,3.2237,3.3916,-4.9505,38075.51,25135.93,-0.16789999999999994,上海,园区开发,19920327,
600604.SH,市北高新,20110311,3.362,3.3916,3.4953,3.3422,3.362,0.8804,23473.44,16220.292,0.02959999999999985,上海,园区开发,19920327,
600604.SH,市北高新,20110310,3.357,3.362,3.3965,3.3472,3.3521,0.2953,23531.22,16093.566,0.00990000000000002,上海,园区开发,19920327,
600604.SH,市北高新,20110309,3.3373,3.3521,3.3817,3.3077,3.3373,0.4435,17088.04,11526.336,0.014800000000000146,上海,园区开发,19920327,
600604.SH,市北高新,20110308,3.3274,3.3373,3.3669,3.3027,3.3324,0.147,12650.33,8528.051,0.0049000000000001265,上海,园区开发,19920327,
600604.SH,市北高新,20110307,3.3324,3.3324,3.3521,3.3077,3.3422,-0.2932,15123.16,10182.873,-0.009800000000000253,上海,园区开发,19920327,
600604.SH,市北高新,20110304,3.1991,3.3422,3.3521,3.1842,3.1991,4.4731,28407.08,19002.667,0.1431,上海,园区开发,19920327,
600604.SH,市北高新,20110303,3.3077,3.1991,3.3077,3.1892,3.2879,-2.7008,17509.33,11485.515,-0.08879999999999999,上海,园区开发,19920327,
600604.SH,市北高新,20110302,3.2386,3.2879,3.2929,3.2336,3.2929,-0.1518,13092.5,8651.092,-0.004999999999999893,上海,园区开发,19920327,
600604.SH,市北高新,20110301,3.1941,3.2929,3.3027,3.1645,3.1842,3.4137,29457.47,19393.965,0.1086999999999998,上海,园区开发,19920327,
600604.SH,市北高新,20110228,3.1398,3.1842,3.2188,3.1349,3.1448,1.2529,11806.33,7597.727,0.0394000000000001,上海,园区开发,19920327,
600604.SH,市北高新,20110225,3.1596,3.1448,3.1892,3.125,3.1596,-0.4684,8888.06,5684.96,-0.014800000000000146,上海,园区开发,19920327,
600604.SH,市北高新,20110224,3.1349,3.1596,3.1694,3.125,3.1448,0.4706,7514.79,4785.577,0.014800000000000146,上海,园区开发,19920327,
600604.SH,市北高新,20110223,3.1201,3.1448,3.1546,3.0904,3.1102,1.1125,7245.45,4583.622,0.034600000000000186,上海,园区开发,19920327,
600604.SH,市北高新,20110222,3.2484,3.1102,3.2484,3.1102,3.2287,-3.6702,13367.3,8557.913,-0.11850000000000005,上海,园区开发,19920327,
600604.SH,市北高新,20110221,3.1744,3.2287,3.2287,3.1596,3.1991,0.9253,16586.93,10745.202,0.02959999999999985,上海,园区开发,19920327,
600604.SH,市北高新,20110218,3.1793,3.1991,3.2188,3.1546,3.1793,0.6228,11991.3,7752.434,0.01980000000000004,上海,园区开发,19920327,
600604.SH,市北高新,20110217,3.1694,3.1793,3.1941,3.1398,3.1744,0.1544,9757.62,6265.361,0.0049000000000001265,上海,园区开发,19920327,
600604.SH,市北高新,20110216,3.1151,3.1744,3.1793,3.1053,3.1151,1.9036,13613.5,8645.724,0.05929999999999991,上海,园区开发,19920327,
600604.SH,市北高新,20110215,3.1497,3.1151,3.1645,3.1151,3.1448,-0.9444,17150.47,10871.605,-0.02970000000000006,上海,园区开发,19920327,
600604.SH,市北高新,20110214,3.1299,3.1448,3.1546,3.125,3.1299,0.4761,13156.71,8373.868,0.014899999999999913,上海,园区开发,19920327,
600604.SH,市北高新,20110211,3.1349,3.1299,3.1645,3.1003,3.1299,0.0,5703.07,3609.641,0.0,上海,园区开发,19920327,
600604.SH,市北高新,20110210,3.0806,3.1299,3.1497,3.0658,3.0954,1.1146,4944.3,3114.938,0.034499999999999975,上海,园区开发,19920327,
600604.SH,市北高新,20110209,3.1102,3.0954,3.1497,3.0806,3.1349,-1.26,5083.0,3209.04,-0.03949999999999987,上海,园区开发,19920327,
600604.SH,市北高新,20110201,3.1497,3.1349,3.1546,3.0658,3.1497,-0.4699,7802.54,4920.431,-0.014800000000000146,上海,园区开发,19920327,
600604.SH,市北高新,20110131,2.9917,3.1497,3.2089,2.9917,3.0559,3.0695,17293.7,11109.54,0.09380000000000033,上海,园区开发,19920327,
600604.SH,市北高新,20110127,3.0411,3.0559,3.0608,3.0115,3.046,0.325,7083.32,4369.197,0.00990000000000002,上海,园区开发,19920327,
600604.SH,市北高新,20110126,3.0608,3.046,3.1102,3.0115,3.0361,0.3261,7534.68,4628.586,0.00990000000000002,上海,园区开发,19920327,
600604.SH,市北高新,20110125,3.1596,3.0361,3.1596,3.0164,3.0855,-1.601,14920.06,9345.556,-0.04940000000000033,上海,园区开发,19920327,
600604.SH,市北高新,20110124,2.9374,3.0855,3.0855,2.9177,2.9374,5.0419,15615.54,9651.697,0.14810000000000034,上海,园区开发,19920327,
600604.SH,市北高新,20110121,2.9423,2.9374,2.9473,2.8732,2.9177,0.6752,11030.37,6530.223,0.01969999999999983,上海,园区开发,19920327,
600604.SH,市北高新,20110120,2.972,2.9177,2.9868,2.9127,2.9769,-1.9886,6812.6,4074.852,-0.05920000000000014,上海,园区开发,19920327,
600604.SH,市北高新,20110119,2.9621,2.9769,2.9917,2.9473,2.9818,-0.1643,5934.3,3576.791,-0.004899999999999682,上海,园区开发,19920327,
600604.SH,市北高新,20110118,2.9917,2.9818,2.9917,2.9275,2.9621,0.6651,3524.16,2121.271,0.01969999999999983,上海,园区开发,19920327,
600604.SH,市北高新,20110117,3.051,2.9621,3.0904,2.9374,3.0559,-3.0695,6214.0,3775.739,-0.09379999999999988,上海,园区开发,19920327,
600604.SH,市北高新,20110114,3.1201,3.0559,3.1201,3.051,3.125,-2.2112,4586.56,2851.308,-0.06910000000000016,上海,园区开发,19920327,
600604.SH,市北高新,20110113,3.0707,3.125,3.1349,3.0658,3.0806,1.4413,12723.44,8014.201,0.044399999999999995,上海,园区开发,19920327,
600604.SH,市北高新,20110112,3.046,3.0806,3.1003,3.0164,3.0115,2.2945,6999.12,4337.769,0.06910000000000016,上海,园区开发,19920327,
600604.SH,市北高新,20110111,3.0115,3.0115,3.0263,2.972,3.0263,-0.489,3446.16,2095.199,-0.014800000000000146,上海,园区开发,19920327,
600604.SH,市北高新,20110110,3.1003,3.0263,3.1053,3.0164,3.1003,-2.3869,5491.2,3409.428,-0.07399999999999984,上海,园区开发,19920327,
600604.SH,市北高新,20110107,3.0707,3.1003,3.1299,3.0559,3.0707,0.9639,9034.5,5657.332,0.02959999999999985,上海,园区开发,19920327,
600604.SH,市北高新,20110106,3.0608,3.0707,3.0756,3.0263,3.051,0.6457,5989.09,3700.243,0.01969999999999983,上海,园区开发,19920327,
600604.SH,市北高新,20110105,3.0608,3.051,3.0658,3.0312,3.0559,-0.1603,4446.02,2748.311,-0.004899999999999682,上海,园区开发,19920327,
600604.SH,市北高新,20110104,2.9966,3.0559,3.0658,2.9769,2.9917,2.1459,6128.18,3766.534,0.06420000000000003,上海,园区开发,19920327,
600604.SH,市北高新,20101231,2.9621,2.9917,2.9966,2.9572,2.9769,0.4972,4791.1,2893.251,0.014799999999999702,上海,园区开发,19920327,
600604.SH,市北高新,20101230,2.9226,2.9769,3.0065,2.9127,2.9473,1.0043,5142.36,3091.298,0.029600000000000293,上海,园区开发,19920327,
600604.SH,市北高新,20101229,2.9473,2.9473,2.9621,2.9127,2.9275,0.6763,3520.59,2093.735,0.019799999999999596,上海,园区开发,19920327,
600604.SH,市北高新,20101228,3.0312,2.9275,3.0658,2.9177,3.0707,-4.6634,12370.0,7474.063,-0.14319999999999977,上海,园区开发,19920327,
600604.SH,市北高新,20101227,3.1497,3.0707,3.1991,3.0115,3.1497,-2.5082,9371.53,5913.176,-0.07900000000000018,上海,园区开发,19920327,
600604.SH,市北高新,20101224,3.2188,3.1497,3.2237,3.1398,3.2435,-2.8919,10554.43,6770.679,-0.09379999999999988,上海,园区开发,19920327,
600604.SH,市北高新,20101223,3.2632,3.2435,3.2632,3.1991,3.2435,0.0,4820.0,3155.055,0.0,上海,园区开发,19920327,
600604.SH,市北高新,20101222,3.3175,3.2435,3.3175,3.2188,3.3175,-2.2306,7976.72,5304.471,-0.07399999999999984,上海,园区开发,19920327,
600604.SH,市北高新,20101221,3.2534,3.3175,3.3521,3.2089,3.2336,2.5946,12137.09,8015.566,0.08389999999999986,上海,园区开发,19920327,
600604.SH,市北高新,20101220,3.3027,3.2336,3.3274,3.1596,3.3027,-2.0922,7713.85,5078.161,-0.06910000000000016,上海,园区开发,19920327,
600604.SH,市北高新,20101217,3.3126,3.3027,3.3126,3.2682,3.3126,-0.2989,4550.45,3029.946,-0.00990000000000002,上海,园区开发,19920327,
600604.SH,市北高新,20101216,3.2682,3.3126,3.3324,3.2682,3.2929,0.5983,9094.1,6091.916,0.019700000000000273,上海,园区开发,19920327,
600604.SH,市北高新,20101215,3.2731,3.2929,3.3324,3.2386,3.2682,0.7558,12264.93,8172.287,0.024699999999999722,上海,园区开发,19920327,
600604.SH,市北高新,20101214,3.2534,3.2682,3.2682,3.2139,3.2336,1.07,10917.8,7170.279,0.034600000000000186,上海,园区开发,19920327,
600604.SH,市北高新,20101213,3.2089,3.2336,3.2534,3.1941,3.2139,0.613,11967.9,7813.917,0.01969999999999983,上海,园区开发,19920327,
600604.SH,市北高新,20101210,3.1991,3.2139,3.2188,3.1299,3.204,0.309,6078.8,3922.091,0.00990000000000002,上海,园区开发,19920327,
600604.SH,市北高新,20101209,3.2583,3.204,3.283,3.1991,3.2879,-2.5518,10633.91,6951.92,-0.08389999999999986,上海,园区开发,19920327,
600604.SH,市北高新,20101208,3.3126,3.2879,3.3225,3.283,3.3175,-0.8922,9136.15,6099.608,-0.02959999999999985,上海,园区开发,19920327,
600604.SH,市北高新,20101207,3.2929,3.3175,3.3175,3.2534,3.2929,0.7471,6881.39,4603.998,0.024599999999999955,上海,园区开发,19920327,
600604.SH,市北高新,20101206,3.3324,3.2929,3.3422,3.283,3.3225,-0.8909,3820.13,2556.436,-0.02959999999999985,上海,园区开发,19920327,
600604.SH,市北高新,20101203,3.2879,3.3225,3.3225,3.2583,3.2879,1.0523,8694.3,5808.265,0.03459999999999974,上海,园区开发,19920327,
600604.SH,市北高新,20101202,3.3077,3.2879,3.3521,3.2583,3.2929,-0.1518,6800.85,4564.07,-0.004999999999999893,上海,园区开发,19920327,
600604.SH,市北高新,20101201,3.2879,3.2929,3.3324,3.2336,3.2879,0.1521,7789.09,5197.194,0.004999999999999893,上海,园区开发,19920327,
600604.SH,市北高新,20101130,3.4163,3.2879,3.4163,3.2287,3.3965,-3.1974,17230.82,11534.334,-0.10860000000000003,上海,园区开发,19920327,
600604.SH,市北高新,20101129,3.3916,3.3965,3.436,3.362,3.3965,0.0,8539.02,5892.006,0.0,上海,园区开发,19920327,
600604.SH,市北高新,20101126,3.4212,3.3965,3.441,3.3867,3.4262,-0.8668,9781.71,6751.164,-0.02970000000000006,上海,园区开发,19920327,
600604.SH,市北高新,20101125,3.4163,3.4262,3.436,3.3965,3.4064,0.5813,8538.01,5913.45,0.01980000000000004,上海,园区开发,19920327,
600604.SH,市北高新,20101124,3.357,3.4064,3.4262,3.3521,3.3718,1.0262,8380.17,5761.872,0.034600000000000186,上海,园区开发,19920327,
600604.SH,市北高新,20101123,3.5446,3.3718,3.5446,3.3472,3.4558,-2.4307,15226.1,10483.876,-0.08400000000000007,上海,园区开发,19920327,
600604.SH,市北高新,20101122,3.4311,3.4558,3.4953,3.4064,3.4953,-1.1301,9373.2,6559.187,-0.03949999999999987,上海,园区开发,19920327,
600604.SH,市北高新,20101119,3.5002,3.4953,3.5693,3.4558,3.5051,-0.2796,17831.02,12627.877,-0.009800000000000253,上海,园区开发,19920327,
600604.SH,市北高新,20101118,3.5101,3.5051,3.5792,3.4854,3.5051,0.0,26769.94,19093.738,0.0,上海,园区开发,19920327,
600604.SH,市北高新,20101117,3.3965,3.5051,3.5101,3.3422,3.4015,3.0457,25407.31,17795.249,0.10360000000000014,上海,园区开发,19920327,
600604.SH,市北高新,20101116,3.5051,3.4015,3.5101,3.362,3.5051,-2.9557,17337.41,12133.174,-0.10360000000000014,上海,园区开发,19920327,
600604.SH,市北高新,20101115,3.4755,3.5051,3.5446,3.4163,3.4755,0.8517,16511.47,11630.412,0.029600000000000293,上海,园区开发,19920327,
600604.SH,市北高新,20101112,3.6532,3.4755,3.7224,3.4755,3.6582,-4.9943,35945.97,26175.601,-0.18270000000000008,上海,园区开发,19920327,
600604.SH,市北高新,20101111,3.7224,3.6582,3.7273,3.6532,3.7125,-1.4626,29767.04,22214.877,-0.054300000000000015,上海,园区开发,19920327,
600604.SH,市北高新,20101110,3.7569,3.7125,3.7816,3.6977,3.7421,-0.791,21943.18,16595.171,-0.029600000000000293,上海,园区开发,19920327,
600604.SH,市北高新,20101109,3.7125,3.7421,3.7619,3.6779,3.7125,0.7973,25327.44,19117.284,0.029600000000000293,上海,园区开发,19920327,
600604.SH,市北高新,20101108,3.7569,3.7125,3.7619,3.6927,3.752,-1.0528,33558.1,25307.841,-0.03949999999999987,上海,园区开发,19920327,
600604.SH,市北高新,20101105,3.5989,3.752,3.7619,3.5743,3.5891,4.5387,42703.22,31510.693,0.1628999999999996,上海,园区开发,19920327,
600604.SH,市北高新,20101104,3.5397,3.5891,3.6236,3.5249,3.5397,1.3956,22140.5,16029.682,0.04940000000000033,上海,园区开发,19920327,
600604.SH,市北高新,20101103,3.5298,3.5397,3.5891,3.52,3.5298,0.2805,18499.38,13315.124,0.00990000000000002,上海,园区开发,19920327,
600604.SH,市北高新,20101102,3.5051,3.5298,3.5644,3.5051,3.515,0.4211,18462.0,13204.308,0.014799999999999702,上海,园区开发,19920327,
600604.SH,市北高新,20101101,3.515,3.515,3.5446,3.4903,3.515,0.0,15889.92,11296.622,0.0,上海,园区开发,19920327,
600604.SH,市北高新,20101029,3.5298,3.515,3.5298,3.4854,3.5348,-0.5601,9030.13,6413.56,-0.01980000000000004,上海,园区开发,19920327,
600604.SH,市北高新,20101028,3.515,3.5348,3.5743,3.4558,3.4854,1.4173,15788.13,11197.582,0.04940000000000033,上海,园区开发,19920327,
600604.SH,市北高新,20101027,3.5002,3.4854,3.5298,3.4459,3.52,-0.983,12156.95,8607.961,-0.034600000000000186,上海,园区开发,19920327,
600604.SH,市北高新,20101026,3.5446,3.52,3.5446,3.4805,3.5446,-0.694,15569.52,11080.081,-0.024599999999999955,上海,园区开发,19920327,
600604.SH,市北高新,20101025,3.5298,3.5446,3.6236,3.5051,3.52,0.6989,16239.27,11701.834,0.024599999999999955,上海,园区开发,19920327,
600604.SH,市北高新,20101022,3.5545,3.52,3.5693,3.4854,3.5545,-0.9706,13470.36,9586.23,-0.034499999999999975,上海,园区开发,19920327,
600604.SH,市北高新,20101021,3.4311,3.5545,3.6088,3.3916,3.436,3.4488,29021.96,20810.838,0.11850000000000005,上海,园区开发,19920327,
600604.SH,市北高新,20101020,3.4755,3.436,3.4805,3.3965,3.4903,-1.5557,21687.75,15083.183,-0.054300000000000015,上海,园区开发,19920327,
600604.SH,市北高新,20101019,3.4558,3.4903,3.515,3.357,3.4459,1.2885,14172.81,9924.36,0.044399999999999995,上海,园区开发,19920327,
600604.SH,市北高新,20101018,3.5594,3.4459,3.5693,3.4212,3.5989,-4.2513,27428.84,19085.855,-0.15300000000000002,上海,园区开发,19920327,
600604.SH,市北高新,20101015,3.6532,3.5989,3.6927,3.5743,3.6681,-1.8865,17311.07,12670.073,-0.06919999999999993,上海,园区开发,19920327,
600604.SH,市北高新,20101014,3.7717,3.6681,3.7717,3.6483,3.7717,-2.7468,17297.19,12932.668,-0.10360000000000014,上海,园区开发,19920327,
600604.SH,市北高新,20101013,3.6927,3.7717,3.8112,3.673,3.6927,2.1394,18321.2,13921.358,0.07900000000000018,上海,园区开发,19920327,
600604.SH,市北高新,20101012,3.7273,3.6927,3.7273,3.673,3.6977,-0.1352,11705.51,8779.487,-0.0050000000000003375,上海,园区开发,19920327,
600604.SH,市北高新,20101011,3.7273,3.6977,3.7421,3.6829,3.7224,-0.6636,17622.39,13245.117,-0.024699999999999722,上海,园区开发,19920327,
600604.SH,市北高新,20101008,3.7273,3.7224,3.752,3.7125,3.6977,0.668,13415.59,10136.597,0.024699999999999722,上海,园区开发,19920327,
600604.SH,市北高新,20100930,3.6977,3.6977,3.7125,3.6631,3.6384,1.6298,9469.56,7074.414,0.05930000000000035,上海,园区开发,19920327,
600604.SH,市北高新,20100929,3.6829,3.6384,3.7075,3.6335,3.6878,-1.3396,8851.31,6568.023,-0.04940000000000033,上海,园区开发,19920327,
600604.SH,市北高新,20100928,3.6977,3.6878,3.7026,3.6631,3.7075,-0.5314,7249.07,5400.851,-0.01969999999999983,上海,园区开发,19920327,
600604.SH,市北高新,20100927,3.6779,3.7075,3.7273,3.673,3.6779,0.8048,8130.65,6088.207,0.02959999999999985,上海,园区开发,19920327,
600604.SH,市北高新,20100921,3.6532,3.6779,3.7372,3.6532,3.6532,0.6761,7221.1,5405.09,0.024700000000000166,上海,园区开发,19920327,
600604.SH,市北高新,20100920,3.6483,3.6532,3.673,3.6236,3.6483,0.1343,9700.37,7162.521,0.0049000000000001265,上海,园区开发,19920327,
600604.SH,市北高新,20100917,3.6878,3.6483,3.7421,3.6434,3.6878,-1.0711,10013.7,7455.754,-0.03950000000000031,上海,园区开发,19920327,
600604.SH,市北高新,20100916,3.7668,3.6878,3.8013,3.6779,3.7372,-1.3218,16872.31,12715.812,-0.04939999999999989,上海,园区开发,19920327,
600604.SH,市北高新,20100915,3.7964,3.7372,3.8013,3.7224,3.8063,-1.8154,15194.36,11556.617,-0.06909999999999972,上海,园区开发,19920327,
600604.SH,市北高新,20100914,3.8408,3.8063,3.8507,3.7915,3.831,-0.6447,15025.6,11586.803,-0.024700000000000166,上海,园区开发,19920327,
600604.SH,市北高新,20100913,3.8112,3.831,3.8754,3.7767,3.8063,0.6489,16976.25,13182.98,0.024700000000000166,上海,园区开发,19920327,
600604.SH,市北高新,20100910,3.8063,3.8063,3.8408,3.7026,3.8063,0.0,16724.7,12769.694,0.0,上海,园区开发,19920327,
600604.SH,市北高新,20100909,3.8458,3.8063,3.8902,3.8013,3.8408,-0.8983,23413.33,18179.588,-0.03450000000000042,上海,园区开发,19920327,
600604.SH,市北高新,20100908,3.8853,3.8408,3.8951,3.826,3.9001,-1.5205,16308.89,12709.647,-0.05929999999999991,上海,园区开发,19920327,
600604.SH,市北高新,20100907,3.8803,3.9001,3.9248,3.8211,3.8803,0.5103,22532.07,17615.287,0.01980000000000004,上海,园区开发,19920327,
600604.SH,市北高新,20100906,3.9643,3.8803,3.9988,3.8507,4.0038,-3.0846,33885.45,26873.592,-0.12349999999999994,上海,园区开发,19920327,
600604.SH,市北高新,20100903,4.0482,4.0038,4.0729,3.9001,3.905,2.5301,81253.23,65588.219,0.09880000000000022,上海,园区开发,19920327,
600604.SH,市北高新,20100902,3.7767,3.905,3.905,3.7767,3.7174,5.0465,74978.0,59145.69,0.18759999999999977,上海,园区开发,19920327,
600604.SH,市北高新,20100901,3.7816,3.7174,3.8655,3.6927,3.6829,0.9368,65710.01,50552.9,0.034499999999999975,上海,园区开发,19920327,
600604.SH,市北高新,20100831,3.6878,3.6829,3.7026,3.6532,3.6878,-0.1329,20563.47,15297.757,-0.0049000000000001265,上海,园区开发,19920327,
600604.SH,市北高新,20100830,3.5693,3.6878,3.6927,3.5644,3.5693,3.32,19275.53,14195.318,0.11850000000000005,上海,园区开发,19920327,
600604.SH,市北高新,20100827,3.5644,3.5693,3.5841,3.5496,3.5644,0.1375,7256.78,5240.879,0.0049000000000001265,上海,园区开发,19920327,
600604.SH,市北高新,20100826,3.5693,3.5644,3.6088,3.5397,3.5594,0.1405,11658.23,8428.982,0.004999999999999893,上海,园区开发,19920327,
600604.SH,市北高新,20100825,3.6779,3.5594,3.7125,3.5545,3.6878,-3.4818,17894.54,13174.252,-0.12840000000000007,上海,园区开发,19920327,
600604.SH,市北高新,20100824,3.6187,3.6878,3.7322,3.6187,3.6286,1.6315,33357.43,24898.411,0.05920000000000014,上海,园区开发,19920327,
600604.SH,市北高新,20100823,3.52,3.6286,3.6335,3.5051,3.5249,2.9419,14903.29,10773.058,0.1036999999999999,上海,园区开发,19920327,
600604.SH,市北高新,20100820,3.5743,3.5249,3.5792,3.5051,3.5792,-1.5171,10098.16,7244.164,-0.054300000000000015,上海,园区开发,19920327,
600604.SH,市北高新,20100819,3.5989,3.5792,3.5989,3.5298,3.5743,0.1371,10935.66,7893.627,0.0049000000000001265,上海,园区开发,19920327,
600604.SH,市北高新,20100818,3.5841,3.5743,3.6088,3.5397,3.5841,-0.2734,11100.1,8009.973,-0.009799999999999809,上海,园区开发,19920327,
600604.SH,市北高新,20100817,3.5989,3.5841,3.5989,3.5644,3.5891,-0.1393,7936.5,5757.069,-0.0050000000000003375,上海,园区开发,19920327,
600604.SH,市北高新,20100816,3.5348,3.5891,3.594,3.5298,3.5397,1.3956,10604.14,7679.937,0.04940000000000033,上海,园区开发,19920327,
600604.SH,市北高新,20100813,3.4656,3.5397,3.5446,3.4656,3.4706,1.991,7049.93,5018.078,0.06909999999999972,上海,园区开发,19920327,
600604.SH,市北高新,20100812,3.4558,3.4706,3.515,3.4459,3.4903,-0.5644,8086.0,5701.608,-0.01969999999999983,上海,园区开发,19920327,
600604.SH,市北高新,20100811,3.4558,3.4903,3.5101,3.436,3.4706,0.5676,11656.8,8203.739,0.01969999999999983,上海,园区开发,19920327,
600604.SH,市北高新,20100810,3.6236,3.4706,3.6236,3.4656,3.6236,-4.2223,18213.9,13115.425,-0.15300000000000002,上海,园区开发,19920327,
600604.SH,市北高新,20100809,3.6335,3.6236,3.6384,3.594,3.6286,-0.1378,16638.32,12188.234,-0.004999999999999893,上海,园区开发,19920327,
600604.SH,市北高新,20100806,3.5891,3.6286,3.6384,3.5693,3.5891,1.1006,10707.16,7833.111,0.03949999999999987,上海,园区开发,19920327,
600604.SH,市北高新,20100805,3.6434,3.5891,3.6532,3.5792,3.6483,-1.6227,16825.03,12308.064,-0.0591999999999997,上海,园区开发,19920327,
600604.SH,市北高新,20100804,3.6187,3.6483,3.6878,3.5644,3.6532,-0.1341,18777.87,13817.241,-0.0049000000000001265,上海,园区开发,19920327,
600604.SH,市北高新,20100803,3.6878,3.6532,3.7717,3.6483,3.7174,-1.727,25673.48,19339.306,-0.06420000000000003,上海,园区开发,19920327,
600604.SH,市北高新,20100802,3.6434,3.7174,3.7224,3.5891,3.6384,2.1713,21678.98,16104.765,0.07900000000000018,上海,园区开发,19920327,
600604.SH,市北高新,20100730,3.6187,3.6384,3.6483,3.5841,3.6187,0.5444,14587.25,10690.83,0.01969999999999983,上海,园区开发,19920327,
600604.SH,市北高新,20100729,3.5743,3.6187,3.6236,3.5693,3.5743,1.2422,15294.14,11149.078,0.044399999999999995,上海,园区开发,19920327,
600604.SH,市北高新,20100728,3.5496,3.5743,3.5841,3.52,3.5348,1.1175,12179.84,8796.105,0.03949999999999987,上海,园区开发,19920327,
600604.SH,市北高新,20100727,3.5594,3.5348,3.5841,3.5298,3.5891,-1.5129,9638.86,6935.981,-0.054300000000000015,上海,园区开发,19920327,
600604.SH,市北高新,20100726,3.6187,3.5891,3.6286,3.5594,3.5693,0.5547,12352.3,8976.875,0.01980000000000004,上海,园区开发,19920327,
600604.SH,市北高新,20100723,3.5545,3.5693,3.5891,3.5348,3.5693,0.0,9927.33,7155.531,0.0,上海,园区开发,19920327,
600604.SH,市北高新,20100722,3.5891,3.5693,3.5891,3.52,3.5644,0.1375,11534.08,8290.535,0.0049000000000001265,上海,园区开发,19920327,
600604.SH,市北高新,20100721,3.594,3.5644,3.7322,3.5545,3.5644,0.0,18778.94,13689.249,0.0,上海,园区开发,19920327,
600604.SH,市北高新,20100720,3.5348,3.5644,3.594,3.5101,3.5002,1.8342,21328.83,15383.19,0.06420000000000003,上海,园区开发,19920327,
600604.SH,市北高新,20100719,3.4558,3.5002,3.5348,3.362,3.441,1.7204,14217.72,10059.056,0.05920000000000014,上海,园区开发,19920327,
600604.SH,市北高新,20100716,3.4163,3.441,3.4854,3.3274,3.4558,-0.4283,17007.86,11739.199,-0.014800000000000146,上海,园区开发,19920327,
600604.SH,市北高新,20100715,3.5051,3.4558,3.5545,3.4459,3.4953,-1.1301,11417.49,8100.038,-0.03949999999999987,上海,园区开发,19920327,
600604.SH,市北高新,20100714,3.4558,3.4953,3.5792,3.4558,3.4558,1.143,16428.85,11746.301,0.03949999999999987,上海,园区开发,19920327,
600604.SH,市北高新,20100713,3.5002,3.4558,3.5348,3.4508,3.5348,-2.2349,18449.98,13023.214,-0.07900000000000018,上海,园区开发,19920327,
600604.SH,市北高新,20100712,3.594,3.5348,3.594,3.5051,3.4212,3.3205,44695.75,32244.659,0.11360000000000037,上海,园区开发,19920327,
600604.SH,市北高新,20100708,3.4607,3.4212,3.5051,3.3867,3.4558,-1.0012,8641.68,6025.133,-0.034600000000000186,上海,园区开发,19920327,
600604.SH,市北高新,20100707,3.4212,3.4558,3.5298,3.3965,3.362,2.79,20630.02,14470.932,0.09379999999999988,上海,园区开发,19920327,
600604.SH,市北高新,20100706,3.2336,3.362,3.3817,3.2336,3.2287,4.1286,6812.9,4563.387,0.1333000000000002,上海,园区开发,19920327,
600604.SH,市北高新,20100705,3.2237,3.2287,3.2583,3.1102,3.2336,-0.1515,4056.01,2653.148,-0.0049000000000001265,上海,园区开发,19920327,
600604.SH,市北高新,20100702,3.1892,3.2336,3.2336,3.1151,3.1596,2.3421,7579.05,4877.599,0.07399999999999984,上海,园区开发,19920327,
600604.SH,市北高新,20100701,3.2435,3.1596,3.2435,3.1448,3.204,-1.3858,3760.06,2434.225,-0.044399999999999995,上海,园区开发,19920327,
600604.SH,市北高新,20100630,3.3077,3.204,3.3126,3.1596,3.2929,-2.6997,7290.88,4729.885,-0.08889999999999976,上海,园区开发,19920327,
600604.SH,市北高新,20100629,3.4854,3.2929,3.5002,3.2929,3.4607,-4.8487,16768.71,11356.602,-0.16780000000000017,上海,园区开发,19920327,
600604.SH,市北高新,20100628,3.6187,3.4607,3.6236,3.4558,3.6187,-4.3662,10850.14,7776.309,-0.15799999999999992,上海,园区开发,19920327,
600604.SH,市北高新,20100625,3.6532,3.6187,3.7075,3.5298,3.6335,-0.4073,14250.41,10394.335,-0.014800000000000146,上海,园区开发,19920327,
600604.SH,市北高新,20100624,3.5298,3.6335,3.7125,3.4903,3.5348,2.7922,21500.4,15764.038,0.09870000000000001,上海,园区开发,19920327,
600604.SH,市北高新,20100623,3.4262,3.5348,3.5545,3.3718,3.4311,3.0224,12206.45,8516.758,0.10370000000000035,上海,园区开发,19920327,
600604.SH,市北高新,20100622,3.4212,3.4311,3.441,3.3718,3.4163,0.4332,8074.89,5590.214,0.014799999999999702,上海,园区开发,19920327,
600604.SH,市北高新,20100621,3.3274,3.4163,3.4311,3.283,3.3472,2.0644,10662.16,7305.584,0.06910000000000016,上海,园区开发,19920327,
600604.SH,市北高新,20100618,3.4459,3.3472,3.4903,3.3324,3.4113,-1.879,26543.6,18387.978,-0.06410000000000027,上海,园区开发,19920327,
600604.SH,市北高新,20100617,3.283,3.4113,3.4113,3.2237,3.2484,5.0148,35459.05,24271.888,0.16290000000000004,上海,园区开发,19920327,
600604.SH,市北高新,20100611,3.278,3.2484,3.278,3.2386,3.2534,-0.1537,5910.07,3895.634,-0.004999999999999893,上海,园区开发,19920327,
600604.SH,市北高新,20100610,3.2237,3.2534,3.2879,3.1991,3.2386,0.457,8609.27,5674.937,0.014800000000000146,上海,园区开发,19920327,
600604.SH,市北高新,20100609,3.1694,3.2386,3.2435,3.1596,3.1694,2.1834,8569.58,5574.424,0.06919999999999993,上海,园区开发,19920327,
600604.SH,市北高新,20100608,3.1842,3.1694,3.2386,3.1398,3.1842,-0.4648,6255.14,4052.98,-0.014800000000000146,上海,园区开发,19920327,
600604.SH,市北高新,20100607,3.0806,3.1842,3.2287,3.0806,3.2386,-1.6797,7005.2,4502.669,-0.05439999999999978,上海,园区开发,19920327,
600604.SH,市北高新,20100604,3.2089,3.2386,3.2682,3.1842,3.2386,0.0,7324.76,4774.217,0.0,上海,园区开发,19920327,
600604.SH,市北高新,20100603,3.2188,3.2386,3.2879,3.2188,3.2731,-1.054,11047.68,7289.833,-0.034499999999999975,上海,园区开发,19920327,
600604.SH,市北高新,20100602,3.2731,3.2731,3.3027,3.2139,3.2534,0.6055,23847.55,15732.46,0.01969999999999983,上海,园区开发,19920327,
600604.SH,市北高新,20100601,3.0954,3.2534,3.2534,3.0608,3.1003,4.9382,20541.72,13425.464,0.15310000000000024,上海,园区开发,19920327,
600604.SH,市北高新,20100531,3.2336,3.1003,3.2929,3.0954,3.2583,-4.8492,11453.0,7422.452,-0.15800000000000036,上海,园区开发,19920327,
600604.SH,市北高新,20100528,3.2583,3.2583,3.3175,3.2237,3.2534,0.1506,9882.0,6555.766,0.0049000000000001265,上海,园区开发,19920327,
600604.SH,市北高新,20100527,3.2188,3.2534,3.278,3.1793,3.2534,0.0,12363.5,8117.6,0.0,上海,园区开发,19920327,
600604.SH,市北高新,20100526,3.1201,3.2534,3.2583,3.0855,3.125,4.1088,15931.58,10290.909,0.12840000000000007,上海,园区开发,19920327,
600604.SH,市北高新,20100525,3.1645,3.125,3.1991,3.1003,3.1941,-2.1634,11723.88,7467.821,-0.06910000000000016,上海,园区开发,19920327,
600604.SH,市北高新,20100524,3.0756,3.1941,3.1991,3.0756,3.0658,4.1849,14249.31,9136.495,0.1283000000000003,上海,园区开发,19920327,
600604.SH,市北高新,20100521,3.0608,3.0658,3.1102,2.972,3.1299,-2.048,18872.03,11533.609,-0.06410000000000027,上海,园区开发,19920327,
600604.SH,市北高新,20100520,3.2089,3.1299,3.2484,3.1201,3.2287,-3.0601,11254.03,7292.028,-0.09879999999999978,上海,园区开发,19920327,
600604.SH,市北高新,20100519,3.2287,3.2287,3.2879,3.1694,3.2534,-0.7592,7628.15,4995.215,-0.024700000000000166,上海,园区开发,19920327,
600604.SH,市北高新,20100518,3.3324,3.2534,3.362,3.1694,3.3324,-2.3707,16284.15,10696.459,-0.07899999999999974,上海,园区开发,19920327,
600604.SH,市北高新,20100517,3.4903,3.3324,3.5348,3.3324,3.5002,-4.794,14028.31,9733.423,-0.16780000000000017,上海,园区开发,19920327,
600604.SH,市北高新,20100514,3.5348,3.5002,3.5348,3.4212,3.5397,-1.1159,12084.8,8530.489,-0.03949999999999987,上海,园区开发,19920327,
600604.SH,市北高新,20100513,3.5348,3.5397,3.5693,3.357,3.5348,0.1386,19338.7,13509.419,0.004899999999999682,上海,园区开发,19920327,
600604.SH,市北高新,20100512,3.6483,3.5348,3.673,3.5002,3.6829,-4.0213,18972.62,13691.353,-0.1480999999999999,上海,园区开发,19920327,
600604.SH,市北高新,20100511,3.8063,3.6829,3.8211,3.6532,3.6779,0.1359,23390.28,17685.602,0.004999999999999893,上海,园区开发,19920327,
600604.SH,市北高新,20100510,3.752,3.6779,3.8162,3.5496,3.7372,-1.5867,17652.05,13149.411,-0.05929999999999991,上海,园区开发,19920327,
600604.SH,市北高新,20100507,3.6187,3.7372,3.752,3.5693,3.6532,2.2994,21205.09,15881.09,0.08400000000000007,上海,园区开发,19920327,
600604.SH,市北高新,20100506,3.6532,3.6532,3.8557,3.6039,3.6779,-0.6716,19117.4,14481.23,-0.024700000000000166,上海,园区开发,19920327,
600604.SH,市北高新,20100505,3.5101,3.6779,3.7026,3.5051,3.5545,3.4717,12108.96,8887.995,0.12340000000000018,上海,园区开发,19920327,
600604.SH,市北高新,20100504,3.673,3.5545,3.7026,3.5298,3.7125,-4.2559,16499.93,12038.542,-0.15799999999999992,上海,园区开发,19920327,
600604.SH,市北高新,20100430,3.91,3.7125,3.91,3.7125,3.91,-5.0512,24727.17,18811.597,-0.19750000000000023,上海,园区开发,19920327,
600604.SH,市北高新,20100429,3.9988,3.91,4.0877,3.9001,3.9988,-2.2207,17464.84,14153.777,-0.08879999999999999,上海,园区开发,19920327,
600604.SH,市北高新,20100428,4.0038,3.9988,4.0877,3.9495,4.0284,-0.7348,21814.94,17727.048,-0.029600000000000293,上海,园区开发,19920327,
600604.SH,市北高新,20100427,4.2012,4.0284,4.221,3.984,4.1469,-2.8576,65352.84,54008.984,-0.11849999999999916,上海,园区开发,19920327,
600604.SH,市北高新,20100426,4.0433,4.1469,4.1469,4.0433,3.9495,4.9981,26137.54,21914.82,0.19739999999999958,上海,园区开发,19920327,
600604.SH,市北高新,20100423,3.9149,3.9495,3.9741,3.905,3.9198,0.7577,16216.33,12947.15,0.02970000000000006,上海,园区开发,19920327,
600604.SH,市北高新,20100422,3.9741,3.9198,3.9988,3.905,3.9445,-0.6262,21960.42,17579.17,-0.024700000000000166,上海,园区开发,19920327,
600604.SH,市北高新,20100421,3.9248,3.9445,3.9495,3.8951,3.9248,0.5019,26936.39,21444.654,0.019700000000000273,上海,园区开发,19920327,
600604.SH,市北高新,20100420,3.752,3.9248,3.9346,3.6187,3.7717,4.0592,25491.27,19607.637,0.1530999999999998,上海,园区开发,19920327,
600604.SH,市北高新,20100419,3.9445,3.7717,3.9445,3.7619,3.9593,-4.7382,22909.66,17834.293,-0.18759999999999977,上海,园区开发,19920327,
600604.SH,市北高新,20100416,3.9445,3.9593,3.984,3.905,3.9495,0.2481,12022.73,9612.232,0.009799999999999809,上海,园区开发,19920327,
600604.SH,市北高新,20100415,3.9988,3.9495,4.0186,3.9248,3.9939,-1.1117,15970.8,12794.196,-0.044399999999999995,上海,园区开发,19920327,
600604.SH,市北高新,20100414,3.9396,3.9939,4.0087,3.9396,3.9396,1.3783,18743.75,15079.542,0.054300000000000015,上海,园区开发,19920327,
600604.SH,市北高新,20100413,4.1074,3.9396,4.1173,3.8902,4.0926,-3.7385,56430.49,45236.776,-0.15300000000000002,上海,园区开发,19920327,
600604.SH,市北高新,20100412,4.2358,4.0926,4.2358,4.0778,4.2111,-2.814,34093.1,28602.81,-0.11850000000000005,上海,园区开发,19920327,
600604.SH,市北高新,20100409,4.1765,4.2111,4.2358,4.1568,4.1765,0.8284,22185.03,18817.725,0.034600000000000186,上海,园区开发,19920327,
600604.SH,市北高新,20100408,4.2012,4.1765,4.2654,4.1617,4.2111,-0.8216,21669.77,18402.398,-0.034600000000000186,上海,园区开发,19920327,
600604.SH,市北高新,20100407,4.0976,4.2111,4.3049,4.0729,4.0976,2.7699,44382.63,37907.9,0.11350000000000016,上海,园区开发,19920327,
600604.SH,市北高新,20100406,4.1519,4.0976,4.1617,4.0482,4.1371,-0.9548,30174.73,24937.763,-0.03950000000000031,上海,园区开发,19920327,
600604.SH,市北高新,20100401,4.2111,4.1371,4.2111,4.0827,4.2111,-1.7573,45792.65,38376.596,-0.07399999999999984,上海,园区开发,19920327,
600604.SH,市北高新,20100331,4.1716,4.2111,4.216,4.1025,4.1173,2.2782,39083.72,33028.315,0.09379999999999988,上海,园区开发,19920327,
600604.SH,市北高新,20100330,4.1519,4.1173,4.1815,4.0827,4.1074,0.241,38584.53,32238.739,0.00990000000000002,上海,园区开发,19920327,
600604.SH,市北高新,20100329,4.0235,4.1074,4.2062,4.0235,4.0038,2.5875,74341.94,62357.748,0.10360000000000014,上海,园区开发,19920327,
600604.SH,市北高新,20100326,3.9001,4.0038,4.0087,3.8951,3.8853,3.05,48913.76,39204.428,0.11850000000000005,上海,园区开发,19920327,
600604.SH,市北高新,20100325,3.8754,3.8853,3.9001,3.8606,3.8803,0.1289,21807.01,17150.765,0.004999999999999893,上海,园区开发,19920327,
600604.SH,市北高新,20100324,3.9346,3.8803,3.9346,3.8606,3.905,-0.6325,23095.36,18184.471,-0.024699999999999722,上海,园区开发,19920327,
600604.SH,市北高新,20100323,3.8705,3.905,3.9495,3.8408,3.8705,0.8914,27078.41,21424.927,0.034499999999999975,上海,园区开发,19920327,
600604.SH,市北高新,20100322,3.9544,3.8705,3.9593,3.8458,3.8458,0.6423,40457.99,31839.094,0.024699999999999722,上海,园区开发,19920327,
600604.SH,市北高新,20100318,3.8013,3.8458,3.8754,3.7915,3.7865,1.5661,32052.15,24937.35,0.05929999999999991,上海,园区开发,19920327,
600604.SH,市北高新,20100317,3.7273,3.7865,3.8112,3.6977,3.6977,2.4015,21145.33,16043.801,0.08879999999999999,上海,园区开发,19920327,
600604.SH,市北高新,20100316,3.6829,3.6977,3.752,3.6829,3.6878,0.2685,11273.74,8463.551,0.00990000000000002,上海,园区开发,19920327,
600604.SH,市北高新,20100315,3.7026,3.6878,3.747,3.6681,3.7075,-0.5314,14852.3,11134.271,-0.01969999999999983,上海,园区开发,19920327,
600604.SH,市北高新,20100312,3.7668,3.7075,3.7767,3.6977,3.7668,-1.5743,16202.07,12206.549,-0.05929999999999991,上海,园区开发,19920327,
600604.SH,市北高新,20100311,3.8803,3.7668,3.8803,3.7273,3.8507,-2.1788,22252.55,17036.294,-0.08389999999999986,上海,园区开发,19920327,
600604.SH,市北高新,20100310,3.905,3.8507,3.984,3.831,3.8359,0.3858,58044.87,45843.064,0.014799999999999702,上海,园区开发,19920327,
600604.SH,市北高新,20100309,3.8063,3.8359,3.8655,3.7915,3.8013,0.9102,45771.28,35420.315,0.034600000000000186,上海,园区开发,19920327,
600604.SH,市北高新,20100308,3.6681,3.8013,3.8112,3.6039,3.6384,4.4772,28300.72,21410.069,0.16290000000000004,上海,园区开发,19920327,
600604.SH,市北高新,20100305,3.5446,3.6384,3.6532,3.5446,3.6187,0.5444,13404.18,9833.965,0.01969999999999983,上海,园区开发,19920327,
600604.SH,市北高新,20100304,3.7273,3.6187,3.747,3.5989,3.7125,-2.5266,20397.99,15227.929,-0.09379999999999988,上海,园区开发,19920327,
600604.SH,市北高新,20100303,3.6927,3.7125,3.7717,3.6927,3.7224,-0.266,16555.64,12523.069,-0.00990000000000002,上海,园区开发,19920327,
600604.SH,市北高新,20100302,3.7668,3.7224,3.8211,3.7075,3.7767,-1.4378,26354.18,20018.014,-0.054300000000000015,上海,园区开发,19920327,
600604.SH,市北高新,20100301,3.7322,3.7767,3.8162,3.7273,3.7273,1.3254,25861.08,19784.796,0.04939999999999989,上海,园区开发,19920327,
600604.SH,市北高新,20100226,3.7421,3.7273,3.7569,3.7125,3.7372,-0.2649,15629.1,11812.121,-0.00990000000000002,上海,园区开发,19920327,
600604.SH,市北高新,20100225,3.7372,3.7372,3.747,3.6878,3.7075,0.8011,17885.17,13487.306,0.02970000000000006,上海,园区开发,19920327,
600604.SH,市北高新,20100224,3.6779,3.7075,3.7273,3.5989,3.6532,1.4864,14092.41,10505.985,0.054300000000000015,上海,园区开发,19920327,
600604.SH,市北高新,20100223,3.6779,3.6532,3.6927,3.594,3.6681,-0.4062,9860.16,7253.009,-0.014899999999999913,上海,园区开发,19920327,
600604.SH,市北高新,20100222,3.594,3.6681,3.7421,3.5841,3.6039,1.7814,17035.56,12718.238,0.06420000000000003,上海,园区开发,19920327,
600604.SH,市北高新,20100212,3.6483,3.6039,3.6483,3.5545,3.5743,0.8281,6147.85,4485.051,0.02959999999999985,上海,园区开发,19920327,
600604.SH,市北高新,20100211,3.5743,3.5743,3.5989,3.5545,3.5644,0.2777,8401.33,6091.777,0.00990000000000002,上海,园区开发,19920327,
600604.SH,市北高新,20100210,3.5545,3.5644,3.5989,3.5348,3.5644,0.0,10593.74,7623.82,0.0,上海,园区开发,19920327,
600604.SH,市北高新,20100209,3.5743,3.5644,3.6434,3.5446,3.5693,-0.1373,13606.43,9858.826,-0.0049000000000001265,上海,园区开发,19920327,
600604.SH,市北高新,20100208,3.6582,3.5693,3.7273,3.5594,3.7075,-3.7276,15864.99,11670.576,-0.13819999999999988,上海,园区开发,19920327,
600604.SH,市北高新,20100205,3.8359,3.7075,3.8359,3.6286,3.6681,1.0741,39094.87,29626.062,0.0394000000000001,上海,园区开发,19920327,
600604.SH,市北高新,20100202,3.7075,3.6681,3.7915,3.6582,3.7026,-0.9318,19537.23,14707.516,-0.034499999999999975,上海,园区开发,19920327,
600604.SH,市北高新,20100201,3.5298,3.7026,3.7075,3.4706,3.5298,4.8955,27196.15,20134.344,0.17280000000000006,上海,园区开发,19920327,
600604.SH,市北高新,20100129,3.5051,3.5298,3.5891,3.4805,3.5348,-0.1415,11447.88,8234.932,-0.0050000000000003375,上海,园区开发,19920327,
600604.SH,市北高新,20100128,3.4311,3.5348,3.5397,3.4212,3.4113,3.6203,15677.8,11083.31,0.12349999999999994,上海,园区开发,19920327,
600604.SH,市北高新,20100127,3.4953,3.4113,3.5298,3.4064,3.515,-2.9502,13741.19,9612.618,-0.1036999999999999,上海,园区开发,19920327,
600604.SH,市北高新,20100126,3.6977,3.515,3.7224,3.515,3.6977,-4.9409,20369.12,14726.404,-0.18270000000000008,上海,园区开发,19920327,
600604.SH,市北高新,20100125,3.6779,3.6977,3.7668,3.6088,3.7026,-0.1323,14595.19,10948.388,-0.004899999999999682,上海,园区开发,19920327,
600604.SH,市北高新,20100122,3.7569,3.7026,3.7619,3.6138,3.7915,-2.3447,27592.2,20628.741,-0.0889000000000002,上海,园区开发,19920327,
600604.SH,市北高新,20100121,3.9001,3.7915,3.9297,3.7569,3.8359,-1.1575,32811.69,25482.153,-0.044399999999999995,上海,园区开发,19920327,
600604.SH,市北高新,20100120,4.0038,3.8359,4.0186,3.752,3.8705,-0.8939,90290.51,71583.813,-0.03459999999999974,上海,园区开发,19920327,
600604.SH,市北高新,20100119,3.8359,3.8705,3.8705,3.7026,3.6878,4.9542,33032.9,25737.228,0.18269999999999964,上海,园区开发,19920327,
600604.SH,市北高新,20100118,3.747,3.6878,3.747,3.6532,3.6532,0.9471,22400.78,16692.899,0.034600000000000186,上海,园区开发,19920327,
600604.SH,市北高新,20100115,3.6039,3.6532,3.6977,3.5792,3.5989,1.5088,23829.66,17580.446,0.054300000000000015,上海,园区开发,19920327,
600604.SH,市北高新,20100114,3.5397,3.5989,3.6286,3.4953,3.5397,1.6725,18070.16,13055.267,0.05920000000000014,上海,园区开发,19920327,
600604.SH,市北高新,20100113,3.4903,3.5397,3.6286,3.4558,3.5348,0.1386,19754.59,14238.182,0.004899999999999682,上海,园区开发,19920327,
600604.SH,市北高新,20100112,3.4558,3.5348,3.5496,3.4311,3.4558,2.286,13588.43,9674.518,0.07900000000000018,上海,园区开发,19920327,
600604.SH,市北高新,20100111,3.5101,3.4558,3.5397,3.4262,3.5002,-1.2685,13737.86,9595.343,-0.044399999999999995,上海,园区开发,19920327,
600604.SH,市北高新,20100108,3.4706,3.5002,3.5002,3.4064,3.4706,0.8529,11319.88,7927.858,0.02959999999999985,上海,园区开发,19920327,
600604.SH,市北高新,20100107,3.5644,3.4706,3.5792,3.4459,3.5644,-2.6316,17143.18,12167.86,-0.09379999999999988,上海,园区开发,19920327,
600604.SH,市北高新,20100106,3.5841,3.5644,3.6532,3.5594,3.6384,-2.0339,13236.85,9670.312,-0.07399999999999984,上海,园区开发,19920327,
600604.SH,市北高新,20100105,3.6286,3.6384,3.6681,3.515,3.6483,-0.2714,18379.42,13404.916,-0.00990000000000002,上海,园区开发,19920327,
600604.SH,市北高新,20100104,3.6977,3.6483,3.7865,3.6286,3.6039,1.232,51472.24,38683.01,0.044399999999999995,上海,园区开发,19920327,
600604.SH,市北高新,20091231,3.6039,3.6039,3.6039,3.6039,3.4311,5.0363,4186.29,3055.992,0.17280000000000006,上海,园区开发,19920327,
600604.SH,市北高新,20091228,3.4163,3.4311,3.4607,3.3867,3.4015,0.8702,9779.92,6781.142,0.02959999999999985,上海,园区开发,19920327,
600604.SH,市北高新,20091225,3.4113,3.4015,3.4212,3.362,3.3965,0.1472,9946.09,6834.76,0.004999999999999893,上海,园区开发,19920327,
600604.SH,市北高新,20091224,3.3175,3.3965,3.4064,3.2879,3.3027,2.8401,13411.11,9153.888,0.09379999999999988,上海,园区开发,19920327,
600604.SH,市北高新,20091223,3.2583,3.3027,3.3077,3.2484,3.2583,1.3627,7586.86,5049.852,0.044399999999999995,上海,园区开发,19920327,
600604.SH,市北高新,20091222,3.3077,3.2583,3.4015,3.2386,3.3027,-1.3444,15202.99,10217.409,-0.044399999999999995,上海,园区开发,19920327,
600604.SH,市北高新,20091221,3.2089,3.3027,3.3324,3.2089,3.2583,1.3627,13056.16,8632.633,0.044399999999999995,上海,园区开发,19920327,
600604.SH,市北高新,20091218,3.4064,3.2583,3.4262,3.2583,3.4311,-5.0363,22159.9,14819.21,-0.17279999999999962,上海,园区开发,19920327,
600604.SH,市北高新,20091217,3.6138,3.4311,3.6138,3.4212,3.5743,-4.0064,17986.52,12721.582,-0.14320000000000022,上海,园区开发,19920327,
600604.SH,市北高新,20091216,3.6039,3.5743,3.6434,3.5644,3.6187,-1.227,10793.0,7869.527,-0.044399999999999995,上海,园区开发,19920327,
600604.SH,市北高新,20091215,3.6335,3.6187,3.6483,3.5693,3.6335,-0.4073,9923.1,7263.693,-0.014800000000000146,上海,园区开发,19920327,
600604.SH,市北高新,20091214,3.7174,3.6335,3.7174,3.5496,3.7026,-1.8663,22209.71,16219.61,-0.06909999999999972,上海,园区开发,19920327,
600604.SH,市北高新,20091211,3.6878,3.7026,3.7569,3.6532,3.6927,0.2681,18892.93,14222.276,0.00990000000000002,上海,园区开发,19920327,
600604.SH,市北高新,20091210,3.6532,3.6927,3.752,3.6384,3.6829,0.2661,16925.25,12636.276,0.009799999999999809,上海,园区开发,19920327,
600604.SH,市北高新,20091209,3.7767,3.6829,3.8013,3.6483,3.8013,-3.1147,22484.09,16995.405,-0.11839999999999984,上海,园区开发,19920327,
600604.SH,市北高新,20091208,3.7174,3.8013,3.8853,3.7075,3.7174,2.257,31726.92,24407.645,0.08389999999999986,上海,园区开发,19920327,
600604.SH,市北高新,20091207,3.7174,3.7174,3.747,3.6335,3.6927,0.6689,18654.35,13971.276,0.024700000000000166,上海,园区开发,19920327,
600604.SH,市北高新,20091204,3.8162,3.6927,3.9346,3.6384,3.831,-3.61,52221.81,39967.361,-0.1383000000000001,上海,园区开发,19920327,
600604.SH,市北高新,20091203,3.8754,3.831,3.9544,3.8013,3.7964,0.9114,54123.51,42339.74,0.03459999999999974,上海,园区开发,19920327,
600604.SH,市北高新,20091202,3.6187,3.7964,3.7964,3.6138,3.6138,5.0529,17747.67,13436.317,0.18260000000000032,上海,园区开发,19920327,
600604.SH,市北高新,20091201,3.5841,3.6138,3.6236,3.5397,3.5644,1.3859,31552.35,22883.547,0.04939999999999989,上海,园区开发,19920327,
600604.SH,市北高新,20091130,3.5496,3.5644,3.5792,3.4706,3.4953,1.9769,39504.02,28323.916,0.06910000000000016,上海,园区开发,19920327,
600604.SH,市北高新,20091127,3.515,3.4953,3.5841,3.4953,3.6779,-4.9648,54599.4,38861.506,-0.18260000000000032,上海,园区开发,19920327,
600604.SH,市北高新,20091126,3.8951,3.6779,3.9495,3.6779,3.8705,-4.9761,78727.81,60561.8,-0.19259999999999966,上海,园区开发,19920327,
600604.SH,市北高新,20091125,4.0482,3.8705,4.1469,3.7569,3.9495,-2.0003,118499.61,93100.28,-0.07900000000000018,上海,园区开发,19920327,
600604.SH,市北高新,20091124,3.9791,3.9495,3.9791,3.8063,3.7915,4.1672,202122.24,162133.15,0.15799999999999992,上海,园区开发,19920327,
600604.SH,市北高新,20091123,3.7915,3.7915,3.7915,3.7915,3.6088,5.0626,2649.35,2034.701,0.18270000000000008,上海,园区开发,19920327,
600604.SH,市北高新,20091120,3.6088,3.6088,3.6088,3.6088,3.436,5.0291,10852.29,7933.024,0.17280000000000006,上海,园区开发,19920327,
600604.SH,市北高新,20091119,3.357,3.436,3.441,3.357,3.3768,1.7531,34761.05,23999.571,0.05920000000000014,上海,园区开发,19920327,
600604.SH,市北高新,20091118,3.4064,3.3768,3.4064,3.3324,3.3916,-0.4364,33198.69,22599.422,-0.014800000000000146,上海,园区开发,19920327,
600604.SH,市北高新,20091117,3.436,3.3916,3.436,3.3472,3.4113,-0.5775,27191.37,18614.427,-0.019700000000000273,上海,园区开发,19920327,
600604.SH,市北高新,20091116,3.3472,3.4113,3.4755,3.3324,3.3521,1.7661,34724.1,23986.194,0.05920000000000014,上海,园区开发,19920327,
600604.SH,市北高新,20091113,3.357,3.3521,3.3867,3.2632,3.3521,0.0,36590.92,24697.521,0.0,上海,园区开发,19920327,
600604.SH,市北高新,20091112,3.3422,3.3521,3.4262,3.3422,3.3274,0.7423,49494.51,33790.156,0.024700000000000166,上海,园区开发,19920327,
600604.SH,市北高新,20091111,3.1892,3.3274,3.3867,3.1892,3.2435,2.5867,46549.69,31184.734,0.08389999999999986,上海,园区开发,19920327,
600604.SH,市北高新,20091110,3.278,3.2435,3.283,3.2237,3.2731,-0.9043,25867.24,17027.059,-0.02959999999999985,上海,园区开发,19920327,
600604.SH,市北高新,20091109,3.3027,3.2731,3.3027,3.2139,3.278,-0.1495,31429.67,20755.957,-0.0049000000000001265,上海,园区开发,19920327,
600604.SH,市北高新,20091106,3.204,3.278,3.3027,3.1645,3.1892,2.7844,42476.84,27970.987,0.08879999999999999,上海,园区开发,19920327,
600604.SH,市北高新,20091105,3.1694,3.1892,3.2534,3.1497,3.1744,0.4662,24400.75,15846.932,0.014800000000000146,上海,园区开发,19920327,
600604.SH,市北高新,20091104,3.204,3.1744,3.2237,3.1497,3.1991,-0.7721,25577.79,16497.573,-0.024700000000000166,上海,园区开发,19920327,
600604.SH,市北高新,20091103,3.0855,3.1991,3.2139,3.051,3.0608,4.5184,41523.93,26410.14,0.1383000000000001,上海,园区开发,19920327,
600604.SH,市北高新,20091102,3.0065,3.0608,3.0806,2.9226,3.0361,0.8135,19195.96,11694.524,0.024700000000000166,上海,园区开发,19920327,
600604.SH,市北高新,20091030,3.0016,3.0361,3.0707,2.972,2.967,2.329,18625.85,11466.084,0.06909999999999972,上海,园区开发,19920327,
600604.SH,市北高新,20091029,3.0213,2.967,3.0361,2.9572,3.0559,-2.9091,11754.48,7129.0,-0.08889999999999976,上海,园区开发,19920327,
600604.SH,市北高新,20091028,3.0559,3.0559,3.0658,2.9868,3.0411,0.4867,14841.06,9086.257,0.014799999999999702,上海,园区开发,19920327,
600604.SH,市北高新,20091027,3.1003,3.0411,3.1793,3.0263,3.1842,-4.4941,30608.26,19059.41,-0.1431,上海,园区开发,19920327,
600604.SH,市北高新,20091026,3.2287,3.1842,3.2287,3.1497,3.2188,-1.0749,19305.38,12460.139,-0.03459999999999974,上海,园区开发,19920327,
600604.SH,市北高新,20091023,3.2188,3.2188,3.2583,3.1892,3.204,0.4619,21001.88,13710.647,0.014799999999999702,上海,园区开发,19920327,
600604.SH,市北高新,20091022,3.1991,3.204,3.2484,3.1596,3.1991,0.1532,19391.73,12527.142,0.0049000000000001265,上海,园区开发,19920327,
600604.SH,市北高新,20091021,3.2386,3.1991,3.2731,3.1941,3.2287,-0.9168,24466.8,16010.359,-0.02959999999999985,上海,园区开发,19920327,
600604.SH,市北高新,20091020,3.1842,3.2287,3.278,3.1596,3.1645,2.0288,29920.99,19573.183,0.06420000000000003,上海,园区开发,19920327,
600604.SH,市北高新,20091019,3.1201,3.1645,3.1991,3.0954,3.1201,1.423,30864.42,19766.612,0.044399999999999995,上海,园区开发,19920327,
600604.SH,市北高新,20091016,3.0658,3.1201,3.1546,3.0213,3.0411,2.5977,29518.81,18490.303,0.07899999999999974,上海,园区开发,19920327,
600604.SH,市北高新,20091015,3.0904,3.0411,3.1003,3.0213,3.0806,-1.2822,17515.25,10840.598,-0.03949999999999987,上海,园区开发,19920327,
600604.SH,市北高新,20091014,3.0608,3.0806,3.125,3.0559,3.0559,0.8083,21399.46,13379.558,0.024700000000000166,上海,园区开发,19920327,
600604.SH,市北高新,20091013,3.0164,3.0559,3.0608,3.0115,3.0411,0.4867,16517.19,10158.082,0.014799999999999702,上海,园区开发,19920327,
600604.SH,市北高新,20091012,3.1497,3.0411,3.1546,3.0263,3.0411,0.0,24955.2,15535.588,0.0,上海,园区开发,19920327,
600604.SH,市北高新,20091009,2.9177,3.0411,3.0411,2.9177,2.8979,4.9415,10008.5,6109.91,0.14320000000000022,上海,园区开发,19920327,
600604.SH,市北高新,20090930,2.8387,2.8979,2.9473,2.814,2.809,3.1648,23302.87,13691.427,0.08889999999999976,上海,园区开发,19920327,
600604.SH,市北高新,20090929,2.888,2.809,2.9325,2.809,2.9572,-5.0115,32356.61,18503.499,-0.14819999999999967,上海,园区开发,19920327,
600604.SH,市北高新,20090928,3.1497,2.9572,3.1596,2.9572,3.1102,-4.9193,31096.05,19095.908,-0.15300000000000002,上海,园区开发,19920327,
600604.SH,市北高新,20090925,3.2583,3.1102,3.2682,3.1053,3.2682,-4.8345,17715.95,11474.416,-0.15800000000000036,上海,园区开发,19920327,
600604.SH,市北高新,20090924,3.283,3.2682,3.3274,3.2188,3.283,-0.4508,21481.6,14271.308,-0.014799999999999702,上海,园区开发,19920327,
600604.SH,市北高新,20090923,3.2336,3.283,3.3077,3.2139,3.2336,1.5277,31957.47,21148.984,0.04939999999999989,上海,园区开发,19920327,
600604.SH,市北高新,20090922,3.3916,3.2336,3.4212,3.2287,3.3916,-4.6586,31760.31,21445.711,-0.15799999999999992,上海,园区开发,19920327,
600604.SH,市北高新,20090921,3.3669,3.3916,3.3965,3.2435,3.4163,-0.723,37485.12,25255.765,-0.024700000000000166,上海,园区开发,19920327,
600604.SH,市北高新,20090918,3.6631,3.4163,3.6631,3.4113,3.5891,-4.8146,49689.02,35584.409,-0.17280000000000006,上海,园区开发,19920327,
600604.SH,市北高新,20090917,3.5051,3.5891,3.6187,3.5002,3.5298,1.68,42864.27,30967.846,0.05930000000000035,上海,园区开发,19920327,
600604.SH,市北高新,20090916,3.6088,3.5298,3.6187,3.5101,3.6335,-2.854,41242.51,29654.084,-0.10370000000000035,上海,园区开发,19920327,
600604.SH,市北高新,20090915,3.6829,3.6335,3.7026,3.5841,3.6829,-1.3413,35225.73,25910.896,-0.04939999999999989,上海,园区开发,19920327,
600604.SH,市北高新,20090914,3.6829,3.6829,3.7125,3.6384,3.6829,0.0,33466.0,24884.701,0.0,上海,园区开发,19920327,
600604.SH,市北高新,20090911,3.594,3.6829,3.7273,3.5792,3.5594,3.4697,64110.29,47717.872,0.12349999999999994,上海,园区开发,19920327,
600604.SH,市北高新,20090910,3.5743,3.5594,3.5743,3.5051,3.5496,0.2761,30828.98,22094.532,0.009800000000000253,上海,园区开发,19920327,
600604.SH,市北高新,20090909,3.7026,3.5496,3.7026,3.5101,3.6483,-2.7054,40838.83,29518.907,-0.09870000000000001,上海,园区开发,19920327,
600604.SH,市北高新,20090908,3.5891,3.6483,3.6681,3.5298,3.5693,2.2133,52784.78,38667.528,0.07899999999999974,上海,园区开发,19920327,
600604.SH,市北高新,20090907,3.5693,3.5693,3.6878,3.5051,3.5397,0.8362,54565.34,39630.893,0.029600000000000293,上海,园区开发,19920327,
600604.SH,市北高新,20090904,3.5298,3.5397,3.6138,3.5298,3.7174,-4.7802,104629.73,75295.482,-0.1777000000000002,上海,园区开发,19920327,
600604.SH,市北高新,20090903,3.4805,3.7174,3.8359,3.4805,3.6631,1.4824,106271.03,77729.559,0.054300000000000015,上海,园区开发,19920327,
600604.SH,市北高新,20090902,3.7125,3.6631,3.7125,3.6631,3.8557,-4.9952,10626.0,7950.112,-0.1926000000000001,上海,园区开发,19920327,
600604.SH,市北高新,20090731,3.673,3.8557,3.8557,3.673,3.673,4.9741,42094.16,32646.172,0.18270000000000008,上海,园区开发,19920327,
600604.SH,市北高新,20090730,3.8507,3.673,3.8902,3.6384,3.831,-4.1242,44087.17,32829.776,-0.15799999999999992,上海,园区开发,19920327,
600604.SH,市北高新,20090729,4.0976,3.831,4.1469,3.8112,4.0136,-4.5495,43035.59,34494.714,-0.18260000000000032,上海,园区开发,19920327,
600604.SH,市北高新,20090728,3.9593,4.0136,4.0334,3.9593,3.9939,0.4933,17421.78,14105.01,0.019700000000000273,上海,园区开发,19920327,
600604.SH,市北高新,20090727,3.9396,3.9939,4.0433,3.9396,3.9495,1.1242,25918.52,20883.67,0.044399999999999995,上海,园区开发,19920327,
600604.SH,市北高新,20090724,4.1025,3.9495,4.1222,3.91,4.0976,-3.6143,33881.16,27504.603,-0.1480999999999999,上海,园区开发,19920327,
600604.SH,市北高新,20090723,4.0976,4.0976,4.142,4.0235,4.0976,0.0,18512.31,15287.55,0.0,上海,园区开发,19920327,
600604.SH,市北高新,20090722,4.0235,4.0976,4.1864,4.0235,4.0482,1.2203,27613.4,22898.591,0.04940000000000033,上海,园区开发,19920327,
600604.SH,市北高新,20090721,4.221,4.0482,4.2259,4.0383,4.2111,-3.8683,33542.26,27959.386,-0.1629000000000005,上海,园区开发,19920327,
600604.SH,市北高新,20090720,4.1963,4.2111,4.295,4.1272,4.1815,0.7079,50429.16,42933.068,0.029600000000000293,上海,园区开发,19920327,
600604.SH,市北高新,20090717,3.984,4.1815,4.1815,3.91,3.984,4.9573,67228.26,55872.15,0.1974999999999998,上海,园区开发,19920327,
600604.SH,市北高新,20090716,3.9988,3.984,4.1864,3.9495,4.0038,-0.4945,41384.8,34207.496,-0.01980000000000004,上海,园区开发,19920327,
600604.SH,市北高新,20090715,3.8112,4.0038,4.0038,3.752,3.8112,5.0535,59817.04,47851.359,0.1926000000000001,上海,园区开发,19920327,
600604.SH,市北高新,20090714,3.8013,3.8112,3.8408,3.7125,3.7569,1.4453,33676.92,25729.069,0.054300000000000015,上海,园区开发,19920327,
600604.SH,市北高新,20090713,3.6681,3.7569,3.826,3.6039,3.6434,3.1152,36650.04,27855.139,0.11349999999999971,上海,园区开发,19920327,
600604.SH,市北高新,20090710,3.6483,3.6434,3.6927,3.6138,3.6434,0.0,15258.49,11266.571,0.0,上海,园区开发,19920327,
600604.SH,市北高新,20090709,3.6039,3.6434,3.6927,3.6039,3.6039,1.096,23534.61,17353.178,0.03950000000000031,上海,园区开发,19920327,
600604.SH,市北高新,20090708,3.6039,3.6039,3.6878,3.5397,3.6434,-1.0842,26107.33,18985.463,-0.03950000000000031,上海,园区开发,19920327,
600604.SH,市北高新,20090707,3.7224,3.6434,3.8013,3.6335,3.7421,-2.6376,26255.94,19603.91,-0.09870000000000001,上海,园区开发,19920327,
600604.SH,市北高新,20090706,3.831,3.7421,3.8655,3.7125,3.7569,-0.3939,29745.11,22671.189,-0.014799999999999702,上海,园区开发,19920327,
600604.SH,市北高新,20090703,3.5545,3.7569,3.7569,3.5397,3.5792,4.9648,38092.32,28531.367,0.17769999999999975,上海,园区开发,19920327,
600604.SH,市北高新,20090702,3.5249,3.5792,3.6483,3.5249,3.5792,0.0,17759.41,12842.434,0.0,上海,园区开发,19920327,
600604.SH,市北高新,20090701,3.5594,3.5792,3.6286,3.52,3.5743,0.1371,13703.25,9907.902,0.0049000000000001265,上海,园区开发,19920327,
600604.SH,市北高新,20090630,3.6434,3.5743,3.6434,3.5101,3.6532,-2.1598,24703.05,17801.329,-0.07889999999999997,上海,园区开发,19920327,
600604.SH,市北高新,20090629,3.7125,3.6532,3.752,3.594,3.7174,-1.727,23739.43,17587.816,-0.06420000000000003,上海,园区开发,19920327,
600604.SH,市北高新,20090626,3.8013,3.7174,3.8013,3.7026,3.7767,-1.5702,17270.38,13015.843,-0.05929999999999991,上海,园区开发,19920327,
600604.SH,市北高新,20090625,3.7125,3.7767,3.8013,3.6483,3.7619,0.3934,22678.97,17105.607,0.014800000000000146,上海,园区开发,19920327,
600604.SH,市北高新,20090624,3.8063,3.7619,3.8705,3.7075,3.8063,-1.1665,29557.29,22532.913,-0.044399999999999995,上海,园区开发,19920327,
600604.SH,市北高新,20090623,3.752,3.8063,3.905,3.6434,3.7174,2.3915,59499.64,45998.706,0.08889999999999976,上海,园区开发,19920327,
600604.SH,市北高新,20090622,3.5545,3.7174,3.7174,3.5298,3.5397,5.0202,43578.13,32531.059,0.1777000000000002,上海,园区开发,19920327,
600604.SH,市北高新,20090619,3.4607,3.5397,3.5693,3.4607,3.4854,1.5579,29777.24,21249.759,0.054300000000000015,上海,园区开发,19920327,
600604.SH,市北高新,20090618,3.5644,3.4854,3.6483,3.4113,3.5841,-2.7538,56853.31,40207.517,-0.09870000000000001,上海,园区开发,19920327,
600604.SH,市北高新,20090617,3.7322,3.5841,3.8211,3.5594,3.747,-4.3475,96890.68,70956.263,-0.16290000000000004,上海,园区开发,19920327,
600604.SH,市北高新,20090616,3.5792,3.747,3.747,3.4607,3.5693,4.9786,47100.46,35410.855,0.17769999999999975,上海,园区开发,19920327,
600604.SH,市北高新,20090615,3.5545,3.5693,3.5693,3.3669,3.4015,4.9331,41850.42,29670.852,0.16780000000000017,上海,园区开发,19920327,
600604.SH,市北高新,20090612,3.3965,3.4015,3.4015,3.2879,3.2386,5.03,32328.86,22202.035,0.16290000000000004,上海,园区开发,19920327,
600604.SH,市北高新,20090611,3.1053,3.2386,3.2386,3.0707,3.0855,4.9619,27768.06,18055.3,0.1530999999999998,上海,园区开发,19920327,
600604.SH,市北高新,20090610,3.0608,3.0855,3.1596,3.0312,3.0608,0.807,30082.7,18738.296,0.024700000000000166,上海,园区开发,19920327,
600604.SH,市北高新,20090609,3.2336,3.0608,3.2731,3.051,3.1349,-2.3637,54732.67,35003.147,-0.07410000000000005,上海,园区开发,19920327,
600604.SH,市北高新,20090608,3.0608,3.1349,3.1349,3.0213,2.9868,4.9585,53789.75,33842.815,0.1480999999999999,上海,园区开发,19920327,
600604.SH,市北高新,20090605,2.9127,2.9868,2.9868,2.8634,2.8436,5.0359,73487.53,44164.061,0.14320000000000022,上海,园区开发,19920327,
600604.SH,市北高新,20090604,2.6955,2.8436,2.8436,2.656,2.7103,4.9183,37952.06,21448.948,0.13329999999999975,上海,园区开发,19920327,
600604.SH,市北高新,20090603,2.7202,2.7103,2.7498,2.656,2.7202,-0.3639,19702.93,10747.678,-0.00990000000000002,上海,园区开发,19920327,
600604.SH,市北高新,20090602,2.7202,2.7202,2.7696,2.6708,2.7251,-0.1798,24087.22,13363.833,-0.004899999999999682,上海,园区开发,19920327,
600604.SH,市北高新,20090601,2.7696,2.7251,2.8634,2.6461,2.7646,-1.4288,46303.62,25252.269,-0.03950000000000031,上海,园区开发,19920327,
600604.SH,市北高新,20090527,2.8337,2.7646,2.8831,2.7004,2.8239,-2.0999,36419.38,20470.26,-0.05929999999999991,上海,园区开发,19920327,
600604.SH,市北高新,20090526,2.9078,2.8239,2.9473,2.7498,2.809,0.5304,75319.96,43746.997,0.014899999999999913,上海,园区开发,19920327,
600604.SH,市北高新,20090525,2.5573,2.809,2.809,2.5573,2.6758,4.978,41474.86,23357.618,0.13319999999999999,上海,园区开发,19920327,
600604.SH,市北高新,20090522,2.7498,2.6758,2.7745,2.6758,2.814,-4.9112,56256.84,30635.344,-0.13819999999999988,上海,园区开发,19920327,
600604.SH,市北高新,20090521,2.893,2.814,2.893,2.6264,2.7547,2.1527,145259.86,82242.491,0.05929999999999991,上海,园区开发,19920327,
600604.SH,市北高新,20090520,2.7547,2.7547,2.7547,2.7547,2.6214,5.0851,3253.48,1815.442,0.1333000000000002,上海,园区开发,19920327,
600604.SH,市北高新,20090519,2.6214,2.6214,2.6214,2.6214,2.498,4.94,6456.68,3428.497,0.12339999999999973,上海,园区开发,19920327,
600604.SH,市北高新,20090518,2.419,2.498,2.498,2.3795,2.3795,4.98,16074.45,8128.167,0.11850000000000005,上海,园区开发,19920327,
600604.SH,市北高新,20090515,2.3647,2.3795,2.3795,2.3203,2.266,5.0088,15252.97,7340.997,0.11350000000000016,上海,园区开发,19920327,
600604.SH,市北高新,20090514,2.1673,2.266,2.266,2.1673,2.1574,5.0338,34014.17,15553.68,0.10860000000000003,上海,园区开发,19920327,
600604.SH,市北高新,20090513,2.0636,2.1574,2.1574,2.0636,2.0537,5.0494,26429.18,11365.815,0.1036999999999999,上海,园区开发,19920327,
600604.SH,市北高新,20090512,2.0142,2.0537,2.0735,1.9994,2.0932,-1.8871,18048.26,7437.037,-0.03949999999999987,上海,园区开发,19920327,
600604.SH,市北高新,20090508,2.0883,2.0932,2.1179,2.0438,2.0932,0.0,16267.51,6842.076,0.0,上海,园区开发,19920327,
600604.SH,市北高新,20090507,2.1722,2.0932,2.2018,2.0636,2.1722,-3.6369,30254.16,12918.424,-0.07900000000000018,上海,园区开发,19920327,
600604.SH,市北高新,20090506,2.0981,2.1722,2.1919,2.0932,2.1228,2.3271,20897.5,9083.043,0.04940000000000033,上海,园区开发,19920327,
600604.SH,市北高新,20090505,2.1031,2.1228,2.1426,2.0636,2.1031,0.9367,21014.9,8904.093,0.01969999999999983,上海,园区开发,19920327,
600604.SH,市北高新,20090504,2.108,2.1031,2.113,2.0488,2.0784,1.1884,20592.69,8701.918,0.024700000000000166,上海,园区开发,19920327,
600604.SH,市北高新,20090430,2.0043,2.0784,2.1031,1.9945,2.0043,3.6971,20585.02,8614.543,0.07409999999999961,上海,园区开发,19920327,
600604.SH,市北高新,20090429,1.9698,2.0043,2.0241,1.9254,1.9747,1.499,16400.94,6591.002,0.029600000000000293,上海,园区开发,19920327,
600604.SH,市北高新,20090428,1.9994,1.9747,2.0043,1.9402,2.0438,-3.381,38273.15,15092.871,-0.06910000000000016,上海,园区开发,19920327,
600604.SH,市北高新,20090427,2.1327,2.0438,2.1673,2.0438,2.1525,-5.0499,17348.0,7285.399,-0.1086999999999998,上海,园区开发,19920327,
600604.SH,市北高新,20090424,2.2117,2.1525,2.2216,2.1327,2.1919,-1.7975,9975.8,4388.245,-0.0394000000000001,上海,园区开发,19920327,
600604.SH,市北高新,20090423,2.2117,2.1919,2.2314,2.108,2.2068,-0.6752,17566.73,7728.822,-0.014899999999999913,上海,园区开发,19920327,
600604.SH,市北高新,20090422,2.2956,2.2068,2.3697,2.1821,2.2808,-3.2445,28347.26,13179.085,-0.07400000000000029,上海,园区开发,19920327,
600604.SH,市北高新,20090421,2.2364,2.2808,2.3154,2.2216,2.2463,1.5359,27704.05,12809.719,0.034499999999999975,上海,园区开发,19920327,
600604.SH,市北高新,20090420,2.2068,2.2463,2.2611,2.2018,2.2117,1.5644,21999.57,9942.991,0.034600000000000186,上海,园区开发,19920327,
600604.SH,市北高新,20090417,2.1574,2.2117,2.2561,2.1574,2.1722,1.8184,20094.79,8957.11,0.03949999999999987,上海,园区开发,19920327,
600604.SH,市北高新,20090416,2.2216,2.1722,2.2413,2.1673,2.2166,-2.0031,21860.37,9732.355,-0.044399999999999995,上海,园区开发,19920327,
600604.SH,市北高新,20090415,2.2709,2.2166,2.2857,2.1771,2.2709,-2.3911,30949.32,13905.585,-0.054300000000000015,上海,园区开发,19920327,
600604.SH,市北高新,20090414,2.2216,2.2709,2.3401,2.1919,2.2463,1.0951,28550.08,13045.713,0.024599999999999955,上海,园区开发,19920327,
600604.SH,市北高新,20090413,2.2759,2.2463,2.3795,2.2117,2.266,-0.8694,27831.17,12984.058,-0.01969999999999983,上海,园区开发,19920327,
600604.SH,市北高新,20090410,2.2364,2.266,2.3203,2.1969,2.2314,1.5506,16307.95,7533.111,0.034600000000000186,上海,园区开发,19920327,
600604.SH,市北高新,20090409,2.1525,2.2314,2.2364,2.1525,2.1722,2.7253,19245.26,8601.819,0.0591999999999997,上海,园区开发,19920327,
600604.SH,市北高新,20090408,2.1821,2.1722,2.2166,2.1376,2.1722,0.0,17326.96,7639.232,0.0,上海,园区开发,19920327,
600604.SH,市北高新,20090407,2.1031,2.1722,2.1722,2.1031,2.0932,3.7741,11539.65,5012.815,0.07900000000000018,上海,园区开发,19920327,
600604.SH,市北高新,20090403,2.1722,2.0932,2.1771,2.0883,2.1722,-3.6369,22864.2,9843.801,-0.07900000000000018,上海,园区开发,19920327,
600604.SH,市北高新,20090402,2.2216,2.1722,2.2364,2.1722,2.2216,-2.2236,18650.92,8268.758,-0.04939999999999989,上海,园区开发,19920327,
600604.SH,市北高新,20090401,2.2216,2.2216,2.2512,2.187,2.2166,0.2256,21617.52,9704.086,0.004999999999999893,上海,园区开发,19920327,
600604.SH,市北高新,20090331,2.0981,2.2166,2.2413,2.0636,2.1525,2.9779,27645.87,12036.107,0.06410000000000027,上海,园区开发,19920327,
600604.SH,市北高新,20090330,2.0636,2.1525,2.1722,2.0241,2.0833,3.3217,27329.62,11755.007,0.06919999999999993,上海,园区开发,19920327,
600604.SH,市北高新,20090327,2.113,2.0833,2.1623,2.0636,2.0587,1.1949,34826.06,14905.133,0.024599999999999955,上海,园区开发,19920327,
600604.SH,市北高新,20090326,1.9599,2.0587,2.0587,1.9599,1.9599,5.0411,27661.3,11282.607,0.0988,上海,园区开发,19920327,
600604.SH,市北高新,20090325,1.955,1.9599,2.0241,1.9402,1.95,0.5077,21455.29,8664.653,0.00990000000000002,上海,园区开发,19920327,
600604.SH,市北高新,20090324,1.9945,1.95,1.9994,1.95,1.9698,-1.0052,16687.2,6662.324,-0.01980000000000004,上海,园区开发,19920327,
600604.SH,市北高新,20090323,1.9254,1.9698,1.9698,1.9056,1.9352,1.7879,16594.59,6551.839,0.034599999999999964,上海,园区开发,19920327,
600604.SH,市北高新,20090320,1.9747,1.9352,1.9846,1.8809,1.9747,-2.0003,24509.38,9564.293,-0.03949999999999987,上海,园区开发,19920327,
600604.SH,市北高新,20090319,1.9945,1.9747,1.9945,1.955,1.9846,-0.4988,19510.44,7798.384,-0.00990000000000002,上海,园区开发,19920327,
600604.SH,市北高新,20090318,1.9747,1.9846,2.0192,1.9649,1.95,1.7744,24419.73,9880.785,0.034599999999999964,上海,园区开发,19920327,
600604.SH,市北高新,20090317,1.9254,1.95,1.9698,1.9007,1.9105,2.0675,16692.88,6541.919,0.03949999999999987,上海,园区开发,19920327,
600604.SH,市北高新,20090316,1.9007,1.9105,1.9352,1.8859,1.9105,0.0,9704.79,3763.354,0.0,上海,园区开发,19920327,
600604.SH,市北高新,20090313,1.9649,1.9105,1.9649,1.9007,1.9698,-3.0105,15322.4,5965.338,-0.05929999999999991,上海,园区开发,19920327,
600604.SH,市北高新,20090312,1.9698,1.9698,1.9797,1.9007,1.9649,0.2494,10464.17,4108.25,0.004899999999999904,上海,园区开发,19920327,
600604.SH,市北高新,20090311,1.9649,1.9649,2.0043,1.9204,1.95,0.7641,19316.31,7697.875,0.014900000000000135,上海,园区开发,19920327,
600604.SH,市北高新,20090310,1.9155,1.95,1.9698,1.876,1.9204,1.5413,13128.08,5150.867,0.02959999999999985,上海,园区开发,19920327,
600604.SH,市北高新,20090309,2.0043,1.9204,2.0043,1.8711,1.9698,-2.5079,24128.16,9285.146,-0.04939999999999989,上海,园区开发,19920327,
600604.SH,市北高新,20090306,2.0685,1.9698,2.0784,1.9402,1.9797,-0.5001,24103.26,9729.045,-0.00990000000000002,上海,园区开发,19920327,
600604.SH,市北高新,20090305,1.9797,1.9797,1.9797,1.9105,1.8859,4.9738,45154.51,17990.355,0.0938000000000001,上海,园区开发,19920327,
600604.SH,市北高新,20090304,1.8414,1.8859,1.8859,1.8414,1.797,4.9471,13623.31,5189.523,0.08889999999999998,上海,园区开发,19920327,
600604.SH,市北高新,20090303,1.7131,1.797,1.797,1.6835,1.7131,4.8976,24352.62,8790.213,0.08389999999999986,上海,园区开发,19920327,
600604.SH,市北高新,20090302,1.7279,1.7131,1.7279,1.6835,1.7723,-3.3403,32468.77,11118.588,-0.05919999999999992,上海,园区开发,19920327,
600604.SH,市北高新,20090227,1.7773,1.7723,1.8118,1.7723,1.8661,-5.0265,18339.0,6593.033,-0.0938000000000001,上海,园区开发,19920327,
600604.SH,市北高新,20090226,1.9649,1.8661,1.9797,1.8661,1.9649,-5.0282,33766.97,13079.572,-0.0988,上海,园区开发,19920327,
600604.SH,市北高新,20090225,1.8513,1.9649,2.0142,1.8513,1.9254,2.0515,40655.4,16158.936,0.03950000000000009,上海,园区开发,19920327,
600604.SH,市北高新,20090224,1.8711,1.9254,1.9303,1.8414,1.8365,4.8407,82745.73,32124.424,0.08889999999999998,上海,园区开发,19920327,
600604.SH,市北高新,20090223,1.718,1.8365,1.8365,1.718,1.7476,5.087,25249.15,9263.821,0.08889999999999998,上海,园区开发,19920327,
600604.SH,市北高新,20090220,1.6785,1.7476,1.7476,1.6341,1.6686,4.7345,19249.45,6592.458,0.07899999999999996,上海,园区开发,19920327,
600604.SH,市北高新,20090219,1.7229,1.6686,1.7674,1.6538,1.7427,-4.252,44204.5,14990.433,-0.07409999999999983,上海,园区开发,19920327,
600604.SH,市北高新,20090218,1.8118,1.7427,1.9007,1.7427,1.8365,-5.1075,35321.04,12859.581,-0.0938000000000001,上海,园区开发,19920327,
600604.SH,市北高新,20090217,1.7575,1.8365,1.8365,1.7575,1.7476,5.087,60556.77,22402.114,0.08889999999999998,上海,园区开发,19920327,
600604.SH,市北高新,20090216,1.6637,1.7476,1.7476,1.6637,1.6637,5.043,33081.74,11594.854,0.08390000000000009,上海,园区开发,19920327,
600604.SH,市北高新,20090213,1.6193,1.6637,1.6785,1.6143,1.6193,2.7419,22810.81,7630.32,0.044399999999999995,上海,园区开发,19920327,
600604.SH,市北高新,20090212,1.6094,1.6193,1.6341,1.5699,1.6094,0.6151,19884.25,6468.797,0.00990000000000002,上海,园区开发,19920327,
600604.SH,市北高新,20090211,1.6193,1.6094,1.6588,1.6045,1.6489,-2.3955,25899.99,8547.923,-0.03950000000000009,上海,园区开发,19920327,
600604.SH,市北高新,20090210,1.5995,1.6489,1.6835,1.5946,1.6045,2.7672,30834.83,10299.798,0.044399999999999995,上海,园区开发,19920327,
600604.SH,市北高新,20090209,1.5946,1.6045,1.6094,1.5699,1.5995,0.3126,24649.22,7957.123,0.0050000000000001155,上海,园区开发,19920327,
600604.SH,市北高新,20090206,1.565,1.5995,1.5995,1.565,1.5551,2.8551,20598.19,6594.969,0.044399999999999995,上海,园区开发,19920327,
600604.SH,市北高新,20090205,1.5748,1.5551,1.6094,1.5354,1.5699,-0.9427,30352.33,9661.582,-0.014800000000000146,上海,园区开发,19920327,
600604.SH,市北高新,20090204,1.6143,1.5699,1.6143,1.5205,1.5699,0.0,28034.72,8818.064,0.0,上海,园区开发,19920327,
600604.SH,市北高新,20090203,1.5008,1.5699,1.5699,1.5008,1.4959,4.9469,25156.4,7926.593,0.07400000000000007,上海,园区开发,19920327,
600604.SH,市北高新,20090202,1.4366,1.4959,1.4959,1.4218,1.4267,4.8504,21471.47,6411.071,0.06919999999999993,上海,园区开发,19920327,
600604.SH,市北高新,20090123,1.4119,1.4267,1.4416,1.407,1.4218,0.3446,9685.66,2798.15,0.0049000000000001265,上海,园区开发,19920327,
600604.SH,市北高新,20090122,1.4317,1.4218,1.4465,1.407,1.4366,-1.0302,8259.12,2386.677,-0.014800000000000146,上海,园区开发,19920327,
600604.SH,市北高新,20090121,1.4169,1.4366,1.4564,1.4021,1.4317,0.3423,12028.31,3482.97,0.0049000000000001265,上海,园区开发,19920327,
600604.SH,市北高新,20090120,1.4366,1.4317,1.4366,1.407,1.4366,-0.3411,7088.55,2036.328,-0.0049000000000001265,上海,园区开发,19920327,
600604.SH,市北高新,20090119,1.4317,1.4366,1.4465,1.4218,1.4366,0.0,6944.32,2012.213,0.0,上海,园区开发,19920327,
600604.SH,市北高新,20090116,1.4662,1.4366,1.4662,1.407,1.4465,-0.6844,17003.27,4955.007,-0.009899999999999798,上海,园区开发,19920327,
600604.SH,市北高新,20090115,1.4465,1.4465,1.481,1.4218,1.4465,0.0,13687.89,4015.745,0.0,上海,园区开发,19920327,
600604.SH,市北高新,20090114,1.4514,1.4465,1.4564,1.4119,1.4366,0.6891,14105.52,4113.413,0.009899999999999798,上海,园区开发,19920327,
600604.SH,市北高新,20090113,1.4218,1.4366,1.481,1.4218,1.4366,0.0,18775.5,5525.742,0.0,上海,园区开发,19920327,
600604.SH,市北高新,20090112,1.4613,1.4366,1.4613,1.4218,1.4514,-1.0197,9157.48,2661.341,-0.014799999999999924,上海,园区开发,19920327,
600604.SH,市北高新,20090109,1.4712,1.4514,1.4761,1.4366,1.4564,-0.3433,15745.1,4631.853,-0.004999999999999893,上海,园区开发,19920327,
600604.SH,市北高新,20090108,1.3626,1.4564,1.4564,1.3626,1.3872,4.9885,28801.6,8257.508,0.06919999999999993,上海,园区开发,19920327,
600604.SH,市北高新,20090107,1.3922,1.3872,1.4021,1.3626,1.3922,-0.3591,13770.99,3861.009,-0.0050000000000001155,上海,园区开发,19920327,
600604.SH,市北高新,20090106,1.3724,1.3922,1.3971,1.3428,1.3774,1.0745,21215.39,5914.201,0.014800000000000146,上海,园区开发,19920327,
600604.SH,市北高新,20090105,1.4169,1.3774,1.4317,1.3428,1.3823,-0.3545,10737.0,2977.693,-0.0049000000000001265,上海,园区开发,19920327,
600604.SH,市北高新,20081231,1.4416,1.3823,1.4564,1.3774,1.4514,-4.7609,17184.9,4858.57,-0.06909999999999994,上海,园区开发,19920327,
600604.SH,市北高新,20081230,1.4613,1.4514,1.4712,1.3626,1.4366,1.0302,31559.57,8985.224,0.014799999999999924,上海,园区开发,19920327,
600604.SH,市北高新,20081229,1.486,1.4366,1.5205,1.4119,1.486,-3.3244,22912.49,6636.216,-0.04939999999999989,上海,园区开发,19920327,
600604.SH,市北高新,20081226,1.407,1.486,1.486,1.3774,1.4169,4.8768,28465.08,8437.665,0.06909999999999994,上海,园区开发,19920327,
600604.SH,市北高新,20081225,1.3478,1.4169,1.4169,1.3379,1.3478,5.1269,26462.37,7493.33,0.06909999999999994,上海,园区开发,19920327,
600604.SH,市北高新,20081224,1.2836,1.3478,1.3675,1.2688,1.328,1.491,16569.21,4482.463,0.01980000000000004,上海,园区开发,19920327,
600604.SH,市北高新,20081223,1.3576,1.328,1.3576,1.3033,1.3626,-2.5393,14656.23,3932.623,-0.034599999999999964,上海,园区开发,19920327,
600604.SH,市北高新,20081222,1.3724,1.3626,1.3724,1.3329,1.3774,-1.0745,13901.61,3786.145,-0.014799999999999924,上海,园区开发,19920327,
600604.SH,市北高新,20081219,1.3478,1.3774,1.3823,1.3428,1.3675,0.7239,9609.31,2668.117,0.00990000000000002,上海,园区开发,19920327,
600604.SH,市北高新,20081218,1.3379,1.3675,1.3724,1.3329,1.3379,2.2124,12606.39,3457.477,0.02959999999999985,上海,园区开发,19920327,
600604.SH,市北高新,20081217,1.3132,1.3379,1.3379,1.2885,1.2737,5.0404,23574.03,6343.5,0.06420000000000003,上海,园区开发,19920327,
600604.SH,市北高新,20081216,1.2194,1.2737,1.2836,1.1996,1.2638,0.7834,15033.63,3734.502,0.00990000000000002,上海,园区开发,19920327,
600604.SH,市北高新,20081215,1.2984,1.2638,1.3083,1.2441,1.3083,-3.4014,23936.95,6079.093,-0.044499999999999984,上海,园区开发,19920327,
600604.SH,市北高新,20081212,1.407,1.3083,1.4218,1.3083,1.3774,-5.0167,34423.09,9356.572,-0.06909999999999994,上海,园区开发,19920327,
600604.SH,市北高新,20081211,1.3329,1.3774,1.3774,1.328,1.3132,4.8888,36012.77,10027.634,0.06420000000000003,上海,园区开发,19920327,
600604.SH,市北高新,20081210,1.2243,1.3132,1.3132,1.2243,1.249,5.1401,33563.49,8824.756,0.06419999999999981,上海,园区开发,19920327,
600604.SH,市北高新,20081209,1.2934,1.249,1.3132,1.2342,1.249,0.0,36675.98,9466.129,0.0,上海,园区开发,19920327,
600604.SH,市北高新,20081208,1.1996,1.249,1.249,1.175,1.1898,4.9756,34805.79,8699.674,0.05920000000000014,上海,园区开发,19920327,
600604.SH,市北高新,20081205,1.1848,1.1898,1.2095,1.1355,1.1848,0.422,22639.72,5407.195,0.004999999999999893,上海,园区开发,19920327,
600604.SH,市北高新,20081204,1.2095,1.1848,1.2194,1.17,1.1947,-0.8287,34314.73,8261.519,-0.00990000000000002,上海,园区开发,19920327,
600604.SH,市北高新,20081203,1.175,1.1947,1.1996,1.1552,1.1602,2.9736,21690.24,5140.684,0.0345000000000002,上海,园区开发,19920327,
600604.SH,市北高新,20081202,1.1552,1.1602,1.17,1.1305,1.1898,-2.4878,14542.11,3377.226,-0.02960000000000007,上海,园区开发,19920327,
600604.SH,市北高新,20081201,1.2046,1.1898,1.2293,1.1453,1.2046,-1.2286,15289.89,3657.331,-0.014799999999999924,上海,园区开发,19920327,
600604.SH,市北高新,20081128,1.2342,1.2046,1.2342,1.1651,1.2194,-1.2137,11127.0,2672.524,-0.014800000000000146,上海,园区开发,19920327,
600604.SH,市北高新,20081127,1.2194,1.2194,1.2786,1.175,1.2194,0.0,22335.67,5537.774,0.0,上海,园区开发,19920327,
600604.SH,市北高新,20081126,1.1503,1.2194,1.2441,1.1256,1.1848,2.9203,39517.99,9188.726,0.034599999999999964,上海,园区开发,19920327,
600604.SH,市北高新,20081125,1.2836,1.1848,1.2836,1.1651,1.2243,-3.2263,65951.91,16412.281,-0.03949999999999987,上海,园区开发,19920327,
600604.SH,市北高新,20081124,1.1503,1.2243,1.2243,1.1503,1.1651,5.0811,21263.61,5253.153,0.05919999999999992,上海,园区开发,19920327,
600604.SH,市北高新,20081121,1.1058,1.1651,1.1651,1.0861,1.1108,4.8884,25856.5,6038.219,0.054300000000000015,上海,园区开发,19920327,
600604.SH,市北高新,20081120,1.0466,1.1108,1.1108,1.0367,1.0565,5.1396,21249.32,4752.537,0.054300000000000015,上海,园区开发,19920327,
600604.SH,市北高新,20081119,0.9923,1.0565,1.0565,0.9726,1.0071,4.9052,13784.3,2860.864,0.04939999999999989,上海,园区开发,19920327,
600604.SH,市北高新,20081118,1.0022,1.0071,1.0417,0.9479,0.9972,0.9928,26350.34,5282.47,0.009900000000000131,上海,园区开发,19920327,
600604.SH,市北高新,20081117,0.9577,0.9972,0.9972,0.9281,0.9479,5.201,18705.3,3670.678,0.04930000000000001,上海,园区开发,19920327,
600604.SH,市北高新,20081114,0.9232,0.9479,0.9528,0.9133,0.9182,3.2346,15775.32,2968.919,0.02969999999999995,上海,园区开发,19920327,
600604.SH,市北高新,20081113,0.8639,0.9182,0.9232,0.859,0.8788,4.4834,19626.18,3598.07,0.03939999999999999,上海,园区开发,19920327,
600604.SH,市北高新,20081112,0.8491,0.8788,0.8788,0.8393,0.8541,2.8919,12296.82,2138.474,0.024700000000000055,上海,园区开发,19920327,
600604.SH,市北高新,20081111,0.8541,0.8541,0.8689,0.8294,0.8541,0.0,11207.98,1940.149,0.0,上海,园区开发,19920327,
600604.SH,市北高新,20081110,0.8096,0.8541,0.8541,0.8096,0.8146,4.849,11549.52,1963.166,0.03949999999999998,上海,园区开发,19920327,
600604.SH,市北高新,20081107,0.7504,0.8146,0.8146,0.7504,0.785,3.7707,4380.22,708.607,0.02959999999999996,上海,园区开发,19920327,
600604.SH,市北高新,20081106,0.7899,0.785,0.7948,0.7751,0.8146,-3.6337,5989.33,948.883,-0.02959999999999996,上海,园区开发,19920327,
600604.SH,市北高新,20081105,0.7948,0.8146,0.8195,0.7899,0.7948,2.4912,6102.73,997.642,0.01980000000000004,上海,园区开发,19920327,
600604.SH,市北高新,20081104,0.7504,0.7948,0.7998,0.7504,0.78,1.8974,4055.0,640.576,0.014799999999999924,上海,园区开发,19920327,
600604.SH,市北高新,20081103,0.8146,0.78,0.8146,0.7751,0.8146,-4.2475,7771.0,1237.701,-0.034599999999999964,上海,园区开发,19920327,
600604.SH,市北高新,20081031,0.859,0.8146,0.8689,0.8146,0.859,-5.1688,8396.0,1402.976,-0.044399999999999995,上海,园区开发,19920327,
600604.SH,市北高新,20081030,0.9034,0.859,0.9034,0.8442,0.8886,-3.3311,8962.3,1573.538,-0.02959999999999996,上海,园区开发,19920327,
600604.SH,市北高新,20081029,0.938,0.8886,0.938,0.8788,0.9034,-1.6383,5594.44,1021.925,-0.014800000000000035,上海,园区开发,19920327,
600604.SH,市北高新,20081028,0.8936,0.9034,0.9232,0.8936,0.938,-3.6887,10483.88,1918.054,-0.034599999999999964,上海,园区开发,19920327,
600604.SH,市北高新,20081027,0.9824,0.938,0.9824,0.938,0.9874,-5.003,7067.0,1353.538,-0.04940000000000011,上海,园区开发,19920327,
600604.SH,市北高新,20081024,1.0022,0.9874,1.012,0.9775,1.0022,-1.4768,10339.35,2084.688,-0.014799999999999924,上海,园区开发,19920327,
600604.SH,市北高新,20081023,0.9923,1.0022,1.0071,0.9874,1.0367,-3.3279,12720.91,2553.77,-0.034499999999999975,上海,园区开发,19920327,
600604.SH,市北高新,20081022,1.0861,1.0367,1.1009,1.0318,1.0762,-3.6703,11594.93,2506.142,-0.03950000000000009,上海,园区开发,19920327,
600604.SH,市北高新,20081021,1.0515,1.0762,1.0861,1.0466,1.0515,2.349,6998.93,1511.716,0.024699999999999944,上海,园区开发,19920327,
600604.SH,市北高新,20081020,1.017,1.0515,1.0565,1.012,1.0219,2.8966,4008.03,841.206,0.02960000000000007,上海,园区开发,19920327,
600604.SH,市北高新,20081017,1.0367,1.0219,1.0713,1.012,1.0515,-2.815,5532.39,1155.08,-0.02960000000000007,上海,园区开发,19920327,
600604.SH,市北高新,20081016,1.0861,1.0515,1.096,1.0515,1.1058,-4.9105,9222.64,1983.629,-0.05429999999999979,上海,园区开发,19920327,
600604.SH,市北高新,20081015,1.091,1.1058,1.1453,1.0861,1.1453,-3.4489,5928.93,1324.368,-0.03950000000000009,上海,园区开发,19920327,
600604.SH,市北高新,20081014,1.2342,1.1453,1.2441,1.1453,1.2046,-4.9228,10379.94,2497.505,-0.05929999999999991,上海,园区开发,19920327,
600604.SH,市北高新,20081013,1.1996,1.2046,1.2688,1.1848,1.249,-3.5548,6933.0,1671.103,-0.04440000000000022,上海,园区开发,19920327,
600604.SH,市北高新,20081010,1.2589,1.249,1.2589,1.249,1.3132,-4.8888,5700.0,1443.512,-0.06419999999999981,上海,园区开发,19920327,
600604.SH,市北高新,20081009,1.3428,1.3132,1.3576,1.3083,1.3428,-2.2043,3025.66,817.488,-0.02960000000000007,上海,园区开发,19920327,
600604.SH,市北高新,20081008,1.3083,1.3428,1.3576,1.2836,1.3329,0.7427,5723.67,1536.371,0.00990000000000002,上海,园区开发,19920327,
600604.SH,市北高新,20081007,1.3428,1.3329,1.3428,1.2934,1.3626,-2.1797,7944.13,2113.689,-0.02970000000000006,上海,园区开发,19920327,
600604.SH,市北高新,20081006,1.3724,1.3626,1.3724,1.3379,1.4021,-2.8172,6256.74,1718.061,-0.03949999999999987,上海,园区开发,19920327,
600604.SH,市北高新,20080926,1.3922,1.4021,1.4169,1.3724,1.407,-0.3483,8943.91,2525.251,-0.0049000000000001265,上海,园区开发,19920327,
600604.SH,市北高新,20080925,1.3576,1.407,1.4218,1.3576,1.3922,1.0631,11205.59,3172.151,0.014799999999999924,上海,园区开发,19920327,
600604.SH,市北高新,20080924,1.3478,1.3922,1.3971,1.3329,1.4021,-0.7061,8354.1,2309.647,-0.009899999999999798,上海,园区开发,19920327,
600604.SH,市北高新,20080923,1.4317,1.4021,1.4366,1.4021,1.4761,-5.0132,9279.08,2643.492,-0.07400000000000007,上海,园区开发,19920327,
600604.SH,市北高新,20080922,1.486,1.4761,1.486,1.4218,1.4169,4.1781,17324.82,5144.821,0.05919999999999992,上海,园区开发,19920327,
600604.SH,市北高新,20080919,1.4169,1.4169,1.4169,1.4169,1.3478,5.1269,532.29,152.767,0.06909999999999994,上海,园区开发,19920327,
600604.SH,市北高新,20080918,1.3922,1.3478,1.3922,1.3478,1.4169,-4.8768,7087.0,1938.873,-0.06909999999999994,上海,园区开发,19920327,
600604.SH,市北高新,20080917,1.4712,1.4169,1.4712,1.4169,1.4909,-4.9634,9099.5,2625.18,-0.07399999999999984,上海,园区开发,19920327,
600604.SH,市北高新,20080916,1.5798,1.4909,1.5798,1.4909,1.5699,-5.0322,11660.0,3533.358,-0.07900000000000018,上海,园区开发,19920327,
600604.SH,市北高新,20080911,1.6242,1.5699,1.6242,1.5699,1.6538,-5.0732,9726.56,3108.962,-0.08389999999999986,上海,园区开发,19920327,
600604.SH,市北高新,20080910,1.6637,1.6538,1.6835,1.6143,1.6686,-0.887,10718.2,3565.963,-0.014800000000000146,上海,园区开发,19920327,
600604.SH,市北高新,20080909,1.6193,1.6686,1.6835,1.6143,1.6538,0.8949,8428.11,2828.65,0.014800000000000146,上海,园区开发,19920327,
600604.SH,市北高新,20080908,1.565,1.6538,1.6736,1.565,1.5995,3.3948,11654.6,3843.579,0.054300000000000015,上海,园区开发,19920327,
600604.SH,市北高新,20080905,1.5699,1.5995,1.6242,1.56,1.6094,-0.6151,6130.2,1970.938,-0.00990000000000002,上海,园区开发,19920327,
600604.SH,市北高新,20080904,1.5946,1.6094,1.644,1.5057,1.5798,1.8737,5102.1,1667.828,0.02959999999999985,上海,园区开发,19920327,
600604.SH,市北高新,20080903,1.6341,1.5798,1.6538,1.5502,1.6291,-3.0262,8823.47,2820.391,-0.0492999999999999,上海,园区开发,19920327,
600604.SH,市北高新,20080902,1.5452,1.6291,1.644,1.5452,1.565,4.0958,19067.14,6309.647,0.06410000000000005,上海,园区开发,19920327,
600604.SH,市北高新,20080901,1.5699,1.565,1.5699,1.5205,1.5699,-0.3121,4752.65,1487.045,-0.0049000000000001265,上海,园区开发,19920327,
600604.SH,市北高新,20080829,1.5255,1.5699,1.5798,1.5107,1.5205,3.2489,6683.35,2104.441,0.04940000000000011,上海,园区开发,19920327,
600604.SH,市北高新,20080828,1.5403,1.5205,1.5502,1.481,1.5403,-1.2855,6543.83,2010.944,-0.01980000000000004,上海,园区开发,19920327,
600604.SH,市北高新,20080827,1.5798,1.5403,1.6291,1.5057,1.5847,-2.8018,10916.78,3392.902,-0.044399999999999995,上海,园区开发,19920327,
600604.SH,市北高新,20080826,1.6637,1.5847,1.6785,1.5847,1.6686,-5.0282,7692.19,2513.216,-0.08390000000000009,上海,园区开发,19920327,
600604.SH,市北高新,20080825,1.6588,1.6686,1.6884,1.6045,1.6341,2.1113,9218.54,3100.781,0.034499999999999975,上海,园区开发,19920327,
600604.SH,市北高新,20080822,1.5995,1.6341,1.6686,1.565,1.6143,1.2265,10278.36,3368.817,0.01980000000000004,上海,园区开发,19920327,
600604.SH,市北高新,20080821,1.5847,1.6143,1.6538,1.5551,1.6094,0.3045,8851.88,2876.435,0.0049000000000001265,上海,园区开发,19920327,
600604.SH,市北高新,20080820,1.5255,1.6094,1.6094,1.481,1.5304,5.162,9950.26,3171.164,0.07899999999999996,上海,园区开发,19920327,
600604.SH,市北高新,20080819,1.5255,1.5304,1.5502,1.481,1.5502,-1.2773,6404.02,1948.739,-0.01980000000000004,上海,园区开发,19920327,
600604.SH,市北高新,20080818,1.6341,1.5502,1.639,1.5502,1.6291,-4.8432,6549.85,2076.016,-0.07889999999999997,上海,园区开发,19920327,
600604.SH,市北高新,20080815,1.644,1.6291,1.6637,1.5946,1.639,-0.604,4561.0,1513.986,-0.00990000000000002,上海,园区开发,19920327,
600604.SH,市北高新,20080814,1.5452,1.639,1.6637,1.5452,1.5995,2.4695,6838.06,2234.433,0.03950000000000009,上海,园区开发,19920327,
600604.SH,市北高新,20080813,1.5798,1.5995,1.639,1.565,1.6489,-2.9959,14114.12,4513.733,-0.04940000000000011,上海,园区开发,19920327,
600604.SH,市北高新,20080812,1.6489,1.6489,1.6884,1.6489,1.7378,-5.1157,13947.53,4668.156,-0.08889999999999998,上海,园区开发,19920327,
600604.SH,市北高新,20080811,1.8019,1.7378,1.8019,1.7378,1.8266,-4.8615,14946.0,5281.504,-0.08879999999999999,上海,园区开发,19920327,
600604.SH,市北高新,20080808,1.9599,1.8266,1.9599,1.8266,1.9204,-4.8844,18530.16,7081.83,-0.0938000000000001,上海,园区开发,19920327,
600604.SH,市北高新,20080807,1.8809,1.9204,1.9698,1.8464,1.876,2.3667,26458.16,10362.07,0.04440000000000022,上海,园区开发,19920327,
600604.SH,市北高新,20080806,1.8513,1.876,1.9007,1.8069,1.8365,2.1508,13350.1,5047.717,0.03949999999999987,上海,园区开发,19920327,
600604.SH,市北高新,20080805,1.8365,1.8365,1.8859,1.797,1.8464,-0.5362,19574.36,7307.256,-0.00990000000000002,上海,园区开发,19920327,
600604.SH,市北高新,20080804,1.7624,1.8464,1.8464,1.6884,1.7575,5.0583,36393.72,13545.599,0.08889999999999998,上海,园区开发,19920327,
600604.SH,市北高新,20080801,1.7427,1.7575,1.7871,1.7032,1.7081,2.8921,19130.34,6784.837,0.04940000000000011,上海,园区开发,19920327,
600604.SH,市北高新,20080731,1.8069,1.7081,1.8069,1.7081,1.7921,-4.6872,10375.81,3648.907,-0.08400000000000007,上海,园区开发,19920327,
600604.SH,市北高新,20080730,1.8711,1.7921,1.8711,1.7674,1.8365,-2.4176,14110.51,5157.469,-0.044399999999999995,上海,园区开发,19920327,
600604.SH,市北高新,20080729,1.7822,1.8365,1.8908,1.7723,1.8019,1.9202,27925.71,10505.517,0.034599999999999964,上海,园区开发,19920327,
600604.SH,市北高新,20080728,1.7624,1.8019,1.8365,1.7427,1.7674,1.952,12900.53,4716.093,0.034499999999999975,上海,园区开发,19920327,
600604.SH,市北高新,20080725,1.7624,1.7674,1.797,1.6983,1.7871,-1.1023,14455.54,5107.495,-0.01969999999999983,上海,园区开发,19920327,
600604.SH,市北高新,20080724,1.7773,1.7871,1.8167,1.7624,1.7773,0.5514,13037.84,4720.444,0.009799999999999809,上海,园区开发,19920327,
600604.SH,市北高新,20080723,1.7822,1.7773,1.7921,1.7279,1.7822,-0.2749,18595.09,6639.904,-0.004899999999999904,上海,园区开发,19920327,
600604.SH,市北高新,20080722,1.6933,1.7822,1.7822,1.6736,1.6983,4.9402,28376.2,10126.925,0.08390000000000009,上海,园区开发,19920327,
600604.SH,市北高新,20080721,1.6291,1.6983,1.718,1.6193,1.6538,2.6908,10458.46,3552.715,0.044499999999999984,上海,园区开发,19920327,
600604.SH,市北高新,20080718,1.6143,1.6538,1.6588,1.56,1.5798,4.6841,7762.97,2520.871,0.07399999999999984,上海,园区开发,19920327,
600604.SH,市北高新,20080717,1.6291,1.5798,1.6686,1.5748,1.6094,-1.8392,6383.3,2083.552,-0.02959999999999985,上海,园区开发,19920327,
600604.SH,市北高新,20080716,1.6835,1.6094,1.6933,1.5897,1.6736,-3.836,8632.0,2837.844,-0.06420000000000003,上海,园区开发,19920327,
600604.SH,市北高新,20080715,1.7328,1.6736,1.7526,1.6588,1.7328,-3.4164,8709.44,3006.285,-0.05919999999999992,上海,园区开发,19920327,
600604.SH,市北高新,20080714,1.6736,1.7328,1.7378,1.644,1.6835,2.9284,9314.62,3230.608,0.0492999999999999,上海,园区开发,19920327,
600604.SH,市北高新,20080711,1.6933,1.6835,1.7131,1.644,1.7279,-2.5696,13118.83,4433.205,-0.044399999999999995,上海,园区开发,19920327,
600604.SH,市北高新,20080710,1.7378,1.7279,1.7674,1.7081,1.7575,-1.6842,10115.01,3580.706,-0.02960000000000007,上海,园区开发,19920327,
600604.SH,市北高新,20080709,1.7032,1.7575,1.7773,1.7032,1.6933,3.7914,13182.64,4657.586,0.06420000000000003,上海,园区开发,19920327,
600604.SH,市北高新,20080708,1.7131,1.6933,1.7131,1.6538,1.6835,0.5821,8248.18,2811.649,0.009800000000000031,上海,园区开发,19920327,
600604.SH,市北高新,20080707,1.6045,1.6835,1.6835,1.5847,1.6045,4.9237,11775.75,3979.335,0.07899999999999996,上海,园区开发,19920327,
600604.SH,市北高新,20080704,1.6045,1.6045,1.6242,1.5551,1.6045,0.0,6971.1,2252.646,0.0,上海,园区开发,19920327,
600604.SH,市北高新,20080703,1.5551,1.6045,1.6291,1.5156,1.5748,1.886,5608.51,1799.314,0.02970000000000006,上海,园区开发,19920327,
600604.SH,市北高新,20080702,1.5502,1.5748,1.5946,1.5057,1.5551,1.2668,4700.08,1485.278,0.01970000000000005,上海,园区开发,19920327,
600604.SH,市北高新,20080701,1.639,1.5551,1.639,1.5502,1.6242,-4.2544,6727.42,2149.07,-0.06910000000000016,上海,园区开发,19920327,
600604.SH,市北高新,20080630,1.6193,1.6242,1.6736,1.6045,1.6884,-3.8024,7765.25,2552.458,-0.06419999999999981,上海,园区开发,19920327,
600604.SH,市北高新,20080627,1.7081,1.6884,1.718,1.6884,1.7773,-5.002,10232.4,3507.334,-0.0889000000000002,上海,园区开发,19920327,
600604.SH,市北高新,20080626,1.7624,1.7773,1.8167,1.7032,1.7427,1.9854,11289.26,4003.395,0.034600000000000186,上海,园区开发,19920327,
600604.SH,市北高新,20080625,1.6933,1.7427,1.7624,1.6785,1.6835,3.5165,10083.55,3534.848,0.05919999999999992,上海,园区开发,19920327,
600604.SH,市北高新,20080624,1.644,1.6835,1.7032,1.644,1.639,2.7151,6574.88,2240.233,0.044499999999999984,上海,园区开发,19920327,
600604.SH,市北高新,20080623,1.6193,1.639,1.6983,1.565,1.644,-0.3041,7904.42,2636.014,-0.004999999999999893,上海,园区开发,19920327,
600604.SH,市北高新,20080620,1.6341,1.644,1.7575,1.6341,1.718,-4.3073,19291.08,6546.269,-0.07400000000000007,上海,园区开发,19920327,
600604.SH,市北高新,20080619,1.7773,1.718,1.7773,1.718,1.8069,-4.92,8962.77,3131.03,-0.08889999999999998,上海,园区开发,19920327,
600604.SH,市北高新,20080618,1.6785,1.8069,1.8513,1.6736,1.7624,2.525,17792.05,6232.791,0.044499999999999984,上海,园区开发,19920327,
600604.SH,市北高新,20080617,1.9105,1.7624,1.9105,1.7624,1.8562,-5.0533,8236.0,2979.237,-0.0938000000000001,上海,园区开发,19920327,
600604.SH,市北高新,20080616,1.95,1.8562,1.9599,1.8562,1.955,-5.0537,13617.99,5165.72,-0.0988,上海,园区开发,19920327,
600604.SH,市北高新,20080613,2.0735,1.955,2.0932,1.955,2.0587,-5.0372,18967.23,7606.293,-0.1036999999999999,上海,园区开发,19920327,
600604.SH,市北高新,20080612,2.0735,2.0587,2.1623,2.0587,2.1673,-5.0108,23873.83,10002.083,-0.10860000000000003,上海,园区开发,19920327,
600604.SH,市北高新,20080611,2.1673,2.1673,2.1673,2.1673,2.2808,-4.9763,9344.0,4102.016,-0.11350000000000016,上海,园区开发,19920327,
600604.SH,市北高新,20080610,2.2808,2.2808,2.3006,2.2808,2.3993,-4.9389,11721.9,5419.386,-0.11850000000000005,上海,园区开发,19920327,
600604.SH,市北高新,20080606,2.5573,2.3993,2.5622,2.3944,2.5227,-4.8916,51629.89,25589.411,-0.12339999999999973,上海,园区开发,19920327,
600604.SH,市北高新,20080605,2.4042,2.5227,2.5227,2.3697,2.4042,4.9289,52355.04,26545.171,0.11850000000000005,上海,园区开发,19920327,
600604.SH,市北高新,20080604,2.3203,2.4042,2.4042,2.3203,2.2907,4.9548,59168.11,28770.846,0.11349999999999971,上海,园区开发,19920327,
600604.SH,市北高新,20080603,2.3006,2.2907,2.3499,2.2759,2.3252,-1.4837,12139.66,5683.541,-0.034499999999999975,上海,园区开发,19920327,
600604.SH,市北高新,20080602,2.2512,2.3252,2.3549,2.2265,2.2611,2.8349,18432.81,8680.477,0.06410000000000027,上海,园区开发,19920327,
600604.SH,市北高新,20080530,2.2857,2.2611,2.345,2.1771,2.2857,-1.0763,10524.0,4782.68,-0.024599999999999955,上海,园区开发,19920327,
600604.SH,市北高新,20080529,2.2808,2.2857,2.3499,2.2709,2.2857,0.0,15411.06,7220.661,0.0,上海,园区开发,19920327,
600604.SH,市北高新,20080528,2.2068,2.2857,2.3154,2.2068,2.2611,1.088,11198.27,5139.428,0.024599999999999955,上海,园区开发,19920327,
600604.SH,市北高新,20080527,2.3055,2.2611,2.345,2.2117,2.3302,-2.9654,27202.64,12346.28,-0.06910000000000016,上海,园区开发,19920327,
600604.SH,市北高新,20080526,2.3894,2.3302,2.4635,2.2709,2.3894,-2.4776,38881.91,18591.101,-0.05920000000000014,上海,园区开发,19920327,
600604.SH,市北高新,20080523,2.2857,2.3894,2.3894,2.2759,2.2759,4.987,55807.22,26906.096,0.11350000000000016,上海,园区开发,19920327,
600604.SH,市北高新,20080522,2.2512,2.2759,2.3499,2.187,2.2512,1.0972,20268.11,9400.729,0.024700000000000166,上海,园区开发,19920327,
600604.SH,市北高新,20080521,2.2611,2.2512,2.2611,2.1475,2.2611,-0.4378,24091.63,10591.027,-0.00990000000000002,上海,园区开发,19920327,
600604.SH,市北高新,20080520,2.266,2.2611,2.3944,2.2265,2.2857,-1.0763,37727.15,17807.377,-0.024599999999999955,上海,园区开发,19920327,
600604.SH,市北高新,20080519,2.2216,2.2857,2.3401,2.1475,2.2413,1.981,11356.01,5179.491,0.044399999999999995,上海,园区开发,19920327,
600604.SH,市北高新,20080516,2.2907,2.2413,2.3351,2.2068,2.2857,-1.9425,12150.69,5558.878,-0.044399999999999995,上海,园区开发,19920327,
600604.SH,市北高新,20080515,2.3302,2.2857,2.3499,2.2709,2.2709,0.6517,27203.11,12775.042,0.014799999999999702,上海,园区开发,19920327,
600604.SH,市北高新,20080514,2.1525,2.2709,2.2709,2.1376,2.1623,5.0224,26320.13,11964.034,0.10860000000000003,上海,园区开发,19920327,
600604.SH,市北高新,20080513,2.1376,2.1623,2.2216,2.1228,2.2364,-3.3134,16544.48,7303.589,-0.07410000000000005,上海,园区开发,19920327,
600604.SH,市北高新,20080512,2.187,2.2364,2.2364,2.0932,2.1969,1.798,17069.27,7450.093,0.03950000000000031,上海,园区开发,19920327,
600604.SH,市北高新,20080509,2.2314,2.1969,2.2709,2.1574,2.2413,-1.981,17934.49,8079.399,-0.044399999999999995,上海,园区开发,19920327,
600604.SH,市北高新,20080508,2.1475,2.2413,2.2512,2.1179,2.2216,0.8867,15016.46,6665.504,0.01969999999999983,上海,园区开发,19920327,
600604.SH,市北高新,20080507,2.3203,2.2216,2.3647,2.2216,2.3401,-5.0639,27506.56,12755.198,-0.11850000000000005,上海,园区开发,19920327,
600604.SH,市北高新,20080506,2.3154,2.3401,2.4339,2.2857,2.3302,0.4249,28530.45,13661.402,0.00990000000000002,上海,园区开发,19920327,
600604.SH,市北高新,20080505,2.3203,2.3302,2.3697,2.2018,2.2857,1.9469,25942.8,12018.32,0.044500000000000206,上海,园区开发,19920327,
600604.SH,市北高新,20080430,2.266,2.2857,2.3104,2.2413,2.2561,1.312,20421.8,9411.056,0.02959999999999985,上海,园区开发,19920327,
600604.SH,市北高新,20080429,2.1919,2.2561,2.2857,2.1475,2.1771,3.6287,25526.4,11633.917,0.07900000000000018,上海,园区开发,19920327,
600604.SH,市北高新,20080428,2.1278,2.1771,2.2463,2.1228,2.1919,-0.6752,16813.18,7479.792,-0.014800000000000146,上海,园区开发,19920327,
600604.SH,市北高新,20080425,2.1228,2.1919,2.2166,2.0932,2.113,3.734,37131.87,16396.266,0.07889999999999997,上海,园区开发,19920327,
600604.SH,市北高新,20080424,2.113,2.113,2.113,2.0685,2.0142,4.9052,35097.23,14975.276,0.09879999999999978,上海,园区开发,19920327,
600604.SH,市北高新,20080423,1.9254,2.0142,2.034,1.8711,1.955,3.0281,18824.48,7525.518,0.05920000000000014,上海,园区开发,19920327,
600604.SH,市北高新,20080422,1.955,1.955,1.9994,1.955,2.0587,-5.0372,13960.19,5539.733,-0.1036999999999999,上海,园区开发,19920327,
600604.SH,市北高新,20080421,2.2216,2.0587,2.266,2.0587,2.1673,-5.0108,14757.14,6280.589,-0.10860000000000003,上海,园区开发,19920327,
600604.SH,市北高新,20080417,2.2709,2.1673,2.2907,2.1673,2.2808,-4.9763,11491.54,5118.179,-0.11350000000000016,上海,园区开发,19920327,
600604.SH,市北高新,20080416,2.3845,2.2808,2.424,2.2808,2.3993,-4.9389,15258.08,7194.581,-0.11850000000000005,上海,园区开发,19920327,
600604.SH,市北高新,20080415,2.3845,2.3993,2.4487,2.3302,2.4536,-2.2131,17915.61,8526.487,-0.05429999999999957,上海,园区开发,19920327,
600604.SH,市北高新,20080414,2.5178,2.4536,2.5375,2.4536,2.582,-4.9729,9509.0,4779.795,-0.12840000000000007,上海,园区开发,19920327,
600604.SH,市北高新,20080411,2.5474,2.582,2.6264,2.5178,2.5474,1.3582,11232.04,5861.83,0.03459999999999974,上海,园区开发,19920327,
600604.SH,市北高新,20080410,2.5721,2.5474,2.577,2.4931,2.6264,-3.0079,21334.97,10853.441,-0.07899999999999974,上海,园区开发,19920327,
600604.SH,市北高新,20080409,2.7152,2.6264,2.7399,2.6264,2.7646,-4.9989,15892.5,8599.321,-0.13820000000000032,上海,园区开发,19920327,
600604.SH,市北高新,20080408,2.6313,2.7646,2.7696,2.6017,2.6363,4.8667,22113.41,12089.139,0.1283000000000003,上海,园区开发,19920327,
600604.SH,市北高新,20080407,2.4684,2.6363,2.6609,2.4388,2.5573,3.0892,18849.7,9914.553,0.07899999999999974,上海,园区开发,19920327,
600604.SH,市北高新,20080403,2.5671,2.5573,2.6165,2.5523,2.6856,-4.7773,20897.33,10871.101,-0.12829999999999986,上海,园区开发,19920327,
600604.SH,市北高新,20080402,2.8485,2.6856,2.8485,2.6856,2.8288,-5.0622,35746.97,19861.745,-0.14320000000000022,上海,园区开发,19920327,
600604.SH,市北高新,20080401,2.8288,2.8288,2.8288,2.8288,2.6955,4.9453,20933.55,11994.924,0.1333000000000002,上海,园区开发,19920327,
600604.SH,市北高新,20080331,2.7646,2.6955,2.7992,2.6955,2.8387,-5.0446,15817.25,8708.806,-0.14319999999999977,上海,园区开发,19920327,
600604.SH,市北高新,20080328,2.8189,2.8387,2.8535,2.7449,2.888,-1.7071,32777.45,18424.324,-0.04930000000000012,上海,园区开发,19920327,
600604.SH,市北高新,20080327,3.0115,2.888,3.0115,2.888,3.0411,-5.0344,27948.49,16524.412,-0.15310000000000024,上海,园区开发,19920327,
600604.SH,市北高新,20080326,3.0016,3.0411,3.0855,2.9423,2.9868,1.818,23896.9,14605.653,0.054300000000000015,上海,园区开发,19920327,
600604.SH,市北高新,20080325,3.0756,2.9868,3.0756,2.9818,3.1398,-4.8729,42266.85,25685.308,-0.15300000000000002,上海,园区开发,19920327,
600604.SH,市北高新,20080324,3.2879,3.1398,3.2978,3.1398,3.3027,-4.9323,38024.66,24679.468,-0.16290000000000004,上海,园区开发,19920327,
600604.SH,市北高新,20080321,3.3027,3.3027,3.3718,3.3027,3.4755,-4.9719,63055.35,42299.53,-0.17279999999999962,上海,园区开发,19920327,
600604.SH,市北高新,20080320,3.1842,3.4755,3.5051,3.1842,3.3521,3.6813,87009.56,57348.063,0.12339999999999973,上海,园区开发,19920327,
600604.SH,市北高新,20080319,3.3521,3.3521,3.3521,3.3521,3.5298,-5.0343,3032.0,2058.728,-0.17769999999999975,上海,园区开发,19920327,
600604.SH,市北高新,20080318,3.5298,3.5298,3.5298,3.5298,3.7174,-5.0465,659.0,471.185,-0.1876000000000002,上海,园区开发,19920327,
600604.SH,市北高新,20080314,3.7273,3.7174,3.831,3.6829,3.7026,0.3997,13642.57,10326.394,0.014800000000000146,上海,园区开发,19920327,
600604.SH,市北高新,20080313,3.9396,3.7026,3.9889,3.6335,4.0038,-7.5229,24689.19,19012.907,-0.30120000000000013,上海,园区开发,19920327,
600604.SH,市北高新,20080312,4.1716,4.0038,4.2309,3.9889,4.142,-3.3366,21947.77,18312.386,-0.13820000000000032,上海,园区开发,19920327,
600604.SH,市北高新,20080311,4.0926,4.142,4.1815,3.9495,4.1025,0.9628,20103.71,16537.817,0.03950000000000031,上海,园区开发,19920327,
600604.SH,市北高新,20080310,4.2457,4.1025,4.3444,4.0531,4.2901,-4.3729,41017.2,34720.066,-0.18759999999999977,上海,园区开发,19920327,
600604.SH,市北高新,20080307,4.0877,4.2901,4.3444,3.9643,4.1124,4.3211,81539.46,69642.499,0.17769999999999975,上海,园区开发,19920327,
600604.SH,市北高新,20080306,4.1568,4.1124,4.2703,4.1074,4.142,-0.7146,37898.68,32174.098,-0.029600000000000293,上海,园区开发,19920327,
600604.SH,市北高新,20080305,4.0482,4.142,4.1469,4.0038,4.0482,2.3171,26115.52,21603.247,0.09380000000000077,上海,园区开发,19920327,
600604.SH,市北高新,20080304,4.0926,4.0482,4.1222,3.9939,4.1074,-1.4413,33830.36,27838.433,-0.059200000000000585,上海,园区开发,19920327,
600604.SH,市北高新,20080303,3.9889,4.1074,4.1173,3.9248,4.0186,2.2097,36665.82,30105.58,0.08879999999999999,上海,园区开发,19920327,
600604.SH,市北高新,20080229,3.9248,4.0186,4.1124,3.8902,3.91,2.7775,33750.21,27566.016,0.10860000000000003,上海,园区开发,19920327,
600604.SH,市北高新,20080228,3.8754,3.91,3.9889,3.8754,3.9001,0.2538,20834.27,16589.399,0.00990000000000002,上海,园区开发,19920327,
600604.SH,市北高新,20080227,3.831,3.9001,3.9889,3.8013,3.7964,2.7315,20292.75,16058.65,0.1036999999999999,上海,园区开发,19920327,
600604.SH,市北高新,20080226,3.752,3.7964,3.7964,3.6681,3.6829,3.0818,11241.23,8493.299,0.11350000000000016,上海,园区开发,19920327,
600604.SH,市北高新,20080225,3.826,3.6829,3.8754,3.6779,3.826,-3.7402,16053.94,12147.954,-0.1431,上海,园区开发,19920327,
600604.SH,市北高新,20080222,3.9149,3.826,3.9939,3.7816,3.9149,-2.2708,21581.07,16917.401,-0.08889999999999976,上海,园区开发,19920327,
600604.SH,市北高新,20080221,3.8507,3.9149,3.9495,3.8013,3.8803,0.8917,18915.13,14861.825,0.03459999999999974,上海,园区开发,19920327,
600604.SH,市北高新,20080220,4.0235,3.8803,4.0383,3.8606,4.0284,-3.6764,27747.44,22093.392,-0.14810000000000034,上海,园区开发,19920327,
600604.SH,市北高新,20080219,3.9791,4.0284,4.0482,3.9495,4.0482,-0.4891,24521.89,19882.185,-0.01979999999999915,上海,园区开发,19920327,
600604.SH,市北高新,20080218,4.0284,4.0482,4.1173,3.9248,3.9001,3.7973,60258.24,48738.981,0.14809999999999945,上海,园区开发,19920327,
600604.SH,市北高新,20080215,3.8013,3.9001,3.9198,3.7125,3.8359,1.6737,25831.32,19996.732,0.06420000000000003,上海,园区开发,19920327,
600604.SH,市北高新,20080214,3.6286,3.8359,3.8507,3.6286,3.6286,5.7129,27518.54,21042.243,0.20730000000000004,上海,园区开发,19920327,
600604.SH,市北高新,20080213,3.5644,3.6286,3.6779,3.515,3.6039,0.6854,9008.97,6585.055,0.024700000000000166,上海,园区开发,19920327,
600604.SH,市北高新,20080205,3.6187,3.6039,3.6829,3.5644,3.6138,-0.2739,14428.7,10577.304,-0.00990000000000002,上海,园区开发,19920327,
600604.SH,市北高新,20080204,3.357,3.6138,3.6236,3.357,3.3027,9.4196,14988.05,10663.431,0.3110999999999997,上海,园区开发,19920327,
600604.SH,市北高新,20080201,3.5249,3.3027,3.5792,3.2089,3.5249,-6.3037,17215.33,11613.631,-0.22219999999999995,上海,园区开发,19920327,
600604.SH,市北高新,20080131,3.6829,3.5249,3.7273,3.4607,3.6977,-4.6732,12545.82,9226.407,-0.17280000000000006,上海,园区开发,19920327,
600604.SH,市北高新,20080130,3.6138,3.6977,3.7372,3.5348,3.6138,2.3217,20786.87,15395.249,0.08390000000000031,上海,园区开发,19920327,
600604.SH,市北高新,20080129,3.5051,3.6138,3.6483,3.5051,3.5792,0.9667,19585.46,14238.344,0.03459999999999974,上海,园区开发,19920327,
600604.SH,市北高新,20080128,3.8606,3.5792,3.905,3.5792,3.9741,-9.9368,34926.01,25865.889,-0.3948999999999998,上海,园区开发,19920327,
600604.SH,市北高新,20080125,4.0778,3.9741,4.1469,3.9741,4.0877,-2.7791,29811.74,24558.262,-0.11359999999999992,上海,园区开发,19920327,
600604.SH,市北高新,20080124,3.9001,4.0877,4.0976,3.8112,3.9001,4.8101,43556.21,34727.682,0.18759999999999977,上海,园区开发,19920327,
600604.SH,市北高新,20080123,3.7273,3.9001,3.9495,3.4558,3.8162,2.1985,34339.41,26618.852,0.08390000000000031,上海,园区开发,19920327,
600604.SH,市北高新,20080122,4.2407,3.8162,4.2407,3.8162,4.2407,-10.0101,26509.35,20979.48,-0.42450000000000054,上海,园区开发,19920327,
600604.SH,市北高新,20080121,4.4382,4.2407,4.5419,4.2062,4.4777,-5.2929,25093.43,22352.541,-0.2369999999999992,上海,园区开发,19920327,
600604.SH,市北高新,20080118,4.374,4.4777,4.5123,4.2703,4.3296,3.4206,24915.51,22160.983,0.14809999999999945,上海,园区开发,19920327,
600604.SH,市北高新,20080117,4.4728,4.3296,4.6406,4.0729,4.4974,-3.731,34945.23,31367.788,-0.16779999999999973,上海,园区开发,19920327,
600604.SH,市北高新,20080116,4.611,4.4974,4.6604,4.4925,4.6159,-2.5672,34645.15,31945.341,-0.11850000000000005,上海,园区开发,19920327,
600604.SH,市北高新,20080115,4.6702,4.6159,4.7196,4.5419,4.69,-1.58,40110.43,37483.765,-0.0741000000000005,上海,园区开发,19920327,
600604.SH,市北高新,20080114,4.7344,4.69,4.7344,4.5764,4.7344,-0.9378,38811.08,36573.408,-0.04439999999999955,上海,园区开发,19920327,
600604.SH,市北高新,20080111,4.5912,4.7344,4.7986,4.5666,4.6011,2.8971,54584.95,51966.122,0.1333000000000002,上海,园区开发,19920327,
600604.SH,市北高新,20080110,4.7147,4.6011,4.7147,4.5962,4.7591,-3.32,68374.6,64316.783,-0.15800000000000036,上海,园区开发,19920327,
600604.SH,市北高新,20080109,4.6307,4.7591,4.8381,4.5962,4.5567,4.4418,123186.39,118021.627,0.2023999999999999,上海,园区开发,19920327,
600604.SH,市北高新,20080108,4.4777,4.5567,4.6653,4.3543,4.4234,3.0135,146745.63,135192.828,0.1333000000000002,上海,园区开发,19920327,
600604.SH,市北高新,20080107,4.2802,4.4234,4.4382,4.216,4.295,2.9895,74978.82,65682.693,0.12840000000000007,上海,园区开发,19920327,
600604.SH,市北高新,20080104,4.374,4.295,4.374,4.221,4.3987,-2.3575,50858.39,44188.212,-0.1036999999999999,上海,园区开发,19920327,
600604.SH,市北高新,20080103,4.1469,4.3987,4.4185,4.142,4.1864,5.0712,104264.84,91013.635,0.21229999999999993,上海,园区开发,19920327,
600604.SH,市北高新,20080102,4.0976,4.1864,4.2358,3.9643,4.2802,-2.1915,119893.34,100070.475,-0.09379999999999988,上海,园区开发,19920327,
600604.SH,市北高新,20071228,4.4431,4.2802,4.4431,4.2703,4.453,-3.8805,42757.62,37371.472,-0.1728000000000005,上海,园区开发,19920327,
600604.SH,市北高新,20071227,4.4036,4.453,4.532,4.3345,4.3938,1.3474,52054.66,46952.889,0.059200000000000585,上海,园区开发,19920327,
600604.SH,市北高新,20071226,4.4036,4.3938,4.4481,4.3098,4.3839,0.2258,71978.8,63871.944,0.00990000000000002,上海,园区开发,19920327,
600604.SH,市北高新,20071225,4.2407,4.3839,4.4086,4.2062,4.2358,3.4964,65653.19,57767.315,0.14809999999999945,上海,园区开发,19920327,
600604.SH,市北高新,20071224,4.1568,4.2358,4.2654,4.1371,4.1568,1.9005,39275.78,33588.286,0.07900000000000063,上海,园区开发,19920327,
600604.SH,市北高新,20071221,4.0877,4.1568,4.1815,4.0729,4.1074,1.2027,25377.77,21244.933,0.049399999999999444,上海,园区开发,19920327,
600604.SH,市北高新,20071220,4.063,4.1074,4.142,4.0136,4.063,1.0928,22740.07,18866.39,0.04440000000000044,上海,园区开发,19920327,
600604.SH,市北高新,20071219,4.0136,4.063,4.1617,4.0136,3.9988,1.6055,18283.25,15116.382,0.06419999999999959,上海,园区开发,19920327,
600604.SH,市北高新,20071218,4.0531,3.9988,4.1124,3.9593,4.0877,-2.1748,20766.48,16907.233,-0.08889999999999976,上海,园区开发,19920327,
600604.SH,市北高新,20071217,4.1963,4.0877,4.2457,4.0778,4.1815,-2.2432,39473.47,33229.761,-0.09379999999999988,上海,园区开发,19920327,
600604.SH,市北高新,20071214,3.9001,4.1815,4.216,3.8359,4.0581,3.0408,57102.38,46967.191,0.12340000000000018,上海,园区开发,19920327,
600604.SH,市北高新,20071213,4.0482,4.0581,4.374,4.0482,3.9741,2.1137,107122.66,91225.79,0.08399999999999963,上海,园区开发,19920327,
600604.SH,市北高新,20071212,3.9248,3.9741,4.0334,3.8803,3.9346,1.0039,38356.19,30935.233,0.03949999999999987,上海,园区开发,19920327,
600604.SH,市北高新,20071211,3.9001,3.9346,3.9791,3.8458,3.9149,0.5032,32318.75,25608.343,0.019700000000000273,上海,园区开发,19920327,
600604.SH,市北高新,20071210,3.7372,3.9149,3.9248,3.7125,3.8112,2.7209,35167.04,27377.814,0.1036999999999999,上海,园区开发,19920327,
600604.SH,市北高新,20071207,3.7964,3.8112,3.8408,3.7421,3.7964,0.3898,22129.9,16998.325,0.014799999999999702,上海,园区开发,19920327,
600604.SH,市北高新,20071206,3.7372,3.7964,3.8458,3.6582,3.7372,1.5841,26137.5,19876.273,0.05920000000000014,上海,园区开发,19920327,
600604.SH,市北高新,20071205,3.7026,3.7372,3.752,3.6286,3.7026,0.9345,18318.69,13811.59,0.034600000000000186,上海,园区开发,19920327,
600604.SH,市北高新,20071204,3.7026,3.7026,3.7865,3.6532,3.752,-1.3166,12849.15,9646.254,-0.04939999999999989,上海,园区开发,19920327,
600604.SH,市北高新,20071203,3.7273,3.752,3.7964,3.6483,3.6483,2.8424,18260.72,13801.825,0.1036999999999999,上海,园区开发,19920327,
600604.SH,市北高新,20071130,3.6779,3.6483,3.7915,3.6187,3.7026,-1.4665,17914.29,13471.845,-0.054300000000000015,上海,园区开发,19920327,
600604.SH,市北高新,20071129,3.6088,3.7026,3.7273,3.6088,3.6236,2.1802,17448.01,13010.146,0.07899999999999974,上海,园区开发,19920327,
600604.SH,市北高新,20071128,3.5545,3.6236,3.6829,3.5545,3.5545,1.944,10138.32,7417.996,0.06910000000000016,上海,园区开发,19920327,
600604.SH,市北高新,20071127,3.6286,3.5545,3.673,3.5298,3.6335,-2.1742,13565.0,9866.699,-0.07900000000000018,上海,园区开发,19920327,
600604.SH,市北高新,20071126,3.7421,3.6335,3.8211,3.6039,3.6878,-1.4724,19879.34,15002.229,-0.054300000000000015,上海,园区开发,19920327,
600604.SH,市北高新,20071123,3.5693,3.6878,3.7026,3.4805,3.5693,3.32,16157.45,11801.518,0.11850000000000005,上海,园区开发,19920327,
600604.SH,市北高新,20071122,3.7322,3.5693,3.7322,3.5594,3.7816,-5.614,26750.15,19767.614,-0.21229999999999993,上海,园区开发,19920327,
600604.SH,市北高新,20071121,3.826,3.7816,3.9001,3.7717,3.8408,-1.5413,27661.12,21453.577,-0.05920000000000014,上海,园区开发,19920327,
600604.SH,市北高新,20071120,3.831,3.8408,3.9692,3.8063,3.9692,-3.2349,48894.11,38223.877,-0.12839999999999963,上海,园区开发,19920327,
600604.SH,市北高新,20071119,3.5891,3.9692,3.9692,3.5397,3.6088,9.9867,76048.53,59395.367,0.36039999999999983,上海,园区开发,19920327,
600604.SH,市北高新,20071116,3.6286,3.6088,3.6532,3.4805,3.6286,-0.5457,23373.57,16817.707,-0.01980000000000004,上海,园区开发,19920327,
600604.SH,市北高新,20071115,3.7075,3.6286,3.7915,3.6138,3.7816,-4.0459,32745.67,24257.803,-0.15300000000000002,上海,园区开发,19920327,
600604.SH,市北高新,20071114,3.7026,3.7816,3.831,3.6582,3.7372,1.1881,42757.96,32687.456,0.044399999999999995,上海,园区开发,19920327,
600604.SH,市北高新,20071113,3.752,3.7372,3.7865,3.5989,3.752,-0.3945,44936.21,33544.601,-0.014799999999999702,上海,园区开发,19920327,
600604.SH,市北高新,20071112,3.7026,3.752,3.8853,3.6138,3.6039,4.1094,112954.82,85721.879,0.1480999999999999,上海,园区开发,19920327,
600604.SH,市北高新,20071109,3.357,3.6039,3.6039,3.3521,3.278,9.942,34156.77,24767.828,0.32589999999999986,上海,园区开发,19920327,
600604.SH,市北高新,20071108,3.3718,3.278,3.4459,3.278,3.4015,-3.6308,16331.52,11111.501,-0.12349999999999994,上海,园区开发,19920327,
600604.SH,市北高新,20071107,3.4755,3.4015,3.5051,3.3027,3.4706,-1.991,15770.33,10782.355,-0.06910000000000016,上海,园区开发,19920327,
600604.SH,市北高新,20071106,3.4015,3.4706,3.6039,3.3867,3.4015,2.0315,18292.3,12984.628,0.06910000000000016,上海,园区开发,19920327,
600604.SH,市北高新,20071105,3.3027,3.4015,3.4311,3.2731,3.3077,2.8358,14735.56,10105.853,0.09379999999999988,上海,园区开发,19920327,
600604.SH,市北高新,20071102,3.4064,3.3077,3.4064,3.283,3.4755,-4.8281,23103.32,15564.889,-0.16779999999999973,上海,园区开发,19920327,
600604.SH,市北高新,20071101,3.6681,3.4755,3.6681,3.4558,3.6681,-5.2507,22560.91,16034.953,-0.1926000000000001,上海,园区开发,19920327,
600604.SH,市北高新,20071031,3.5496,3.6681,3.7915,3.5051,3.5496,3.3384,27787.75,20367.348,0.11850000000000005,上海,园区开发,19920327,
600604.SH,市北高新,20071030,3.357,3.5496,3.5989,3.2879,3.3472,6.0468,25524.78,17772.182,0.2023999999999999,上海,园区开发,19920327,
600604.SH,市北高新,20071029,3.3225,3.3472,3.4459,3.2435,3.3126,1.0445,17885.1,12076.702,0.03459999999999974,上海,园区开发,19920327,
600604.SH,市北高新,20071026,3.204,3.3126,3.3768,3.1102,3.204,3.3895,22631.05,14929.156,0.10860000000000003,上海,园区开发,19920327,
600604.SH,市北高新,20071025,3.5891,3.204,3.6483,3.204,3.5545,-9.8607,34334.59,23084.225,-0.3504999999999998,上海,园区开发,19920327,
600604.SH,市北高新,20071024,3.7767,3.5545,3.8013,3.5496,3.7717,-5.7587,19889.64,14659.099,-0.21720000000000006,上海,园区开发,19920327,
600604.SH,市北高新,20071023,3.7026,3.7717,3.8013,3.5644,3.6829,2.4111,16103.44,12054.051,0.08879999999999999,上海,园区开发,19920327,
600604.SH,市北高新,20071022,3.91,3.6829,3.9396,3.6779,3.984,-7.5577,24323.24,18661.421,-0.3010999999999999,上海,园区开发,19920327,
600604.SH,市北高新,20071019,4.1469,3.984,4.1469,3.9692,4.0581,-1.826,18228.61,14929.668,-0.07409999999999961,上海,园区开发,19920327,
600604.SH,市北高新,20071018,4.0976,4.0581,4.2309,4.0284,4.0976,-0.964,24941.34,20923.32,-0.03950000000000031,上海,园区开发,19920327,
600604.SH,市北高新,20071017,4.1963,4.0976,4.2407,4.0729,4.1815,-2.0065,23422.58,19656.02,-0.08389999999999986,上海,园区开发,19920327,
600604.SH,市北高新,20071016,4.0679,4.1815,4.2703,4.0136,4.0729,2.6664,28111.57,23688.989,0.10860000000000003,上海,园区开发,19920327,
600604.SH,市北高新,20071015,4.1617,4.0729,4.1617,3.9643,4.1914,-2.8272,36305.65,29827.669,-0.11850000000000005,上海,园区开发,19920327,
600604.SH,市北高新,20071012,4.3938,4.1914,4.4678,3.9988,4.4431,-5.665,63689.84,53493.05,-0.2517000000000005,上海,园区开发,19920327,
600604.SH,市北高新,20071011,4.7196,4.4431,4.764,4.3938,4.7196,-5.8585,43667.36,40164.452,-0.2764999999999995,上海,园区开发,19920327,
600604.SH,市北高新,20071010,4.6209,4.7196,4.7492,4.5419,4.5517,3.6887,49118.93,46032.658,0.1678999999999995,上海,园区开发,19920327,
600604.SH,市北高新,20071009,4.5024,4.5517,4.6653,4.3888,4.4974,1.2074,39848.0,36606.516,0.05430000000000046,上海,园区开发,19920327,
600604.SH,市北高新,20071008,4.7393,4.4974,4.7393,4.4481,4.6653,-3.5989,42959.99,39922.148,-0.16790000000000038,上海,园区开发,19920327,
600604.SH,市北高新,20070928,4.6357,4.6653,4.764,4.6258,4.6455,0.4262,40388.35,38455.12,0.01980000000000004,上海,园区开发,19920327,
600604.SH,市北高新,20070927,4.5912,4.6455,4.7591,4.5468,4.5814,1.3991,40402.36,38103.471,0.06409999999999982,上海,园区开发,19920327,
600604.SH,市北高新,20070926,4.7492,4.5814,4.8381,4.5468,4.7542,-3.6347,51688.42,48803.852,-0.17279999999999962,上海,园区开发,19920327,
600604.SH,市北高新,20070925,5.1195,4.7542,5.1343,4.7393,5.075,-6.3212,71561.33,70436.94,-0.3208000000000002,上海,园区开发,19920327,
600604.SH,市北高新,20070924,5.1343,5.075,5.4305,4.9961,5.2429,-3.2024,91842.84,96138.613,-0.1678999999999995,上海,园区开发,19920327,
600604.SH,市北高新,20070921,5.2824,5.2429,5.7218,5.1837,5.4256,-3.3674,160334.0,176918.631,-0.18270000000000053,上海,园区开发,19920327,
600604.SH,市北高新,20070920,4.9319,5.4256,5.4256,4.764,4.9319,10.0103,179831.61,185771.994,0.49370000000000047,上海,园区开发,19920327,
600604.SH,市北高新,20070919,4.6604,4.9319,5.0849,4.5666,4.6505,6.051,153108.54,151047.587,0.28139999999999965,上海,园区开发,19920327,
600604.SH,市北高新,20070918,4.5715,4.6505,4.685,4.4036,4.5666,1.8373,72234.46,66104.464,0.08389999999999986,上海,园区开发,19920327,
600604.SH,市北高新,20070917,4.6011,4.5666,4.7591,4.5468,4.6061,-0.8576,84311.61,79248.435,-0.039499999999999424,上海,园区开发,19920327,
600604.SH,市北高新,20070914,4.4185,4.6061,4.6653,4.2703,4.4234,4.1303,103325.09,94574.314,0.18269999999999964,上海,园区开发,19920327,
600604.SH,市北高新,20070913,4.3493,4.4234,4.5172,4.1963,4.3691,1.2428,68798.84,60486.371,0.05429999999999957,上海,园区开发,19920327,
600604.SH,市北高新,20070912,4.295,4.3691,4.532,4.0581,4.3395,0.6821,86287.44,74729.955,0.029600000000000293,上海,园区开发,19920327,
600604.SH,市北高新,20070911,4.7196,4.3395,4.8628,4.2457,4.5468,-4.5593,229111.06,215620.07,-0.20730000000000004,上海,园区开发,19920327,
600604.SH,市北高新,20070910,4.0729,4.5468,4.5468,3.9988,4.1321,10.0361,91894.39,80250.003,0.41469999999999985,上海,园区开发,19920327,
600604.SH,市北高新,20070907,4.3148,4.1321,4.3148,4.1272,4.3641,-5.3161,55710.5,47396.506,-0.23199999999999932,上海,园区开发,19920327,
600604.SH,市北高新,20070906,4.3296,4.3641,4.4283,4.2506,4.3148,1.1426,90625.27,79634.794,0.04929999999999968,上海,园区开发,19920327,
600604.SH,市北高新,20070905,4.2012,4.3148,4.3493,4.1765,4.1765,3.3114,78307.01,67681.531,0.1383000000000001,上海,园区开发,19920327,
600604.SH,市北高新,20070904,4.3345,4.1765,4.3888,4.1074,4.2457,-1.6299,86981.36,74368.793,-0.06920000000000037,上海,园区开发,19920327,
600604.SH,市北高新,20070831,4.1371,4.2457,4.4036,4.1371,4.0976,3.6143,131815.6,114473.055,0.14810000000000034,上海,园区开发,19920327,
600604.SH,市北高新,20070830,3.9149,4.0976,4.1716,3.8902,3.9149,4.6668,66755.07,55036.821,0.18270000000000008,上海,园区开发,19920327,
600604.SH,市北高新,20070829,3.8951,3.9149,3.9643,3.826,3.9495,-0.8761,33303.28,26218.169,-0.034600000000000186,上海,园区开发,19920327,
600604.SH,市北高新,20070828,3.9346,3.9495,3.9889,3.826,3.9593,-0.2475,34652.66,27342.529,-0.009799999999999809,上海,园区开发,19920327,
600604.SH,市北高新,20070827,4.1025,3.9593,4.1272,3.8902,4.063,-2.5523,45237.64,36437.625,-0.1036999999999999,上海,园区开发,19920327,
600604.SH,市北高新,20070824,4.1568,4.063,4.1914,4.0334,4.1321,-1.6723,51322.88,42370.207,-0.0691000000000006,上海,园区开发,19920327,
600604.SH,市北高新,20070823,4.0581,4.1321,4.2358,4.0531,4.0729,1.4535,70365.43,59219.354,0.059200000000000585,上海,园区开发,19920327,
600604.SH,市北高新,20070822,4.0136,4.0729,4.1371,3.9889,4.0877,-0.3621,55619.25,45896.943,-0.014800000000000146,上海,园区开发,19920327,
600604.SH,市北高新,20070821,4.0383,4.0877,4.0976,3.9297,3.9889,2.4769,66419.1,54000.635,0.09879999999999978,上海,园区开发,19920327,
600604.SH,市北高新,20070820,3.9495,3.9889,4.0334,3.905,3.8853,2.6665,46105.57,37085.315,0.10360000000000014,上海,园区开发,19920327,
600604.SH,市北高新,20070817,3.9495,3.8853,4.0433,3.8655,3.9495,-1.6255,30213.54,24152.691,-0.06420000000000003,上海,园区开发,19920327,
600604.SH,市北高新,20070816,3.9248,3.9495,3.9939,3.752,3.9297,0.5039,29548.85,23205.499,0.01980000000000004,上海,园区开发,19920327,
600604.SH,市北高新,20070815,4.063,3.9297,4.1173,3.8063,4.0334,-2.571,69441.8,55979.645,-0.10370000000000035,上海,园区开发,19920327,
600604.SH,市北高新,20070814,3.8112,4.0334,4.0482,3.7569,3.8112,5.8302,65962.99,53179.932,0.2222000000000004,上海,园区开发,19920327,
600604.SH,市北高新,20070813,3.8112,3.8112,3.8408,3.6335,3.7964,0.3898,40000.25,29974.444,0.014799999999999702,上海,园区开发,19920327,
600604.SH,市北高新,20070810,3.9445,3.7964,3.9445,3.6532,4.0235,-5.6443,61964.77,47621.468,-0.22710000000000008,上海,园区开发,19920327,
600604.SH,市北高新,20070809,4.1963,4.0235,4.2753,4.0087,4.0778,-1.3316,142049.77,119902.429,-0.05429999999999957,上海,园区开发,19920327,
600604.SH,市北高新,20070808,3.9544,4.0778,4.0877,3.7915,3.9346,3.6395,74617.85,59644.752,0.14319999999999977,上海,园区开发,19920327,
600604.SH,市北高新,20070807,3.9346,3.9346,4.063,3.9001,3.9396,-0.1269,61408.57,49470.961,-0.004999999999999893,上海,园区开发,19920327,
600604.SH,市北高新,20070806,3.8853,3.9396,3.9544,3.8013,3.8655,1.917,50240.17,39482.714,0.07410000000000005,上海,园区开发,19920327,
600604.SH,市北高新,20070803,3.905,3.8655,3.9643,3.8408,3.9001,-0.8872,49812.49,39299.355,-0.034600000000000186,上海,园区开发,19920327,
600604.SH,市北高新,20070802,3.8162,3.9001,3.9741,3.7026,3.8359,1.6737,59965.25,47084.957,0.06420000000000003,上海,园区开发,19920327,
600604.SH,市北高新,20070801,4.2457,3.8359,4.2457,3.8211,4.2457,-9.6521,92744.31,75255.641,-0.40980000000000016,上海,园区开发,19920327,
600604.SH,市北高新,20070731,4.0976,4.2457,4.2703,4.0729,4.0976,3.6143,113441.65,96033.572,0.14810000000000034,上海,园区开发,19920327,
600604.SH,市北高新,20070730,3.9889,4.0976,4.0976,3.9544,3.9889,2.7251,72440.22,59531.64,0.1086999999999998,上海,园区开发,19920327,
600604.SH,市北高新,20070727,4.0087,3.9889,4.0482,3.8507,4.0136,-0.6154,61400.61,49311.392,-0.024700000000000166,上海,园区开发,19920327,
600604.SH,市北高新,20070726,3.9495,4.0136,4.1173,3.9001,3.9445,1.7518,105244.76,85511.653,0.06910000000000016,上海,园区开发,19920327,
600604.SH,市北高新,20070725,3.6878,3.9445,3.9889,3.6631,3.6977,6.6744,90641.85,70270.461,0.2467999999999999,上海,园区开发,19920327,
600604.SH,市北高新,20070724,3.8013,3.6977,3.8853,3.673,3.8013,-2.7254,79765.56,60896.684,-0.10359999999999969,上海,园区开发,19920327,
600604.SH,市北高新,20070723,3.6236,3.8013,3.8507,3.6236,3.6483,4.1937,98975.09,75084.358,0.15300000000000002,上海,园区开发,19920327,
600604.SH,市北高新,20070720,3.5101,3.6483,3.6977,3.4854,3.5249,3.5008,83436.92,60954.767,0.12339999999999973,上海,园区开发,19920327,
600604.SH,市北高新,20070719,3.4262,3.5249,3.5891,3.3521,3.4262,2.8807,52190.94,37002.883,0.09870000000000001,上海,园区开发,19920327,
600604.SH,市北高新,20070718,3.4706,3.4262,3.5545,3.357,3.4656,-1.1369,38992.43,27350.222,-0.03939999999999966,上海,园区开发,19920327,
600604.SH,市北高新,20070717,3.3077,3.4656,3.5545,3.283,3.3324,3.9971,43604.53,30508.607,0.13319999999999999,上海,园区开发,19920327,
600604.SH,市北高新,20070716,3.4163,3.3324,3.5249,3.3175,3.436,-3.0151,29683.26,20580.253,-0.10360000000000014,上海,园区开发,19920327,
600604.SH,市北高新,20070713,3.4607,3.436,3.5545,3.357,3.5545,-3.3338,42374.98,29557.498,-0.11850000000000005,上海,园区开发,19920327,
600604.SH,市北高新,20070712,3.4607,3.5545,3.6977,3.3867,3.5743,-0.554,72785.51,52168.913,-0.01980000000000004,上海,园区开发,19920327,
600604.SH,市北高新,20070711,3.357,3.5743,3.6039,3.2188,3.4607,3.2826,61413.46,41691.803,0.11359999999999992,上海,园区开发,19920327,
600604.SH,市北高新,20070710,3.4558,3.4607,3.7372,3.3817,3.3965,1.8902,185971.85,134591.556,0.06420000000000003,上海,园区开发,19920327,
600604.SH,市北高新,20070709,3.204,3.3965,3.3965,3.1497,3.0855,10.0794,99966.37,67207.462,0.31099999999999994,上海,园区开发,19920327,
600604.SH,市北高新,20070706,2.8634,3.0855,3.0855,2.8387,2.8041,10.0353,86454.64,53206.745,0.2814000000000001,上海,园区开发,19920327,
600604.SH,市北高新,20070705,2.8485,2.8041,3.0608,2.7399,2.9226,-4.0546,48467.44,28658.65,-0.11850000000000005,上海,园区开发,19920327,
600604.SH,市北高新,20070704,3.1398,2.9226,3.1546,2.9127,3.125,-6.4768,30319.4,18558.701,-0.2023999999999999,上海,园区开发,19920327,
600604.SH,市北高新,20070703,3.1299,3.125,3.2089,3.0263,3.1201,0.157,42543.55,27012.914,0.0049000000000001265,上海,园区开发,19920327,
600604.SH,市北高新,20070702,2.9522,3.1201,3.125,2.9127,2.9966,4.1213,48132.88,29541.545,0.12349999999999994,上海,园区开发,19920327,
600604.SH,市北高新,20070629,3.0608,2.9966,3.204,2.9966,3.3274,-9.9417,65980.94,40563.373,-0.3308,上海,园区开发,19920327,
600604.SH,市北高新,20070628,3.7026,3.3274,3.7026,3.3274,3.6977,-10.0143,48781.5,34572.598,-0.3703000000000003,上海,园区开发,19920327,
600604.SH,市北高新,20070627,3.6286,3.6977,3.7915,3.5298,3.7619,-1.7066,45472.48,33894.295,-0.06419999999999959,上海,园区开发,19920327,
600604.SH,市北高新,20070626,3.5446,3.7619,3.7915,3.4311,3.8112,-1.2936,70571.97,50965.828,-0.04930000000000012,上海,园区开发,19920327,
600604.SH,市北高新,20070625,4.2358,3.8112,4.2358,3.8112,4.2358,-10.0241,62388.64,49400.804,-0.4246000000000003,上海,园区开发,19920327,
600604.SH,市北高新,20070622,4.142,4.2358,4.3444,3.9495,4.0679,4.1274,126228.47,106932.074,0.16790000000000038,上海,园区开发,19920327,
600604.SH,市北高新,20070621,4.1222,4.0679,4.221,3.9544,4.1815,-2.7167,53459.69,44103.43,-0.11359999999999992,上海,园区开发,19920327,
600604.SH,市北高新,20070620,4.3691,4.1815,4.5172,4.1074,4.4086,-5.1513,84379.6,74594.043,-0.22710000000000008,上海,园区开发,19920327,
600604.SH,市北高新,20070619,4.2407,4.4086,4.4876,4.0531,4.2506,3.7171,80490.02,69019.909,0.15799999999999947,上海,园区开发,19920327,
600604.SH,市北高新,20070618,4.2358,4.2506,4.3345,4.1914,4.1914,1.4124,55732.93,48025.494,0.059200000000000585,上海,园区开发,19920327,
600604.SH,市北高新,20070615,4.2309,4.1914,4.3938,4.1568,4.3197,-2.9701,56570.4,48681.877,-0.1283000000000003,上海,园区开发,19920327,
600604.SH,市北高新,20070614,4.4925,4.3197,4.5468,4.295,4.5764,-5.6092,79054.1,70750.863,-0.2566999999999995,上海,园区开发,19920327,
600604.SH,市北高新,20070613,4.4826,4.5764,4.69,4.2753,4.4678,2.4307,140659.55,128164.418,0.10859999999999914,上海,园区开发,19920327,
600604.SH,市北高新,20070612,4.2012,4.4678,4.5172,4.0383,4.1914,6.5945,138737.66,121419.516,0.27640000000000065,上海,园区开发,19920327,
600604.SH,市北高新,20070611,4.3691,4.1914,4.4925,4.1617,4.1617,0.7137,128953.26,113007.676,0.02970000000000006,上海,园区开发,19920327,
600604.SH,市北高新,20070608,4.0729,4.1617,4.216,3.9248,4.0334,3.1809,122725.97,101382.706,0.12829999999999941,上海,园区开发,19920327,
600604.SH,市北高新,20070607,3.6927,4.0334,4.0778,3.6434,3.7767,6.7969,125027.14,98123.675,0.2567000000000004,上海,园区开发,19920327,
600604.SH,市北高新,20070606,3.6631,3.7767,3.905,3.4064,3.6582,3.2393,134369.1,100514.676,0.11850000000000005,上海,园区开发,19920327,
600604.SH,市北高新,20070605,3.4706,3.6582,3.7026,3.4706,3.8557,-5.1223,113585.54,80996.6,-0.19750000000000023,上海,园区开发,19920327,
600604.SH,市北高新,20070604,3.9741,3.8557,4.1469,3.8557,4.2852,-10.0229,47718.36,37761.794,-0.42949999999999955,上海,园区开发,19920327,
600604.SH,市北高新,20070601,4.611,4.2852,4.8183,4.2852,4.7591,-9.9578,81173.03,72760.31,-0.47390000000000043,上海,园区开发,19920327,
600604.SH,市北高新,20070531,4.8381,4.7591,5.0849,4.7591,5.2873,-9.99,84390.16,82562.093,-0.5282,上海,园区开发,19920327,
600604.SH,市北高新,20070530,5.391,5.2873,5.6872,5.2873,5.8748,-10.0003,74010.12,81676.944,-0.5874999999999995,上海,园区开发,19920327,
600604.SH,市北高新,20070529,5.9735,5.8748,5.9735,5.7761,5.9933,-1.9772,98806.88,117161.259,-0.11850000000000005,上海,园区开发,19920327,
600604.SH,市北高新,20070528,6.0723,5.9933,6.1611,5.8748,6.0229,-0.4915,144236.27,174989.949,-0.029600000000000293,上海,园区开发,19920327,
600604.SH,市北高新,20070525,5.9982,6.0229,6.3438,5.8403,5.9884,0.5761,181497.88,225517.534,0.03449999999999953,上海,园区开发,19920327,
600604.SH,市北高新,20070524,5.4799,5.9884,5.9884,5.4799,5.4453,9.9737,217539.93,252872.579,0.5431000000000008,上海,园区开发,19920327,
600604.SH,市北高新,20070523,5.3416,5.4453,5.4749,5.2034,5.3416,1.9414,116461.9,126914.853,0.1036999999999999,上海,园区开发,19920327,
600604.SH,市北高新,20070522,5.47,5.3416,5.623,5.2577,5.2775,1.2146,113236.56,123891.625,0.06409999999999982,上海,园区开发,19920327,
600604.SH,市北高新,20070518,5.2775,5.2775,5.4799,5.1935,5.3762,-1.8359,68933.37,74243.614,-0.09870000000000001,上海,园区开发,19920327,
600604.SH,市北高新,20070517,5.4058,5.3762,5.628,5.3564,5.3515,0.4616,132189.97,147097.851,0.024700000000000166,上海,园区开发,19920327,
600604.SH,市北高新,20070516,4.7887,5.3515,5.3515,4.7788,4.8628,10.0498,107373.66,109526.003,0.4886999999999997,上海,园区开发,19920327,
600604.SH,市北高新,20070515,5.1837,4.8628,5.1837,4.8381,5.2281,-6.9872,99474.66,101387.735,-0.3653000000000004,上海,园区开发,19920327,
600604.SH,市北高新,20070514,5.3318,5.2281,5.4354,5.1244,5.47,-4.4223,86659.68,92557.755,-0.24189999999999934,上海,园区开发,19920327,
600604.SH,市北高新,20070511,5.1837,5.47,5.6527,5.0356,5.4305,0.7274,120807.98,131811.722,0.039499999999999424,上海,园区开发,19920327,
600604.SH,市北高新,20070510,5.8106,5.4305,5.9143,5.3071,5.4305,0.0,268495.15,303409.249,0.0,上海,园区开发,19920327,
600604.SH,市北高新,20070509,5.4305,5.4305,5.4305,5.075,4.9368,10.0004,260784.79,282393.524,0.49370000000000047,上海,园区开发,19920327,
600604.SH,市北高新,20070508,4.9368,4.9368,4.9368,4.9368,4.4876,10.0098,15879.99,15879.99,0.44920000000000027,上海,园区开发,19920327,
600604.SH,市北高新,20070430,4.2753,4.4876,4.4876,4.2457,4.0778,10.0495,151084.69,135272.521,0.4097999999999997,上海,园区开发,19920327,
600604.SH,市北高新,20070427,3.7174,4.0778,4.0778,3.7026,3.7075,9.9879,215303.51,173302.101,0.37029999999999985,上海,园区开发,19920327,
600604.SH,市北高新,20070426,3.6286,3.7075,3.7174,3.5792,3.6434,1.7593,94801.21,70266.125,0.06409999999999982,上海,园区开发,19920327,
600604.SH,市北高新,20070425,3.5397,3.6434,3.7322,3.4656,3.5298,3.2183,156678.69,114678.767,0.11360000000000037,上海,园区开发,19920327,
600604.SH,市北高新,20070424,3.5693,3.5298,3.6088,3.4805,3.5693,-1.1067,89376.84,64203.295,-0.03950000000000031,上海,园区开发,19920327,
600604.SH,市北高新,20070423,3.4656,3.5693,3.6927,3.4656,3.4015,4.9331,84116.47,61042.65,0.16780000000000017,上海,园区开发,19920327,
600604.SH,市北高新,20070420,3.2089,3.4015,3.4706,3.2089,3.2089,6.0021,84274.54,57691.746,0.1926000000000001,上海,园区开发,19920327,
600604.SH,市北高新,20070419,3.4755,3.2089,3.5051,3.1299,3.4755,-7.6708,86794.55,58266.386,-0.26659999999999995,上海,园区开发,19920327,
600604.SH,市北高新,20070418,3.4262,3.4755,3.594,3.3175,3.4064,2.0285,146893.67,102641.704,0.06909999999999972,上海,园区开发,19920327,
600604.SH,市北高新,20070417,3.0954,3.4064,3.4064,3.0855,3.0954,10.0472,190470.18,125628.504,0.31099999999999994,上海,园区开发,19920327,
600604.SH,市北高新,20070416,3.051,3.0954,3.1349,3.051,3.051,1.4553,65885.31,41130.437,0.044399999999999995,上海,园区开发,19920327,
600604.SH,市北高新,20070413,3.1497,3.051,3.1991,3.0312,3.1645,-3.5867,68003.62,43258.006,-0.11349999999999971,上海,园区开发,19920327,
600604.SH,市北高新,20070412,3.0361,3.1645,3.2089,3.0213,3.046,3.8903,110057.46,69921.579,0.11850000000000005,上海,园区开发,19920327,
600604.SH,市北高新,20070411,3.0855,3.046,3.0855,2.9868,3.1053,-1.9096,60991.66,37482.932,-0.05930000000000035,上海,园区开发,19920327,
600604.SH,市北高新,20070410,3.0213,3.1053,3.1299,2.9621,3.0559,1.6165,63492.52,39490.434,0.04940000000000033,上海,园区开发,19920327,
600604.SH,市北高新,20070409,3.0312,3.0559,3.1102,3.0065,3.0312,0.8149,62486.56,38680.415,0.024699999999999722,上海,园区开发,19920327,
600604.SH,市北高新,20070406,3.0411,3.0312,3.0756,3.0016,3.0608,-0.9671,57411.09,35213.263,-0.02959999999999985,上海,园区开发,19920327,
600604.SH,市北高新,20070405,3.0164,3.0608,3.1053,2.9966,3.0312,0.9765,58689.83,36385.32,0.02959999999999985,上海,园区开发,19920327,
600604.SH,市北高新,20070404,2.9769,3.0312,3.0756,2.9374,2.972,1.9919,60369.87,36672.451,0.05920000000000014,上海,园区开发,19920327,
600604.SH,市北高新,20070403,2.9423,2.972,3.0361,2.888,2.9127,2.0359,46905.96,28169.283,0.05929999999999991,上海,园区开发,19920327,
600604.SH,市北高新,20070402,2.888,2.9127,2.9374,2.8189,2.888,0.8553,33500.63,19601.056,0.024700000000000166,上海,园区开发,19920327,
600604.SH,市北高新,20070330,2.7646,2.888,2.9423,2.7646,2.8189,2.4513,39373.46,22938.309,0.06909999999999972,上海,园区开发,19920327,
600604.SH,市北高新,20070329,3.0361,2.8189,3.0608,2.8189,3.0361,-7.1539,68182.74,40526.291,-0.21719999999999962,上海,园区开发,19920327,
600604.SH,市北高新,20070328,3.125,3.0361,3.1694,2.888,3.1596,-3.9087,134149.88,83580.22,-0.12350000000000039,上海,园区开发,19920327,
600604.SH,市北高新,20070327,2.9374,3.1596,3.1991,2.8782,2.9868,5.7855,141949.83,87827.727,0.17280000000000006,上海,园区开发,19920327,
600604.SH,市北高新,20070326,2.8485,2.9868,3.051,2.7547,2.8634,4.3096,113247.96,66423.647,0.12340000000000018,上海,园区开发,19920327,
600604.SH,市北高新,20070323,2.7794,2.8634,2.9275,2.7399,2.7844,2.8372,107985.6,62679.988,0.07899999999999974,上海,园区开发,19920327,
600604.SH,市北高新,20070322,2.7745,2.7844,2.9522,2.7399,2.7696,0.5344,123490.51,70679.306,0.014800000000000146,上海,园区开发,19920327,
600604.SH,市北高新,20070321,2.7942,2.7696,2.8485,2.6856,2.7844,-0.5315,86236.82,48211.967,-0.014800000000000146,上海,园区开发,19920327,
600604.SH,市北高新,20070320,2.5227,2.7844,2.7844,2.503,2.5326,9.9424,145278.38,79412.557,0.25180000000000025,上海,园区开发,19920327,
600604.SH,市北高新,20070319,2.3598,2.5326,2.5375,2.3302,2.4684,2.6009,48667.89,24333.403,0.06420000000000003,上海,园区开发,19920327,
600604.SH,市北高新,20070316,2.6017,2.4684,2.6264,2.4437,2.6017,-5.1236,52024.51,26575.942,-0.1333000000000002,上海,园区开发,19920327,
600604.SH,市北高新,20070315,2.5523,2.6017,2.6758,2.5425,2.5622,1.5416,47338.56,25029.763,0.03950000000000031,上海,园区开发,19920327,
600604.SH,市北高新,20070314,2.6165,2.5622,2.6165,2.4783,2.6461,-3.1707,52489.3,27161.585,-0.08390000000000031,上海,园区开发,19920327,
600604.SH,市北高新,20070313,2.5671,2.6461,2.7301,2.5277,2.5968,1.8985,90088.69,48408.781,0.04930000000000012,上海,园区开发,19920327,
600604.SH,市北高新,20070312,2.4684,2.5968,2.6461,2.4536,2.4684,5.2018,92013.6,47690.909,0.12840000000000007,上海,园区开发,19920327,
600604.SH,市北高新,20070309,2.4684,2.4684,2.4882,2.4092,2.4832,-0.596,43919.87,21810.727,-0.014800000000000146,上海,园区开发,19920327,
600604.SH,市北高新,20070308,2.4684,2.4832,2.4931,2.3944,2.4635,0.7997,40981.29,20427.105,0.019700000000000273,上海,园区开发,19920327,
600604.SH,市北高新,20070307,2.4931,2.4635,2.498,2.4141,2.498,-1.3811,43426.83,21577.838,-0.03450000000000042,上海,园区开发,19920327,
600604.SH,市北高新,20070306,2.3203,2.498,2.5375,2.2808,2.3302,7.2011,103413.7,51453.014,0.16780000000000017,上海,园区开发,19920327,
600604.SH,市北高新,20070305,2.3252,2.3302,2.3499,2.2463,2.3795,-2.0719,58030.27,27043.989,-0.04930000000000012,上海,园区开发,19920327,
600604.SH,市北高新,20070302,2.3499,2.3795,2.4388,2.3203,2.3499,1.2596,34757.95,16782.433,0.029600000000000293,上海,园区开发,19920327,
600604.SH,市北高新,20070301,2.4536,2.3499,2.4536,2.3006,2.4536,-4.2264,54152.0,26003.388,-0.1036999999999999,上海,园区开发,19920327,
600604.SH,市北高新,20070228,2.3154,2.4536,2.4931,2.2709,2.3647,3.7595,59859.75,28898.191,0.08889999999999976,上海,园区开发,19920327,
600604.SH,市北高新,20070227,2.6264,2.3647,2.6264,2.3647,2.6264,-9.9642,77565.88,39172.611,-0.2616999999999998,上海,园区开发,19920327,
600604.SH,市北高新,20070226,2.498,2.6264,2.6511,2.498,2.4783,5.9759,79170.15,41581.38,0.1480999999999999,上海,园区开发,19920327,
600604.SH,市北高新,20070216,2.6511,2.4783,2.6511,2.4684,2.5622,-3.2745,138228.47,71835.506,-0.08389999999999986,上海,园区开发,19920327,
600604.SH,市北高新,20070215,2.5523,2.5622,2.5622,2.424,2.3302,9.9562,211403.87,107257.025,0.23199999999999976,上海,园区开发,19920327,
600604.SH,市北高新,20070214,2.1179,2.3302,2.3302,2.0883,2.1179,10.0241,169909.53,78245.246,0.21229999999999993,上海,园区开发,19920327,
600604.SH,市北高新,20070213,2.0685,2.1179,2.1327,2.0685,2.0833,1.6608,49783.21,21223.106,0.034600000000000186,上海,园区开发,19920327,
600604.SH,市北高新,20070212,2.0389,2.0833,2.0932,2.0142,2.0389,2.1776,49681.18,20771.351,0.044399999999999995,上海,园区开发,19920327,
600604.SH,市北高新,20070209,2.0735,2.0389,2.0735,2.0192,2.0784,-1.9005,42481.19,17538.913,-0.03949999999999987,上海,园区开发,19920327,
600604.SH,市北高新,20070208,2.1278,2.0784,2.1327,2.0537,2.113,-1.6375,50728.08,21450.963,-0.034600000000000186,上海,园区开发,19920327,
600604.SH,市北高新,20070207,2.0883,2.113,2.1228,2.0192,2.0685,2.1513,58985.22,24701.958,0.044500000000000206,上海,园区开发,19920327,
600604.SH,市北高新,20070206,2.0488,2.0685,2.1031,1.9747,2.0735,-0.2411,39442.18,16427.631,-0.0050000000000003375,上海,园区开发,19920327,
600604.SH,市北高新,20070205,2.0192,2.0735,2.1228,1.9352,2.029,2.1932,64443.21,26560.781,0.044500000000000206,上海,园区开发,19920327,
600604.SH,市北高新,20070202,2.0981,2.029,2.2216,2.0192,2.0488,-0.9664,158012.86,67375.478,-0.01980000000000004,上海,园区开发,19920327,
600604.SH,市北高新,20070201,1.8069,2.0488,2.0488,1.8069,1.8612,10.0795,108513.6,43866.545,0.1876,上海,园区开发,19920327,
600604.SH,市北高新,20070131,1.9895,1.8612,1.9994,1.8513,1.9994,-6.9121,58178.23,22775.026,-0.1382000000000001,上海,园区开发,19920327,
600604.SH,市北高新,20070130,2.0735,1.9994,2.1228,1.9254,1.9846,0.7457,174374.13,72059.907,0.014800000000000146,上海,园区开发,19920327,
600604.SH,市北高新,20070129,1.797,1.9846,1.9846,1.797,1.8019,10.1393,79853.5,31060.868,0.18269999999999986,上海,园区开发,19920327,
600604.SH,市北高新,20070126,1.797,1.8019,1.8365,1.6884,1.8365,-1.884,47213.85,17030.733,-0.034599999999999964,上海,园区开发,19920327,
600604.SH,市北高新,20070125,1.8711,1.8365,1.9698,1.8266,1.9056,-3.6262,75906.61,29058.949,-0.06909999999999994,上海,园区开发,19920327,
600604.SH,市北高新,20070124,1.8562,1.9056,1.9895,1.8365,1.8859,1.0446,95542.88,37078.395,0.01970000000000005,上海,园区开发,19920327,
600604.SH,市北高新,20070123,1.8069,1.8859,1.8957,1.7279,1.8118,4.0899,95993.18,35348.337,0.07409999999999983,上海,园区开发,19920327,
600604.SH,市北高新,20070122,1.7575,1.8118,1.8167,1.7427,1.7526,3.3778,93858.4,33915.559,0.05920000000000014,上海,园区开发,19920327,
600604.SH,市北高新,20070119,1.6884,1.7526,1.7674,1.6835,1.6884,3.8024,73263.61,25671.96,0.06420000000000003,上海,园区开发,19920327,
600604.SH,市北高新,20070118,1.6588,1.6884,1.6933,1.6143,1.6588,1.7844,37977.76,12734.686,0.02959999999999985,上海,园区开发,19920327,
600604.SH,市北高新,20070117,1.7032,1.6588,1.7229,1.6193,1.7131,-3.1697,48396.77,16465.655,-0.054300000000000015,上海,园区开发,19920327,
600604.SH,市北高新,20070116,1.6983,1.7131,1.7378,1.6538,1.6983,0.8715,42075.05,14449.594,0.014800000000000146,上海,园区开发,19920327,
600604.SH,市北高新,20070115,1.644,1.6983,1.6983,1.6291,1.6242,4.5622,29042.56,9813.965,0.07409999999999983,上海,园区开发,19920327,
600604.SH,市北高新,20070112,1.6933,1.6242,1.7328,1.6094,1.6983,-4.3632,34122.37,11560.557,-0.07409999999999983,上海,园区开发,19920327,
600604.SH,市北高新,20070111,1.6835,1.6983,1.7674,1.6538,1.6835,0.8791,59977.69,21032.998,0.014799999999999924,上海,园区开发,19920327,
600604.SH,市北高新,20070110,1.6538,1.6835,1.6884,1.6143,1.644,2.4027,58429.23,19586.792,0.03950000000000009,上海,园区开发,19920327,
600604.SH,市北高新,20070109,1.6686,1.644,1.6983,1.6242,1.6045,2.4618,92413.02,31199.169,0.03949999999999987,上海,园区开发,19920327,
600604.SH,市北高新,20070108,1.5452,1.6045,1.6045,1.5354,1.5403,4.168,34801.46,11073.945,0.06420000000000003,上海,园区开发,19920327,
600604.SH,市北高新,20070105,1.5304,1.5403,1.5502,1.5057,1.5403,0.0,20293.53,6279.52,0.0,上海,园区开发,19920327,
600604.SH,市北高新,20070104,1.5452,1.5403,1.5946,1.5304,1.56,-1.2628,33471.57,10457.746,-0.01970000000000005,上海,园区开发,19920327,
600604.SH,市北高新,20061229,1.5897,1.56,1.6143,1.5403,1.6193,-3.6621,30909.2,9798.006,-0.05929999999999991,上海,园区开发,19920327,
600604.SH,市北高新,20061228,1.5502,1.6193,1.6785,1.5304,1.5452,4.7955,56575.33,18424.192,0.07410000000000005,上海,园区开发,19920327,
600604.SH,市北高新,20061227,1.5748,1.5452,1.5946,1.5403,1.5847,-2.4926,17226.95,5458.658,-0.03950000000000009,上海,园区开发,19920327,
600604.SH,市北高新,20061226,1.6045,1.5847,1.6242,1.5748,1.5946,-0.6208,34241.72,11129.865,-0.00990000000000002,上海,园区开发,19920327,
600604.SH,市北高新,20061225,1.5748,1.5946,1.5995,1.5699,1.5798,0.9368,21048.67,6757.086,0.014799999999999924,上海,园区开发,19920327,
600604.SH,市北高新,20061222,1.56,1.5798,1.5897,1.5452,1.56,1.2692,20073.67,6373.474,0.01980000000000004,上海,园区开发,19920327,
600604.SH,市北高新,20061221,1.5551,1.56,1.5995,1.5551,1.565,-0.3195,16798.63,5357.098,-0.004999999999999893,上海,园区开发,19920327,
600604.SH,市北高新,20061220,1.56,1.565,1.5798,1.5304,1.5699,-0.3121,24221.01,7649.61,-0.0049000000000001265,上海,园区开发,19920327,
600604.SH,市北高新,20061219,1.5205,1.5699,1.5995,1.5156,1.5255,2.9105,32350.16,10183.986,0.044399999999999995,上海,园区开发,19920327,
600604.SH,市北高新,20061218,1.5354,1.5255,1.5403,1.5107,1.5452,-1.2749,18071.76,5582.761,-0.01969999999999983,上海,园区开发,19920327,
600604.SH,市北高新,20061215,1.5403,1.5452,1.5502,1.5107,1.5354,0.6383,14953.53,4645.727,0.009799999999999809,上海,园区开发,19920327,
600604.SH,市北高新,20061214,1.5304,1.5354,1.5452,1.5057,1.5205,0.9799,10786.42,3334.939,0.014900000000000135,上海,园区开发,19920327,
600604.SH,市北高新,20061213,1.5354,1.5205,1.5403,1.5107,1.5354,-0.9704,8600.19,2642.008,-0.014900000000000135,上海,园区开发,19920327,
600604.SH,市北高新,20061212,1.5551,1.5354,1.5551,1.5057,1.5502,-0.9547,14910.19,4594.068,-0.014799999999999924,上海,园区开发,19920327,
600604.SH,市北高新,20061211,1.481,1.5502,1.5551,1.4761,1.5156,2.2829,16001.04,4927.254,0.034599999999999964,上海,园区开发,19920327,
600604.SH,市北高新,20061208,1.5798,1.5156,1.5995,1.5156,1.5995,-5.2454,26328.17,8260.001,-0.08389999999999986,上海,园区开发,19920327,
600604.SH,市北高新,20061207,1.6193,1.5995,1.6291,1.5798,1.6637,-3.8589,41601.21,13558.13,-0.06420000000000003,上海,园区开发,19920327,
600604.SH,市北高新,20061206,1.5798,1.6637,1.6785,1.5798,1.5304,8.7101,121895.92,40407.923,0.13329999999999997,上海,园区开发,19920327,
600604.SH,市北高新,20061205,1.5107,1.5304,1.5354,1.486,1.5107,1.304,27242.68,8367.983,0.01970000000000005,上海,园区开发,19920327,
600604.SH,市北高新,20061204,1.4959,1.5107,1.5156,1.486,1.4959,0.9894,18195.49,5515.679,0.014799999999999924,上海,园区开发,19920327,
600604.SH,市北高新,20061201,1.5255,1.4959,1.5304,1.481,1.5354,-2.5726,23692.97,7220.273,-0.03950000000000009,上海,园区开发,19920327,
600604.SH,市北高新,20061130,1.4959,1.5354,1.5798,1.4959,1.4909,2.9848,38340.2,11910.528,0.044500000000000206,上海,园区开发,19920327,
600604.SH,市北高新,20061129,1.4662,1.4909,1.4959,1.4416,1.481,0.6685,12902.04,3846.203,0.009899999999999798,上海,园区开发,19920327,
600604.SH,市北高新,20061128,1.4712,1.481,1.486,1.4514,1.4712,0.6661,14233.32,4236.543,0.009800000000000031,上海,园区开发,19920327,
600604.SH,市北高新,20061127,1.4514,1.4712,1.4761,1.4416,1.4613,0.6775,12106.1,3583.937,0.00990000000000002,上海,园区开发,19920327,
600604.SH,市北高新,20061124,1.4317,1.4613,1.4712,1.4169,1.4416,1.3665,12528.66,3676.482,0.01970000000000005,上海,园区开发,19920327,
600604.SH,市北高新,20061123,1.4317,1.4416,1.4465,1.4119,1.4267,1.0444,9177.27,2660.253,0.014899999999999913,上海,园区开发,19920327,
600604.SH,市北高新,20061122,1.407,1.4267,1.4416,1.3971,1.407,1.4001,11296.74,3257.295,0.01970000000000005,上海,园区开发,19920327,
600604.SH,市北高新,20061121,1.3872,1.407,1.4119,1.3823,1.3872,1.4273,8018.84,2273.578,0.01980000000000004,上海,园区开发,19920327,
600604.SH,市北高新,20061120,1.4218,1.3872,1.4218,1.3774,1.4218,-2.4335,9614.5,2710.935,-0.034599999999999964,上海,园区开发,19920327,
600604.SH,市北高新,20061117,1.407,1.4218,1.4317,1.3922,1.4119,0.7012,6471.29,1852.9,0.00990000000000002,上海,园区开发,19920327,
600604.SH,市北高新,20061116,1.4317,1.4119,1.4317,1.3971,1.4267,-1.0374,7560.22,2165.167,-0.014800000000000146,上海,园区开发,19920327,
600604.SH,市北高新,20061115,1.4317,1.4267,1.4366,1.3971,1.4218,0.3446,8233.16,2371.126,0.0049000000000001265,上海,园区开发,19920327,
600604.SH,市北高新,20061114,1.407,1.4218,1.4218,1.3675,1.407,1.0519,8505.22,2405.321,0.014799999999999924,上海,园区开发,19920327,
600604.SH,市北高新,20061113,1.4613,1.407,1.4761,1.3971,1.4712,-4.3638,14249.8,4118.601,-0.06420000000000003,上海,园区开发,19920327,
600604.SH,市北高新,20061110,1.5255,1.4712,1.5354,1.4662,1.5354,-4.1813,16321.81,4948.013,-0.06420000000000003,上海,园区开发,19920327,
600604.SH,市北高新,20061109,1.5107,1.5354,1.5403,1.5107,1.5205,0.9799,6367.94,1968.088,0.014900000000000135,上海,园区开发,19920327,
600604.SH,市北高新,20061108,1.5304,1.5205,1.5452,1.5057,1.5403,-1.2855,7827.84,2411.527,-0.01980000000000004,上海,园区开发,19920327,
600604.SH,市北高新,20061107,1.565,1.5403,1.5798,1.5107,1.56,-1.2628,15933.45,4931.8,-0.01970000000000005,上海,园区开发,19920327,
600604.SH,市北高新,20061106,1.5897,1.56,1.5897,1.5551,1.6045,-2.7734,14548.8,4615.313,-0.044499999999999984,上海,园区开发,19920327,
600604.SH,市北高新,20061103,1.6242,1.6045,1.644,1.5897,1.6291,-1.51,28124.15,9175.172,-0.024599999999999955,上海,园区开发,19920327,
600604.SH,市北高新,20061102,1.5798,1.6291,1.6341,1.5403,1.5748,3.4481,24838.57,8049.135,0.054300000000000015,上海,园区开发,19920327,
600604.SH,市北高新,20061101,1.565,1.5748,1.5946,1.5551,1.5798,-0.3165,10046.79,3196.957,-0.0050000000000001155,上海,园区开发,19920327,
600604.SH,市北高新,20061031,1.565,1.5798,1.5946,1.5502,1.565,0.9457,11443.22,3636.915,0.014800000000000146,上海,园区开发,19920327,
600604.SH,市北高新,20061030,1.5847,1.565,1.6045,1.5205,1.5897,-1.5538,16097.06,5068.591,-0.024699999999999944,上海,园区开发,19920327,
600604.SH,市北高新,20061027,1.6637,1.5897,1.6637,1.56,1.6637,-4.4479,28748.32,9363.07,-0.07400000000000007,上海,园区开发,19920327,
600604.SH,市北高新,20061026,1.7279,1.6637,1.7279,1.6588,1.7279,-3.7155,24644.54,8424.013,-0.06420000000000003,上海,园区开发,19920327,
600604.SH,市北高新,20061025,1.6933,1.7279,1.7279,1.6785,1.6983,1.7429,43819.86,15167.37,0.02960000000000007,上海,园区开发,19920327,
600604.SH,市北高新,20061024,1.6637,1.6983,1.7081,1.6291,1.6785,1.1796,28928.29,9865.006,0.019799999999999818,上海,园区开发,19920327,
600604.SH,市北高新,20061023,1.6785,1.6785,1.7328,1.6686,1.6538,1.4935,70888.44,24441.237,0.024700000000000166,上海,园区开发,19920327,
600604.SH,市北高新,20061020,1.6588,1.6538,1.6686,1.6341,1.6686,-0.887,14068.08,4707.41,-0.014800000000000146,上海,园区开发,19920327,
600604.SH,市北高新,20061019,1.6341,1.6686,1.6835,1.6094,1.6341,2.1113,24056.85,7999.108,0.034499999999999975,上海,园区开发,19920327,
600604.SH,市北高新,20061018,1.6242,1.6341,1.6341,1.6094,1.6242,0.6095,9155.23,3010.03,0.00990000000000002,上海,园区开发,19920327,
600604.SH,市北高新,20061017,1.639,1.6242,1.6538,1.6094,1.6538,-1.7898,11817.09,3911.233,-0.02959999999999985,上海,园区开发,19920327,
600604.SH,市北高新,20061016,1.639,1.6538,1.6686,1.639,1.6489,0.2972,8835.95,2954.653,0.004899999999999904,上海,园区开发,19920327,
600604.SH,市北高新,20061013,1.6588,1.6489,1.6835,1.639,1.639,0.604,11949.83,4024.136,0.00990000000000002,上海,园区开发,19920327,
600604.SH,市北高新,20061012,1.6686,1.639,1.6686,1.639,1.6686,-1.7739,16042.39,5363.944,-0.02960000000000007,上海,园区开发,19920327,
600604.SH,市北高新,20061011,1.6686,1.6686,1.6835,1.644,1.6835,-0.8851,14041.59,4726.633,-0.014899999999999913,上海,园区开发,19920327,
600604.SH,市北高新,20061010,1.6538,1.6835,1.6884,1.6341,1.6538,1.7959,20298.89,6839.951,0.02970000000000006,上海,园区开发,19920327,
600604.SH,市北高新,20061009,1.644,1.6538,1.6538,1.6193,1.6193,2.1306,13894.2,4619.097,0.034499999999999975,上海,园区开发,19920327,
600604.SH,市北高新,20060929,1.6193,1.6193,1.6341,1.6143,1.6143,0.3097,14025.0,4609.48,0.004999999999999893,上海,园区开发,19920327,
600604.SH,市北高新,20060928,1.6242,1.6143,1.644,1.6045,1.6242,-0.6095,13998.97,4606.774,-0.00990000000000002,上海,园区开发,19920327,
600604.SH,市北高新,20060927,1.6045,1.6242,1.6291,1.5995,1.5995,1.5442,9456.06,3087.453,0.024700000000000166,上海,园区开发,19920327,
600604.SH,市北高新,20060926,1.6538,1.5995,1.6686,1.5946,1.6489,-2.9959,16658.96,5437.496,-0.04940000000000011,上海,园区开发,19920327,
600604.SH,市北高新,20060925,1.644,1.6489,1.6785,1.6242,1.644,0.2981,16915.35,5638.487,0.0049000000000001265,上海,园区开发,19920327,
600604.SH,市北高新,20060922,1.6835,1.644,1.6835,1.639,1.6933,-2.9115,23139.29,7768.366,-0.04930000000000012,上海,园区开发,19920327,
600604.SH,市北高新,20060921,1.7131,1.6933,1.718,1.6835,1.7081,-0.8665,11445.05,3927.482,-0.014799999999999924,上海,园区开发,19920327,
600604.SH,市北高新,20060920,1.7081,1.7081,1.7328,1.6785,1.7081,0.0,14771.86,5106.823,0.0,上海,园区开发,19920327,
600604.SH,市北高新,20060919,1.6983,1.7081,1.7427,1.6835,1.718,-0.5763,25846.42,8965.942,-0.00990000000000002,上海,园区开发,19920327,
600604.SH,市北高新,20060918,1.6686,1.718,1.7526,1.639,1.6736,2.653,31323.96,10702.662,0.044399999999999995,上海,园区开发,19920327,
600604.SH,市北高新,20060915,1.6588,1.6736,1.6884,1.6588,1.6588,0.8922,9724.03,3308.205,0.014799999999999924,上海,园区开发,19920327,
600604.SH,市北高新,20060914,1.6686,1.6588,1.6736,1.639,1.6736,-0.8843,11652.5,3892.513,-0.014799999999999924,上海,园区开发,19920327,
600604.SH,市北高新,20060913,1.718,1.6736,1.7229,1.6637,1.7229,-2.8615,13666.7,4664.257,-0.04930000000000012,上海,园区开发,19920327,
600604.SH,市北高新,20060912,1.7279,1.7229,1.7328,1.7032,1.7279,-0.2894,13570.48,4728.119,-0.004999999999999893,上海,园区开发,19920327,
600604.SH,市北高新,20060911,1.6736,1.7279,1.7279,1.6637,1.6736,3.2445,15746.16,5424.458,0.054300000000000015,上海,园区开发,19920327,
600604.SH,市北高新,20060908,1.6686,1.6736,1.6983,1.6588,1.6686,0.2997,8739.97,2974.768,0.004999999999999893,上海,园区开发,19920327,
600604.SH,市北高新,20060907,1.7032,1.6686,1.7229,1.6489,1.7081,-2.3125,16452.45,5585.884,-0.03949999999999987,上海,园区开发,19920327,
600604.SH,市北高新,20060906,1.7328,1.7081,1.7328,1.6884,1.718,-0.5763,11018.5,3803.167,-0.00990000000000002,上海,园区开发,19920327,
600604.SH,市北高新,20060905,1.7279,1.718,1.7427,1.6884,1.7229,-0.2844,18369.9,6358.603,-0.0049000000000001265,上海,园区开发,19920327,
600604.SH,市北高新,20060904,1.6884,1.7229,1.7476,1.6785,1.6933,1.7481,15970.11,5548.991,0.02960000000000007,上海,园区开发,19920327,
600604.SH,市北高新,20060901,1.7674,1.6933,1.7674,1.6835,1.7723,-4.4575,27356.33,9496.405,-0.07899999999999996,上海,园区开发,19920327,
600604.SH,市北高新,20060831,1.7575,1.7723,1.7723,1.7279,1.7624,0.5617,25707.1,9091.838,0.00990000000000002,上海,园区开发,19920327,
600604.SH,市北高新,20060830,1.7674,1.7624,1.7674,1.7229,1.7723,-0.5586,25722.96,9095.437,-0.00990000000000002,上海,园区开发,19920327,
600604.SH,市北高新,20060829,1.7674,1.7723,1.8019,1.7476,1.7773,-0.2813,38529.54,13837.548,-0.0050000000000001155,上海,园区开发,19920327,
600604.SH,市北高新,20060828,1.7279,1.7773,1.797,1.6933,1.7229,3.1575,39713.72,14054.595,0.054400000000000004,上海,园区开发,19920327,
600604.SH,市北高新,20060825,1.7575,1.7229,1.7674,1.6983,1.7575,-1.9687,22466.74,7909.905,-0.034599999999999964,上海,园区开发,19920327,
600604.SH,市北高新,20060824,1.7032,1.7575,1.7575,1.6785,1.7131,2.5918,26166.38,9164.675,0.044399999999999995,上海,园区开发,19920327,
600604.SH,市北高新,20060823,1.7279,1.7131,1.7674,1.6884,1.7378,-1.4213,27344.46,9534.733,-0.024699999999999944,上海,园区开发,19920327,
600604.SH,市北高新,20060822,1.7279,1.7378,1.7921,1.6983,1.7279,0.5729,43161.83,15382.242,0.00990000000000002,上海,园区开发,19920327,
600604.SH,市北高新,20060821,1.6143,1.7279,1.7279,1.5798,1.6835,2.6374,26789.06,9082.498,0.044399999999999995,上海,园区开发,19920327,
600604.SH,市北高新,20060818,1.6983,1.6835,1.7378,1.6686,1.7229,-2.2868,31011.62,10692.517,-0.0394000000000001,上海,园区开发,19920327,
600604.SH,市北高新,20060817,1.7229,1.7229,1.8316,1.7032,1.7032,1.1566,122054.99,43758.941,0.01970000000000005,上海,园区开发,19920327,
600604.SH,市北高新,20060816,1.6193,1.7032,1.7081,1.6193,1.639,3.917,34334.42,11624.949,0.06420000000000003,上海,园区开发,19920327,
600604.SH,市北高新,20060815,1.5699,1.639,1.644,1.56,1.5798,3.7473,18884.96,6150.935,0.05919999999999992,上海,园区开发,19920327,
600604.SH,市北高新,20060814,1.6785,1.5798,1.6884,1.5699,1.6637,-5.043,25990.94,8479.165,-0.08389999999999986,上海,园区开发,19920327,
600604.SH,市北高新,20060811,1.6933,1.6637,1.6933,1.6291,1.6785,-0.8817,21555.22,7242.016,-0.014800000000000146,上海,园区开发,19920327,
600604.SH,市北高新,20060810,1.639,1.6785,1.7081,1.6341,1.6341,2.7171,31805.6,10822.513,0.044399999999999995,上海,园区开发,19920327,
600604.SH,市北高新,20060809,1.6045,1.6341,1.644,1.5699,1.6094,1.5347,25012.32,8181.81,0.024700000000000166,上海,园区开发,19920327,
600604.SH,市北高新,20060808,1.5107,1.6094,1.6094,1.5107,1.5156,6.189,25844.46,8182.829,0.09379999999999988,上海,园区开发,19920327,
600604.SH,市北高新,20060807,1.5798,1.5156,1.6094,1.486,1.6094,-5.8283,28274.38,8781.592,-0.09379999999999988,上海,园区开发,19920327,
600604.SH,市北高新,20060804,1.6686,1.6094,1.7131,1.6045,1.6637,-3.2638,28246.13,9543.685,-0.054300000000000015,上海,园区开发,19920327,
600604.SH,市北高新,20060803,1.5995,1.6637,1.6637,1.5995,1.5946,4.3334,24230.69,8044.057,0.06909999999999994,上海,园区开发,19920327,
600604.SH,市北高新,20060802,1.644,1.5946,1.6983,1.5798,1.6736,-4.7204,37818.31,12394.274,-0.07899999999999996,上海,园区开发,19920327,
600604.SH,市北高新,20060801,1.8167,1.6736,1.8217,1.6538,1.8365,-8.8701,75221.54,26098.937,-0.16290000000000004,上海,园区开发,19920327,
600604.SH,市北高新,20060731,1.7773,1.8365,1.9155,1.7773,1.7427,5.3825,203745.68,75869.457,0.0938000000000001,上海,园区开发,19920327,
600604.SH,市北高新,20060728,1.6785,1.7427,1.7526,1.6736,1.6785,3.8248,65261.12,22709.817,0.06419999999999981,上海,园区开发,19920327,
600604.SH,市北高新,20060727,1.718,1.6785,1.7279,1.6538,1.7131,-2.0197,23702.66,8062.313,-0.034599999999999964,上海,园区开发,19920327,
600604.SH,市北高新,20060726,1.6686,1.7131,1.7427,1.644,1.6538,3.5857,41729.44,14342.51,0.05930000000000013,上海,园区开发,19920327,
600604.SH,市北高新,20060725,1.6785,1.6538,1.6983,1.644,1.6489,0.2972,26010.27,8793.615,0.004899999999999904,上海,园区开发,19920327,
600604.SH,市北高新,20060724,1.6094,1.6489,1.6588,1.5551,1.6242,1.5207,21222.98,6968.983,0.024699999999999944,上海,园区开发,19920327,
600604.SH,市北高新,20060721,1.5897,1.6242,1.6489,1.5897,1.5798,2.8105,21231.28,6952.261,0.044399999999999995,上海,园区开发,19920327,
600604.SH,市北高新,20060720,1.5847,1.5798,1.6045,1.56,1.5847,-0.3092,13077.46,4193.801,-0.004899999999999904,上海,园区开发,19920327,
600604.SH,市北高新,20060719,1.639,1.5847,1.6538,1.5551,1.6538,-4.1783,19984.54,6427.08,-0.06909999999999994,上海,园区开发,19920327,
600604.SH,市北高新,20060718,1.5946,1.6538,1.6588,1.5946,1.5946,3.7125,35440.0,11752.703,0.05919999999999992,上海,园区开发,19920327,
600604.SH,市北高新,20060717,1.5304,1.5946,1.5946,1.5107,1.5403,3.5253,17657.35,5611.329,0.054300000000000015,上海,园区开发,19920327,
600604.SH,市北高新,20060714,1.5057,1.5403,1.5748,1.481,1.5205,1.3022,24504.49,7617.384,0.01980000000000004,上海,园区开发,19920327,
600604.SH,市北高新,20060713,1.6686,1.5205,1.6835,1.5156,1.6785,-9.4132,39755.17,12854.908,-0.15800000000000014,上海,园区开发,19920327,
600604.SH,市北高新,20060712,1.7032,1.6785,1.7427,1.6538,1.7229,-2.5771,41565.82,14205.126,-0.044399999999999995,上海,园区开发,19920327,
600604.SH,市北高新,20060711,1.7526,1.7229,1.8217,1.718,1.7279,-0.2894,61928.74,22143.874,-0.004999999999999893,上海,园区开发,19920327,
600604.SH,市北高新,20060710,1.6785,1.7279,1.7279,1.6291,1.6736,3.2445,33848.02,11444.902,0.054300000000000015,上海,园区开发,19920327,
600604.SH,市北高新,20060707,1.7229,1.6736,1.7378,1.6489,1.7229,-2.8615,42460.58,14438.841,-0.04930000000000012,上海,园区开发,19920327,
600604.SH,市北高新,20060706,1.718,1.7229,1.7476,1.6835,1.7131,0.5721,46970.74,16348.475,0.009800000000000031,上海,园区开发,19920327,
600604.SH,市北高新,20060705,1.644,1.7131,1.7378,1.5897,1.644,4.2032,67730.96,23160.798,0.06910000000000016,上海,园区开发,19920327,
600604.SH,市北高新,20060704,1.6983,1.644,1.7032,1.6094,1.6933,-2.9115,56110.87,18870.362,-0.04930000000000012,上海,园区开发,19920327,
600604.SH,市北高新,20060703,1.6193,1.6933,1.7674,1.5798,1.6143,4.8938,101872.83,34615.837,0.07899999999999996,上海,园区开发,19920327,
600604.SH,市北高新,20060630,1.56,1.6143,1.644,1.5255,1.5551,3.8068,63050.95,20276.519,0.05920000000000014,上海,园区开发,19920327,
600604.SH,市北高新,20060629,1.4959,1.5551,1.5847,1.4959,1.4909,4.3061,50976.25,16072.924,0.06420000000000003,上海,园区开发,19920327,
600604.SH,市北高新,20060628,1.4909,1.4909,1.5008,1.4662,1.5057,-0.9829,14126.76,4245.306,-0.014800000000000146,上海,园区开发,19920327,
600604.SH,市北高新,20060627,1.5156,1.5057,1.5156,1.4712,1.5156,-0.6532,13780.88,4170.008,-0.00990000000000002,上海,园区开发,19920327,
600604.SH,市北高新,20060626,1.4761,1.5156,1.5156,1.4712,1.481,2.3363,16994.99,5170.932,0.034599999999999964,上海,园区开发,19920327,
600604.SH,市北高新,20060623,1.4959,1.481,1.4959,1.4366,1.4959,-0.9961,20675.12,6136.76,-0.014899999999999913,上海,园区开发,19920327,
600604.SH,市北高新,20060622,1.5304,1.4959,1.5502,1.4712,1.5502,-3.5028,26758.31,8101.074,-0.054300000000000015,上海,园区开发,19920327,
600604.SH,市北高新,20060621,1.5304,1.5502,1.6045,1.5304,1.5304,1.2938,36777.35,11671.496,0.01980000000000004,上海,园区开发,19920327,
600604.SH,市北高新,20060620,1.5452,1.5304,1.5452,1.5057,1.5452,-0.9578,20835.55,6420.88,-0.014799999999999924,上海,园区开发,19920327,
600604.SH,市北高新,20060619,1.5156,1.5452,1.5551,1.4959,1.565,-1.2652,35480.0,10978.104,-0.01980000000000004,上海,园区开发,19920327,
600604.SH,市北高新,20060616,1.486,1.565,1.6291,1.486,1.481,5.6718,82011.87,25973.496,0.08399999999999985,上海,园区开发,19920327,
600604.SH,市北高新,20060615,1.4218,1.481,1.486,1.4218,1.4267,3.806,45130.69,13430.383,0.054300000000000015,上海,园区开发,19920327,
600604.SH,市北高新,20060614,1.4366,1.4267,1.4366,1.3872,1.4366,-0.6891,11954.24,3426.626,-0.00990000000000002,上海,园区开发,19920327,
600604.SH,市北高新,20060613,1.4021,1.4366,1.4366,1.3774,1.4021,2.4606,20926.51,5989.191,0.0345000000000002,上海,园区开发,19920327,
600604.SH,市北高新,20060612,1.3428,1.4021,1.4021,1.3329,1.3576,3.2778,13906.08,3866.004,0.044499999999999984,上海,园区开发,19920327,
600604.SH,市北高新,20060609,1.407,1.3576,1.4416,1.3428,1.4119,-3.8459,19932.43,5634.312,-0.054300000000000015,上海,园区开发,19920327,
600604.SH,市北高新,20060608,1.4218,1.4119,1.4267,1.3181,1.4366,-1.7193,28654.5,7968.915,-0.024700000000000166,上海,园区开发,19920327,
600604.SH,市北高新,20060607,1.5946,1.4366,1.6045,1.4366,1.5946,-9.9084,38712.22,11756.482,-0.15799999999999992,上海,园区开发,19920327,
600604.SH,市北高新,20060606,1.6242,1.5946,1.6538,1.5798,1.6193,-1.5254,33240.74,10851.687,-0.024699999999999944,上海,园区开发,19920327,
600604.SH,市北高新,20060605,1.5798,1.6193,1.639,1.5354,1.5847,2.1834,40399.63,13087.5,0.034599999999999964,上海,园区开发,19920327,
600604.SH,市北高新,20060602,1.5502,1.5847,1.6489,1.5107,1.5452,2.5563,73263.45,23426.636,0.03950000000000009,上海,园区开发,19920327,
600604.SH,市北高新,20060601,1.4712,1.5452,1.5452,1.4514,1.4761,4.6813,47094.93,14426.125,0.06909999999999994,上海,园区开发,19920327,
600604.SH,市北高新,20060531,1.5156,1.4761,1.565,1.4613,1.5205,-2.9201,45942.92,14150.376,-0.044399999999999995,上海,园区开发,19920327,
600604.SH,市北高新,20060530,1.5255,1.5205,1.5551,1.4959,1.5255,-0.3278,41433.72,12827.571,-0.0050000000000001155,上海,园区开发,19920327,
600604.SH,市北高新,20060529,1.481,1.5255,1.5502,1.4317,1.4712,3.6909,53598.18,16312.668,0.054300000000000015,上海,园区开发,19920327,
600604.SH,市北高新,20060526,1.5008,1.4712,1.5057,1.4465,1.481,-0.6617,31137.19,9290.608,-0.009800000000000031,上海,园区开发,19920327,
600604.SH,市北高新,20060525,1.4317,1.481,1.486,1.407,1.4169,4.524,37701.19,11049.984,0.06410000000000005,上海,园区开发,19920327,
600604.SH,市北高新,20060524,1.3774,1.4169,1.4416,1.3724,1.3872,2.141,34545.62,9789.707,0.02970000000000006,上海,园区开发,19920327,
600604.SH,市北高新,20060523,1.5057,1.3872,1.5057,1.3823,1.5057,-7.8701,35008.74,10245.35,-0.11850000000000005,上海,园区开发,19920327,
600604.SH,市北高新,20060522,1.4564,1.5057,1.5304,1.4564,1.4465,4.0926,47162.12,14296.727,0.05920000000000014,上海,园区开发,19920327,
600604.SH,市北高新,20060519,1.4021,1.4465,1.481,1.3971,1.4021,3.1667,34439.78,10079.147,0.044399999999999995,上海,园区开发,19920327,
600604.SH,市北高新,20060518,1.3083,1.4021,1.4317,1.3083,1.4514,-3.3967,29682.77,8336.249,-0.04930000000000012,上海,园区开发,19920327,
600604.SH,市北高新,20060517,1.4317,1.4514,1.4761,1.3774,1.5255,-4.8574,43661.08,12656.453,-0.07410000000000005,上海,园区开发,19920327,
600604.SH,市北高新,20060515,1.481,1.5255,1.5551,1.4169,1.481,3.0047,87168.0,26215.574,0.044499999999999984,上海,园区开发,19920327,
600604.SH,市北高新,20060512,1.3626,1.481,1.481,1.3626,1.3478,9.8828,129417.79,37670.011,0.13319999999999999,上海,园区开发,19920327,
600604.SH,市北高新,20060511,1.2984,1.3478,1.3823,1.2737,1.3132,2.6348,55388.77,14998.182,0.034600000000000186,上海,园区开发,19920327,
600604.SH,市北高新,20060510,1.2934,1.3132,1.3231,1.2638,1.2934,1.5308,28157.61,7414.565,0.019799999999999818,上海,园区开发,19920327,
600604.SH,市北高新,20060509,1.2342,1.2934,1.3132,1.2293,1.2441,3.9627,28487.98,7318.44,0.04930000000000012,上海,园区开发,19920327,
600604.SH,市北高新,20060508,1.2293,1.2441,1.254,1.1848,1.2293,1.2039,21067.39,5250.378,0.014799999999999924,上海,园区开发,19920327,
600604.SH,市北高新,20060428,1.2391,1.2293,1.249,1.1996,1.2342,-0.397,17929.23,4495.668,-0.004899999999999904,上海,园区开发,19920327,
600604.SH,市北高新,20060427,1.1996,1.2342,1.2737,1.1947,1.2194,1.2137,19453.79,4859.08,0.014799999999999924,上海,园区开发,19920327,
600604.SH,市北高新,20060426,1.1602,1.2194,1.2342,1.1355,1.1799,3.3477,25668.34,6188.104,0.03950000000000009,上海,园区开发,19920327,
600604.SH,市北高新,20060425,1.2441,1.1799,1.249,1.1799,1.3083,-9.8143,42253.9,10247.522,-0.12840000000000007,上海,园区开发,19920327,
600604.SH,市北高新,20060424,1.4317,1.3083,1.4366,1.3083,1.4514,-9.8594,45195.51,12162.517,-0.1431,上海,园区开发,19920327,
600604.SH,市北高新,20060421,1.3922,1.4514,1.486,1.3774,1.3823,4.9989,95743.89,27530.429,0.06909999999999994,上海,园区开发,19920327,
600604.SH,市北高新,20060420,1.3675,1.3823,1.4021,1.3527,1.3675,1.0823,22766.8,6353.027,0.014800000000000146,上海,园区开发,19920327,
600604.SH,市北高新,20060419,1.3922,1.3675,1.3922,1.3527,1.3922,-1.7742,13762.09,3815.518,-0.024700000000000166,上海,园区开发,19920327,
600604.SH,市北高新,20060418,1.3823,1.3922,1.3922,1.3576,1.3922,0.0,17218.04,4797.024,0.0,上海,园区开发,19920327,
600604.SH,市北高新,20060417,1.3626,1.3922,1.407,1.3576,1.3626,2.1723,23535.19,6606.149,0.02960000000000007,上海,园区开发,19920327,
600604.SH,市北高新,20060414,1.3329,1.3626,1.3724,1.3181,1.3329,2.2282,14211.34,3881.823,0.02970000000000006,上海,园区开发,19920327,
600604.SH,市北高新,20060413,1.3922,1.3329,1.3922,1.3329,1.3922,-4.2594,22963.7,6347.988,-0.05930000000000013,上海,园区开发,19920327,
600604.SH,市北高新,20060412,1.407,1.3922,1.407,1.3823,1.407,-1.0519,17045.36,4796.523,-0.014799999999999924,上海,园区开发,19920327,
600604.SH,市北高新,20060411,1.4169,1.407,1.4218,1.3872,1.4218,-1.0409,23332.98,6629.725,-0.014799999999999924,上海,园区开发,19920327,
600604.SH,市北高新,20060410,1.407,1.4218,1.4218,1.3774,1.4021,1.405,24199.51,6875.803,0.01970000000000005,上海,园区开发,19920327,
600604.SH,市北高新,20060407,1.4169,1.4021,1.4169,1.3823,1.4267,-1.7243,32149.17,9079.153,-0.024600000000000177,上海,园区开发,19920327,
600604.SH,市北高新,20060406,1.4465,1.4267,1.4959,1.4267,1.4317,-0.3492,95452.13,28352.11,-0.004999999999999893,上海,园区开发,19920327,
600604.SH,市北高新,20060405,1.3626,1.4317,1.4416,1.3478,1.3724,4.3209,58428.75,16598.814,0.05929999999999991,上海,园区开发,19920327,
600604.SH,市北高新,20060404,1.3872,1.3724,1.3971,1.3527,1.3774,-0.363,21568.07,5971.791,-0.004999999999999893,上海,园区开发,19920327,
600604.SH,市北高新,20060403,1.3428,1.3774,1.3823,1.3428,1.328,3.7199,44819.21,12427.072,0.04939999999999989,上海,园区开发,19920327,
600604.SH,市北高新,20060331,1.3478,1.328,1.3478,1.3083,1.3428,-1.1022,16030.88,4307.177,-0.014799999999999924,上海,园区开发,19920327,
600604.SH,市北高新,20060330,1.3379,1.3428,1.3675,1.3329,1.3478,-0.371,15379.66,4198.865,-0.0050000000000001155,上海,园区开发,19920327,
600604.SH,市北高新,20060329,1.3428,1.3478,1.3823,1.3379,1.3478,0.0,23001.82,6346.369,0.0,上海,园区开发,19920327,
600604.SH,市北高新,20060328,1.3527,1.3478,1.3626,1.3231,1.3478,0.0,16854.68,4580.572,0.0,上海,园区开发,19920327,
600604.SH,市北高新,20060327,1.3231,1.3478,1.3478,1.3132,1.328,1.491,13405.99,3617.515,0.01980000000000004,上海,园区开发,19920327,
600604.SH,市北高新,20060324,1.3379,1.328,1.3527,1.3083,1.3379,-0.74,21709.22,5851.38,-0.00990000000000002,上海,园区开发,19920327,
600604.SH,市北高新,20060323,1.3428,1.3379,1.3626,1.3231,1.3675,-2.1645,27084.7,7351.831,-0.02959999999999985,上海,园区开发,19920327,
600604.SH,市北高新,20060322,1.3379,1.3675,1.3774,1.2984,1.3527,1.0941,40120.28,10903.644,0.014799999999999924,上海,园区开发,19920327,
600604.SH,市北高新,20060321,1.3971,1.3527,1.4416,1.3478,1.3872,-2.487,99359.93,27907.504,-0.034499999999999975,上海,园区开发,19920327,
600604.SH,市北高新,20060320,1.2589,1.3872,1.3872,1.254,1.2589,10.1914,102552.87,27744.686,0.12830000000000008,上海,园区开发,19920327,
600604.SH,市北高新,20060317,1.2391,1.2589,1.2836,1.2145,1.2441,1.1896,29801.54,7555.976,0.014799999999999924,上海,园区开发,19920327,
600604.SH,市北高新,20060316,1.2441,1.2441,1.2589,1.2243,1.2441,0.0,15049.48,3782.758,0.0,上海,园区开发,19920327,
600604.SH,市北高新,20060315,1.2342,1.2441,1.249,1.2194,1.249,-0.3923,14193.42,3545.942,-0.0049000000000001265,上海,园区开发,19920327,
600604.SH,市北高新,20060314,1.2342,1.249,1.2688,1.1848,1.249,0.0,33418.91,8281.542,0.0,上海,园区开发,19920327,
600604.SH,市北高新,20060313,1.2786,1.249,1.2885,1.2391,1.2688,-1.5605,110098.67,28155.528,-0.019799999999999818,上海,园区开发,19920327,
600604.SH,市北高新,20060310,1.2243,1.2688,1.2786,1.2243,1.2342,2.8034,64087.2,16361.03,0.034599999999999964,上海,园区开发,19920327,
600604.SH,市北高新,20060309,1.2342,1.2342,1.2688,1.2194,1.249,-1.1849,16202.75,4062.355,-0.014800000000000146,上海,园区开发,19920327,
600604.SH,市北高新,20060308,1.2194,1.249,1.2836,1.1848,1.2342,1.1992,20212.64,5121.656,0.014800000000000146,上海,园区开发,19920327,
600604.SH,市北高新,20060307,1.2095,1.2342,1.2737,1.1996,1.2145,1.6221,23151.05,5849.085,0.01970000000000005,上海,园区开发,19920327,
600604.SH,市北高新,20060306,1.2688,1.2145,1.2688,1.1947,1.2737,-4.6479,11813.0,2937.839,-0.05920000000000014,上海,园区开发,19920327,
600604.SH,市北高新,20060303,1.3231,1.2737,1.3231,1.249,1.8711,-31.9277,37796.06,9760.557,-0.5973999999999999,上海,园区开发,19920327,
600604.SH,市北高新,20060111,1.3238,1.3859,1.3896,1.3201,1.3238,4.691,18827.1,6912.696,0.06209999999999982,上海,园区开发,19920327,
600604.SH,市北高新,20060110,1.3164,1.3238,1.342,1.3055,1.3128,0.8379,9770.28,3533.369,0.01100000000000012,上海,园区开发,19920327,
600604.SH,市北高新,20060109,1.3347,1.3128,1.3347,1.2982,1.3238,-0.8309,7017.11,2524.399,-0.01100000000000012,上海,园区开发,19920327,
600604.SH,市北高新,20060106,1.2799,1.3238,1.342,1.2799,1.3018,1.69,13442.14,4779.373,0.02200000000000002,上海,园区开发,19920327,
600604.SH,市北高新,20060105,1.3018,1.3018,1.3457,1.2799,1.3091,-0.5576,13264.3,4750.488,-0.007299999999999862,上海,园区开发,19920327,
600604.SH,市北高新,20060104,1.2689,1.3091,1.3494,1.2579,1.2762,2.578,20416.71,7391.415,0.03289999999999993,上海,园区开发,19920327,
600604.SH,市北高新,20051230,1.2433,1.2762,1.2835,1.2323,1.2543,1.746,17207.5,5972.227,0.02190000000000003,上海,园区开发,19920327,
600604.SH,市北高新,20051229,1.2141,1.2543,1.2616,1.2141,1.225,2.3918,12891.91,4338.962,0.02929999999999988,上海,园区开发,19920327,
600604.SH,市北高新,20051228,1.1702,1.225,1.225,1.1702,1.1848,3.393,15164.62,5005.447,0.040200000000000014,上海,园区开发,19920327,
600604.SH,市北高新,20051227,1.1665,1.1848,1.225,1.1446,1.1665,1.5688,18000.65,5822.917,0.018299999999999983,上海,园区开发,19920327,
600604.SH,市北高新,20051226,1.1811,1.1665,1.1958,1.1482,1.1738,-0.6219,26586.45,8468.008,-0.007299999999999862,上海,园区开发,19920327,
600604.SH,市北高新,20051223,1.0824,1.1738,1.1775,1.0788,1.0714,9.5576,29732.12,9207.761,0.10240000000000005,上海,园区开发,19920327,
600604.SH,市北高新,20051209,1.0056,1.0714,1.0824,1.002,0.9983,7.3224,18013.23,5210.593,0.07309999999999994,上海,园区开发,19920327,
600604.SH,市北高新,20051208,1.0093,0.9983,1.0093,0.9873,1.0093,-1.0899,2934.3,800.706,-0.01100000000000012,上海,园区开发,19920327,
600604.SH,市北高新,20051207,1.0056,1.0093,1.0166,0.9873,1.0056,0.3679,2988.28,820.691,0.0037000000000000366,上海,园区开发,19920327,
600604.SH,市北高新,20051206,0.991,1.0056,1.0202,0.9617,0.991,1.4733,4964.0,1347.173,0.014600000000000057,上海,园区开发,19920327,
600604.SH,市北高新,20051205,1.0276,0.991,1.0422,0.991,1.0276,-3.5617,3918.0,1083.357,-0.03660000000000008,上海,园区开发,19920327,
600604.SH,市北高新,20051202,1.0385,1.0276,1.0568,1.0276,1.0532,-2.4307,3496.0,993.314,-0.025599999999999845,上海,园区开发,19920327,
600604.SH,市北高新,20051201,1.0458,1.0532,1.0568,1.0385,1.0568,-0.3407,2216.01,637.129,-0.0036000000000000476,上海,园区开发,19920327,
600604.SH,市北高新,20051130,1.0458,1.0568,1.0605,1.0312,1.0458,1.0518,2680.33,766.313,0.010999999999999899,上海,园区开发,19920327,
600604.SH,市北高新,20051129,1.0714,1.0458,1.0714,1.0458,1.0788,-3.059,4344.0,1254.347,-0.03299999999999992,上海,园区开发,19920327,
600604.SH,市北高新,20051128,1.0788,1.0788,1.0788,1.0532,1.0605,1.7256,3762.55,1095.908,0.018299999999999983,上海,园区开发,19920327,
600604.SH,市北高新,20051125,1.0788,1.0605,1.0788,1.0605,1.0751,-1.358,5823.0,1696.268,-0.014599999999999946,上海,园区开发,19920327,
600604.SH,市北高新,20051124,1.0788,1.0751,1.0934,1.0678,1.0824,-0.6744,4095.01,1207.899,-0.007300000000000084,上海,园区开发,19920327,
600604.SH,市北高新,20051123,1.0678,1.0824,1.1044,1.0495,1.0751,0.679,6793.34,2013.439,0.007300000000000084,上海,园区开发,19920327,
600604.SH,市北高新,20051122,1.1153,1.0751,1.1263,1.0751,1.1299,-4.85,11623.78,3499.286,-0.05479999999999996,上海,园区开发,19920327,
600604.SH,市北高新,20051121,1.0897,1.1299,1.1519,1.0678,1.0934,3.3382,24010.05,7345.022,0.03649999999999998,上海,园区开发,19920327,
600604.SH,市北高新,20051118,1.0934,1.0934,1.1117,1.0678,1.0824,1.0163,21171.59,6329.647,0.010999999999999899,上海,园区开发,19920327,
600604.SH,市北高新,20051117,1.0605,1.0824,1.0861,1.0532,1.0605,2.0651,13157.88,3874.069,0.02190000000000003,上海,园区开发,19920327,
600604.SH,市北高新,20051116,1.0422,1.0605,1.0678,1.0166,1.0495,1.0481,6447.03,1824.645,0.010999999999999899,上海,园区开发,19920327,
600604.SH,市北高新,20051115,1.0349,1.0495,1.0751,1.0239,1.0349,1.4108,9840.76,2840.584,0.014600000000000168,上海,园区开发,19920327,
600604.SH,市北高新,20051114,1.0166,1.0349,1.0349,1.0056,1.0166,1.8001,3244.93,906.367,0.018299999999999983,上海,园区开发,19920327,
600604.SH,市北高新,20051111,0.9873,1.0166,1.0349,0.98,1.0093,0.7233,6035.99,1662.828,0.007299999999999862,上海,园区开发,19920327,
600604.SH,市北高新,20051110,1.0422,1.0093,1.0532,0.9983,1.0605,-4.8279,8189.29,2298.576,-0.05119999999999991,上海,园区开发,19920327,
600604.SH,市北高新,20051109,1.0897,1.0605,1.1373,1.0568,1.0934,-3.009,16209.29,4894.863,-0.03289999999999993,上海,园区开发,19920327,
600604.SH,市北高新,20051108,1.0641,1.0934,1.1007,1.0495,1.0641,2.7535,12073.58,3567.456,0.02929999999999988,上海,园区开发,19920327,
600604.SH,市北高新,20051107,1.0166,1.0641,1.0751,1.0166,1.0202,4.3031,13695.66,3948.316,0.04390000000000005,上海,园区开发,19920327,
600604.SH,市北高新,20051104,1.0056,1.0202,1.0312,0.9946,1.0129,0.7207,5044.4,1396.728,0.007300000000000084,上海,园区开发,19920327,
600604.SH,市北高新,20051103,1.0312,1.0129,1.0422,1.002,1.0312,-1.7746,5981.37,1668.122,-0.018299999999999983,上海,园区开发,19920327,
600604.SH,市北高新,20051102,0.9983,1.0312,1.0458,0.9873,0.9983,3.2956,8796.58,2464.012,0.03289999999999993,上海,园区开发,19920327,
600604.SH,市北高新,20051101,1.0239,0.9983,1.0239,0.9508,1.0239,-2.5002,6796.98,1829.511,-0.025600000000000067,上海,园区开发,19920327,
600604.SH,市北高新,20051031,0.991,1.0239,1.0276,0.98,0.9946,2.9459,10355.81,2840.551,0.029299999999999993,上海,园区开发,19920327,
600604.SH,市北高新,20051028,1.0312,0.9946,1.0788,0.9508,1.0495,-5.2311,10727.02,2943.53,-0.05490000000000006,上海,园区开发,19920327,
600604.SH,市北高新,20051027,1.097,1.0495,1.097,1.0239,1.097,-4.33,9376.66,2742.985,-0.047499999999999876,上海,园区开发,19920327,
600604.SH,市北高新,20051026,1.1409,1.097,1.1665,1.0861,1.1665,-5.958,15887.38,4860.669,-0.06950000000000012,上海,园区开发,19920327,
600604.SH,市北高新,20051025,1.1738,1.1665,1.1885,1.1629,1.1885,-1.8511,9459.45,3027.67,-0.021999999999999797,上海,园区开发,19920327,
600604.SH,市北高新,20051024,1.1848,1.1885,1.1994,1.1629,1.1885,0.0,8280.27,2674.16,0.0,上海,园区开发,19920327,
600604.SH,市北高新,20051021,1.1885,1.1885,1.1994,1.1811,1.1885,0.0,8706.14,2829.855,0.0,上海,园区开发,19920327,
600604.SH,市北高新,20051020,1.2067,1.1885,1.2067,1.1592,1.2104,-1.8093,13320.45,4308.24,-0.02190000000000003,上海,园区开发,19920327,
600604.SH,市北高新,20051019,1.2214,1.2104,1.2799,1.2067,1.2287,-1.4894,16073.57,5456.891,-0.018299999999999983,上海,园区开发,19920327,
600604.SH,市北高新,20051018,1.1848,1.2287,1.2397,1.1848,1.2067,1.8232,15819.34,5262.854,0.021999999999999797,上海,园区开发,19920327,
600604.SH,市北高新,20051017,1.1702,1.2067,1.2214,1.1665,1.1811,2.1675,11776.44,3857.96,0.025600000000000067,上海,园区开发,19920327,
600604.SH,市北高新,20051014,1.2067,1.1811,1.2287,1.1592,1.2579,-6.1054,21023.0,6889.359,-0.07679999999999998,上海,园区开发,19920327,
600604.SH,市北高新,20051013,1.2543,1.2579,1.3164,1.2543,1.2433,1.1743,29377.27,10340.498,0.014599999999999946,上海,园区开发,19920327,
600604.SH,市北高新,20051012,1.2323,1.2433,1.2543,1.1994,1.2579,-1.1607,21365.01,7185.741,-0.014599999999999946,上海,园区开发,19920327,
600604.SH,市北高新,20051011,1.2067,1.2579,1.2653,1.1592,1.2616,-0.2933,33708.26,11131.106,-0.0037000000000000366,上海,园区开发,19920327,
600604.SH,市北高新,20051010,1.3823,1.2616,1.3823,1.2616,1.4006,-9.9243,23185.13,8141.833,-0.139,上海,园区开发,19920327,
600604.SH,市北高新,20050930,1.4079,1.4006,1.4773,1.3494,1.4079,-0.5185,120510.11,47118.614,-0.007299999999999862,上海,园区开发,19920327,
600604.SH,市北高新,20050929,1.2726,1.4079,1.4079,1.247,1.2799,10.0008,92354.47,34490.793,0.1279999999999999,上海,园区开发,19920327,
600604.SH,市北高新,20050928,1.2067,1.2799,1.3018,1.1885,1.2031,6.3835,39129.83,13590.237,0.07679999999999998,上海,园区开发,19920327,
600604.SH,市北高新,20050927,1.1885,1.2031,1.2506,1.1885,1.1738,2.4962,19756.91,6590.901,0.029300000000000104,上海,园区开发,19920327,
600604.SH,市北高新,20050926,1.1629,1.1738,1.1775,1.1555,1.1665,0.6258,4126.56,1315.76,0.007299999999999862,上海,园区开发,19920327,
600604.SH,市北高新,20050923,1.1702,1.1665,1.1885,1.1629,1.1738,-0.6219,7110.1,2287.74,-0.007299999999999862,上海,园区开发,19920327,
600604.SH,市北高新,20050922,1.247,1.1738,1.2506,1.1592,1.2543,-6.4179,13483.64,4414.948,-0.08050000000000002,上海,园区开发,19920327,
600604.SH,市北高新,20050921,1.3091,1.2543,1.3091,1.2543,1.3091,-4.1861,10737.05,3738.592,-0.05479999999999996,上海,园区开发,19920327,
600604.SH,市北高新,20050920,1.3164,1.3091,1.3164,1.2762,1.3128,-0.2818,14686.56,5183.573,-0.0037000000000000366,上海,园区开发,19920327,
600604.SH,市北高新,20050919,1.2835,1.3128,1.3201,1.2835,1.2945,1.4137,12045.09,4297.948,0.018299999999999983,上海,园区开发,19920327,
600604.SH,市北高新,20050916,1.3091,1.2945,1.3091,1.2835,1.3091,-1.1153,8581.3,3034.592,-0.014599999999999946,上海,园区开发,19920327,
600604.SH,市北高新,20050915,1.2982,1.3091,1.3347,1.2982,1.3055,0.2758,13551.83,4891.628,0.0035999999999998256,上海,园区开发,19920327,
600604.SH,市北高新,20050914,1.2945,1.3055,1.3201,1.2908,1.2945,0.8497,11551.37,4115.336,0.01100000000000012,上海,园区开发,19920327,
600604.SH,市北高新,20050913,1.2653,1.2945,1.2945,1.2653,1.2653,2.3078,9525.84,3335.292,0.029199999999999893,上海,园区开发,19920327,
600604.SH,市北高新,20050912,1.2982,1.2653,1.2982,1.2543,1.2945,-2.2557,9779.01,3390.932,-0.029199999999999893,上海,园区开发,19920327,
600604.SH,市北高新,20050909,1.2982,1.2945,1.3457,1.2908,1.3091,-1.1153,11914.26,4278.723,-0.014599999999999946,上海,园区开发,19920327,
600604.SH,市北高新,20050908,1.3238,1.3091,1.3457,1.2908,1.3238,-1.1104,13647.76,4916.382,-0.014700000000000157,上海,园区开发,19920327,
600604.SH,市北高新,20050907,1.2945,1.3238,1.3384,1.2799,1.3055,1.4018,18004.43,6440.188,0.018299999999999983,上海,园区开发,19920327,
600604.SH,市北高新,20050906,1.3896,1.3055,1.4042,1.2835,1.3859,-5.8013,41098.12,15136.15,-0.0803999999999998,上海,园区开发,19920327,
600604.SH,市北高新,20050905,1.2616,1.3859,1.3896,1.2287,1.2908,7.3675,43068.91,15551.035,0.09509999999999996,上海,园区开发,19920327,
600604.SH,市北高新,20050902,1.247,1.2908,1.353,1.2323,1.2616,2.3145,35460.5,12707.753,0.029199999999999893,上海,园区开发,19920327,
600604.SH,市北高新,20050901,1.2067,1.2616,1.2908,1.2067,1.1958,5.5026,27065.11,9345.901,0.06580000000000008,上海,园区开发,19920327,
600604.SH,市北高新,20050831,1.1738,1.1958,1.2177,1.1373,1.1848,0.9284,12774.82,4140.702,0.010999999999999899,上海,园区开发,19920327,
600604.SH,市北高新,20050830,1.2726,1.1848,1.2726,1.1738,1.2799,-7.4303,13521.75,4509.14,-0.09509999999999996,上海,园区开发,19920327,
600604.SH,市北高新,20050829,1.2067,1.2799,1.2799,1.1921,1.2397,3.2427,20971.28,7164.315,0.040200000000000014,上海,园区开发,19920327,
600604.SH,市北高新,20050826,1.3164,1.2397,1.3347,1.2287,1.3164,-5.8265,30219.83,10456.496,-0.07669999999999999,上海,园区开发,19920327,
600604.SH,市北高新,20050825,1.2214,1.3164,1.3164,1.2067,1.2141,8.426,39353.6,13737.844,0.10230000000000006,上海,园区开发,19920327,
600604.SH,市北高新,20050824,1.1336,1.2141,1.2177,1.1299,1.1263,7.7954,31912.95,10405.587,0.08779999999999988,上海,园区开发,19920327,
600604.SH,市北高新,20050823,1.119,1.1263,1.1519,1.108,1.1336,-0.644,11217.17,3477.056,-0.007299999999999862,上海,园区开发,19920327,
600604.SH,市北高新,20050822,1.1263,1.1336,1.1446,1.1007,1.1409,-0.6398,15617.96,4799.66,-0.007300000000000084,上海,园区开发,19920327,
600604.SH,市北高新,20050819,1.1336,1.1409,1.2067,1.1044,1.1885,-4.005,33895.52,10588.395,-0.047599999999999865,上海,园区开发,19920327,
600604.SH,市北高新,20050818,1.2908,1.1885,1.3859,1.1629,1.2908,-7.9253,45233.59,16562.052,-0.10230000000000006,上海,园区开发,19920327,
600604.SH,市北高新,20050817,1.2433,1.2908,1.3164,1.2141,1.2579,2.6155,39042.53,13622.742,0.03289999999999993,上海,园区开发,19920327,
600604.SH,市北高新,20050816,1.2177,1.2579,1.3347,1.1885,1.2323,2.0774,37574.39,12875.414,0.025600000000000067,上海,园区开发,19920327,
600604.SH,市北高新,20050815,1.236,1.2323,1.247,1.1519,1.2579,-2.0351,31922.79,10530.444,-0.025600000000000067,上海,园区开发,19920327,
600604.SH,市北高新,20050812,1.1629,1.2579,1.2762,1.1629,1.1592,8.5145,65218.68,22101.483,0.09870000000000001,上海,园区开发,19920327,
600604.SH,市北高新,20050811,1.1446,1.1592,1.2397,1.1044,1.1299,2.5931,39710.17,12730.847,0.029300000000000104,上海,园区开发,19920327,
600604.SH,市北高新,20050810,1.119,1.1299,1.1555,1.097,1.1299,0.0,48094.2,14799.131,0.0,上海,园区开发,19920327,
600604.SH,市北高新,20050809,1.0239,1.1299,1.1299,1.0093,1.0276,9.9552,48251.66,14142.981,0.10229999999999984,上海,园区开发,19920327,
600604.SH,市北高新,20050808,0.9873,1.0276,1.0495,0.9873,0.9983,2.935,33179.07,9321.417,0.029300000000000104,上海,园区开发,19920327,
600604.SH,市北高新,20050805,0.9727,0.9983,1.0056,0.9727,0.98,1.8673,17033.42,4620.567,0.018299999999999983,上海,园区开发,19920327,
600604.SH,市北高新,20050804,1.0202,0.98,1.0202,0.9764,1.0276,-4.6322,17934.33,4872.726,-0.04760000000000009,上海,园区开发,19920327,
600604.SH,市北高新,20050803,1.0166,1.0276,1.0385,0.9764,1.0276,0.0,35053.75,9741.408,0.0,上海,园区开发,19920327,
600604.SH,市北高新,20050802,0.9983,1.0276,1.0276,0.9654,1.0202,0.7253,32056.7,8730.47,0.007400000000000073,上海,园区开发,19920327,
600604.SH,市北高新,20050801,1.0714,1.0202,1.0751,0.9873,1.0349,-1.4204,54563.02,15252.797,-0.014699999999999935,上海,园区开发,19920327,
600604.SH,市北高新,20050729,1.0239,1.0349,1.0349,0.98,0.9398,10.1192,62240.07,17168.565,0.09509999999999996,上海,园区开发,19920327,
600604.SH,市北高新,20050728,0.9398,0.9398,0.9398,0.9398,0.8557,9.8282,16468.31,4232.356,0.08409999999999995,上海,园区开发,19920327,
600604.SH,市北高新,20050727,0.8264,0.8557,0.8593,0.8228,0.8228,3.9985,9209.08,2118.613,0.03290000000000004,上海,园区开发,19920327,
600604.SH,市北高新,20050726,0.7972,0.8228,0.8337,0.7862,0.7899,4.1651,6155.19,1373.944,0.03289999999999993,上海,园区开发,19920327,
600604.SH,市北高新,20050725,0.8045,0.7899,0.8045,0.7789,0.8082,-2.2643,4150.38,900.029,-0.018299999999999983,上海,园区开发,19920327,
600604.SH,市北高新,20050722,0.7935,0.8082,0.8191,0.7935,0.7899,2.3167,5209.3,1152.934,0.018299999999999983,上海,园区开发,19920327,
600604.SH,市北高新,20050721,0.8008,0.7899,0.8118,0.7826,0.8118,-2.6977,3512.29,762.487,-0.02189999999999992,上海,园区开发,19920327,
600604.SH,市北高新,20050720,0.8228,0.8118,0.8374,0.8045,0.7935,2.3062,6059.99,1361.864,0.018299999999999983,上海,园区开发,19920327,
600604.SH,市北高新,20050719,0.7862,0.7935,0.7935,0.7606,0.7789,1.8744,3347.4,712.578,0.014599999999999946,上海,园区开发,19920327,
600604.SH,市北高新,20050718,0.8008,0.7789,0.8082,0.7643,0.8155,-4.488,4445.01,949.875,-0.036599999999999966,上海,园区开发,19920327,
600604.SH,市北高新,20050715,0.8776,0.8155,0.8776,0.8082,0.8886,-8.2264,6849.0,1581.322,-0.07309999999999994,上海,园区开发,19920327,
600604.SH,市北高新,20050714,0.8557,0.8886,0.9069,0.8374,0.852,4.2958,19283.09,4614.744,0.036599999999999966,上海,园区开发,19920327,
600604.SH,市北高新,20050713,0.8337,0.852,0.863,0.8228,0.8374,1.7435,8842.56,2049.866,0.014599999999999946,上海,园区开发,19920327,
600604.SH,市北高新,20050712,0.7752,0.8374,0.8374,0.7752,0.7899,6.0134,6061.31,1334.853,0.04749999999999999,上海,园区开发,19920327,
600604.SH,市北高新,20050711,0.8082,0.7899,0.8411,0.7862,0.8045,-1.8148,3288.0,726.022,-0.014599999999999946,上海,园区开发,19920327,
600604.SH,市北高新,20050708,0.8484,0.8045,0.8484,0.8045,0.8557,-5.9834,3236.99,723.109,-0.05120000000000002,上海,园区开发,19920327,
600604.SH,市北高新,20050707,0.8484,0.8557,0.863,0.8118,0.852,0.4343,3029.44,695.052,0.0037000000000000366,上海,园区开发,19920327,
600604.SH,市北高新,20050706,0.8776,0.852,0.8776,0.8447,0.863,-1.2746,1430.26,334.091,-0.01100000000000001,上海,园区开发,19920327,
600604.SH,市北高新,20050705,0.8593,0.863,0.8813,0.8557,0.8776,-1.6636,1781.76,422.675,-0.014600000000000057,上海,园区开发,19920327,
600604.SH,市北高新,20050704,0.9142,0.8776,0.9288,0.8411,0.9288,-5.5125,2731.09,648.939,-0.05119999999999991,上海,园区开发,19920327,
600604.SH,市北高新,20050701,0.9691,0.9288,0.9983,0.9105,0.9727,-4.5132,5639.48,1477.492,-0.04390000000000005,上海,园区开发,19920327,
600604.SH,市北高新,20050630,1.002,0.9727,1.002,0.9691,0.9983,-2.5644,2680.0,717.749,-0.025599999999999956,上海,园区开发,19920327,
600604.SH,市北高新,20050629,1.0239,0.9983,1.0239,0.9983,1.0239,-2.5002,1539.0,424.924,-0.025600000000000067,上海,园区开发,19920327,
600604.SH,市北高新,20050628,1.0349,1.0239,1.0349,1.0056,1.0349,-1.0629,2310.34,641.105,-0.010999999999999899,上海,园区开发,19920327,
600604.SH,市北高新,20050627,1.0202,1.0349,1.0422,1.0202,1.0093,2.5364,4030.91,1139.912,0.025599999999999845,上海,园区开发,19920327,
600604.SH,市北高新,20050624,1.0056,1.0093,1.0166,0.9873,1.0202,-1.0684,3362.51,919.304,-0.01089999999999991,上海,园区开发,19920327,
600604.SH,市北高新,20050623,1.0239,1.0202,1.0495,1.0202,1.0239,-0.3614,4826.0,1367.127,-0.0037000000000000366,上海,园区开发,19920327,
600604.SH,市北高新,20050622,1.0276,1.0239,1.0276,1.0093,1.0166,0.7181,1772.5,492.034,0.007300000000000084,上海,园区开发,19920327,
600604.SH,市北高新,20050621,1.0239,1.0166,1.0312,1.0129,1.0312,-1.4158,2770.5,774.909,-0.014599999999999946,上海,园区开发,19920327,
600604.SH,市北高新,20050620,0.9873,1.0312,1.0349,0.9873,1.002,2.9142,3173.11,879.23,0.029199999999999893,上海,园区开发,19920327,
600604.SH,市北高新,20050617,1.0349,1.002,1.0422,0.9946,1.0166,-1.4362,1618.9,449.918,-0.014599999999999946,上海,园区开发,19920327,
600604.SH,市北高新,20050616,1.0166,1.0166,1.0312,0.9837,1.0239,-0.713,2578.2,706.234,-0.007300000000000084,上海,园区开发,19920327,
600604.SH,市北高新,20050615,1.0605,1.0239,1.0641,1.0166,1.0751,-4.7623,4145.3,1172.32,-0.05119999999999991,上海,园区开发,19920327,
600604.SH,市北高新,20050614,1.1117,1.0751,1.1226,1.0678,1.1117,-3.2923,4304.0,1295.024,-0.036599999999999966,上海,园区开发,19920327,
600604.SH,市北高新,20050613,1.097,1.1117,1.1446,1.0934,1.0788,3.0497,8355.5,2549.864,0.03289999999999993,上海,园区开发,19920327,
600604.SH,市北高新,20050610,1.1117,1.0788,1.1153,1.0605,1.1117,-2.9594,7457.7,2208.791,-0.03289999999999993,上海,园区开发,19920327,
600604.SH,市北高新,20050609,1.1117,1.1117,1.1299,1.0788,1.1153,-0.3228,10409.52,3160.312,-0.0036000000000000476,上海,园区开发,19920327,
600604.SH,市北高新,20050608,1.0458,1.1153,1.119,1.0458,1.0458,6.6456,12106.21,3624.758,0.0694999999999999,上海,园区开发,19920327,
600604.SH,市北高新,20050607,1.0458,1.0458,1.0714,1.0276,1.0349,1.0532,4693.84,1345.78,0.010900000000000132,上海,园区开发,19920327,
600604.SH,市北高新,20050606,1.0202,1.0349,1.0385,1.0056,1.0202,1.4409,1866.14,523.851,0.014699999999999935,上海,园区开发,19920327,
600604.SH,市北高新,20050603,1.0276,1.0202,1.0422,1.0056,1.0312,-1.0667,1323.0,370.687,-0.010999999999999899,上海,园区开发,19920327,
600604.SH,市北高新,20050602,1.0129,1.0312,1.0385,1.0129,1.0349,-0.3575,2703.5,757.396,-0.0037000000000000366,上海,园区开发,19920327,
600604.SH,市北高新,20050601,1.0276,1.0349,1.0422,1.0093,1.0458,-1.0423,3771.28,1053.936,-0.010900000000000132,上海,园区开发,19920327,
600604.SH,市北高新,20050531,1.0934,1.0458,1.1263,1.0349,1.0714,-2.3894,12768.4,3786.048,-0.025599999999999845,上海,园区开发,19920327,
600604.SH,市北高新,20050530,1.0056,1.0714,1.0751,0.991,1.0202,5.0186,7972.04,2279.966,0.05119999999999991,上海,园区开发,19920327,
600604.SH,市北高新,20050527,1.0239,1.0202,1.0349,0.991,1.0385,-1.7622,5316.81,1484.369,-0.018299999999999983,上海,园区开发,19920327,
600604.SH,市北高新,20050526,1.0458,1.0385,1.0751,1.0239,1.0458,-0.698,16409.0,4720.185,-0.007300000000000084,上海,园区开发,19920327,
600604.SH,市北高新,20050525,1.0093,1.0458,1.0568,1.0056,1.0202,2.5093,6814.99,1937.489,0.025600000000000067,上海,园区开发,19920327,
600604.SH,市北高新,20050524,0.9581,1.0202,1.0422,0.9471,0.9691,5.2729,4120.12,1114.33,0.051100000000000034,上海,园区开发,19920327,
600604.SH,市北高新,20050523,1.0276,0.9691,1.0276,0.9471,1.0532,-7.9852,5729.28,1513.426,-0.08409999999999995,上海,园区开发,19920327,
600604.SH,市北高新,20050520,1.0605,1.0532,1.0751,1.0458,1.0678,-1.3673,2518.9,729.251,-0.014600000000000168,上海,园区开发,19920327,
600604.SH,市北高新,20050519,1.0458,1.0678,1.0714,1.0422,1.0458,2.1037,2791.63,805.531,0.02200000000000002,上海,园区开发,19920327,
600604.SH,市北高新,20050518,1.0385,1.0458,1.0495,1.0239,1.0385,0.7029,2922.53,827.395,0.007300000000000084,上海,园区开发,19920327,
600604.SH,市北高新,20050517,1.0166,1.0385,1.0495,1.0093,1.0202,1.7938,3766.6,1062.482,0.018299999999999983,上海,园区开发,19920327,
600604.SH,市北高新,20050516,0.9983,1.0202,1.0202,0.9946,1.002,1.8164,2766.73,763.391,0.018199999999999994,上海,园区开发,19920327,
600604.SH,市北高新,20050513,0.9983,1.002,1.0166,0.9873,0.991,1.11,1836.85,503.203,0.01100000000000001,上海,园区开发,19920327,
600604.SH,市北高新,20050512,0.9544,0.991,1.0166,0.9544,0.9837,0.7421,2776.76,751.957,0.007299999999999973,上海,园区开发,19920327,
600604.SH,市北高新,20050511,1.002,0.9837,1.0166,0.9837,0.9983,-1.4625,2837.21,772.722,-0.014599999999999946,上海,园区开发,19920327,
600604.SH,市北高新,20050510,1.0093,0.9983,1.0166,0.9508,1.0202,-2.1466,4086.51,1100.893,-0.02190000000000003,上海,园区开发,19920327,
600604.SH,市北高新,20050509,1.108,1.0202,1.1263,1.0166,1.1226,-9.1217,2466.19,734.991,-0.10240000000000005,上海,园区开发,19920327,
600604.SH,市北高新,20050429,1.1409,1.1226,1.1409,1.108,1.1482,-2.2296,4324.21,1323.413,-0.025600000000000067,上海,园区开发,19920327,
600604.SH,市北高新,20050428,1.097,1.1482,1.1482,1.097,1.1007,4.3154,6777.43,2069.62,0.0475000000000001,上海,园区开发,19920327,
600604.SH,市北高新,20050427,1.1153,1.1007,1.1336,1.0934,1.1044,-0.335,2885.74,876.961,-0.0037000000000000366,上海,园区开发,19920327,
600604.SH,市北高新,20050425,1.1007,1.1044,1.1263,1.0824,1.097,0.6746,4122.91,1243.102,0.007400000000000073,上海,园区开发,19920327,
600604.SH,市北高新,20050422,1.1482,1.097,1.1519,1.0861,1.1592,-5.3658,7805.87,2373.625,-0.06220000000000003,上海,园区开发,19920327,
600604.SH,市北高新,20050421,1.2799,1.1592,1.2945,1.1592,1.2872,-9.9441,7217.5,2367.481,-0.1279999999999999,上海,园区开发,19920327,
600604.SH,市北高新,20050420,1.3164,1.2872,1.3238,1.2653,1.3311,-3.298,4869.22,1715.997,-0.04390000000000005,上海,园区开发,19920327,
600604.SH,市北高新,20050419,1.3859,1.3311,1.4079,1.2799,1.4188,-6.1813,10631.42,3835.263,-0.08770000000000011,上海,园区开发,19920327,
600604.SH,市北高新,20050418,1.4554,1.4188,1.481,1.364,1.4517,-2.2663,19747.83,7743.403,-0.03289999999999993,上海,园区开发,19920327,
600604.SH,市北高新,20050415,1.375,1.4517,1.4554,1.3567,1.375,5.5782,17084.59,6597.025,0.07669999999999999,上海,园区开发,19920327,
600604.SH,市北高新,20050414,1.4115,1.375,1.4115,1.353,1.4042,-2.0795,5893.63,2224.838,-0.029199999999999893,上海,园区开发,19920327,
600604.SH,市北高新,20050413,1.3713,1.4042,1.4188,1.3347,1.3274,5.7857,9909.91,3774.502,0.07679999999999998,上海,园区开发,19920327,
600604.SH,市北高新,20050412,1.3823,1.3274,1.3823,1.3238,1.3823,-3.9716,2661.0,977.216,-0.05490000000000017,上海,园区开发,19920327,
600604.SH,市北高新,20050411,1.364,1.3823,1.4225,1.3238,1.364,1.3416,6009.73,2278.63,0.018299999999999983,上海,园区开发,19920327,
600604.SH,市北高新,20050408,1.3238,1.364,1.4188,1.3201,1.3274,2.7573,5783.01,2157.644,0.03660000000000019,上海,园区开发,19920327,
600604.SH,市北高新,20050407,1.2982,1.3274,1.3457,1.2799,1.2945,2.5415,5568.77,2010.495,0.03289999999999993,上海,园区开发,19920327,
600604.SH,市北高新,20050406,1.2799,1.2945,1.3091,1.2653,1.2982,-0.285,2190.0,770.85,-0.0037000000000000366,上海,园区开发,19920327,
600604.SH,市北高新,20050405,1.3018,1.2982,1.3347,1.2616,1.3055,-0.5592,1859.0,662.408,-0.007300000000000084,上海,园区开发,19920327,
600604.SH,市北高新,20050404,1.3494,1.3055,1.3494,1.3018,1.3786,-5.3025,1966.02,713.334,-0.07309999999999994,上海,园区开发,19920327,
600604.SH,市北高新,20050401,1.353,1.3786,1.3932,1.3128,1.3567,1.6142,4318.12,1601.064,0.02190000000000003,上海,园区开发,19920327,
600604.SH,市北高新,20050331,1.2872,1.3567,1.3859,1.2799,1.2982,4.5062,4326.46,1580.9,0.058499999999999996,上海,园区开发,19920327,
600604.SH,市北高新,20050330,1.2982,1.2982,1.3091,1.2506,1.3128,-1.1121,1839.97,641.247,-0.014599999999999946,上海,园区开发,19920327,
600604.SH,市北高新,20050329,1.3091,1.3128,1.3457,1.2872,1.3091,0.2826,1893.74,686.026,0.0037000000000000366,上海,园区开发,19920327,
600604.SH,市北高新,20050328,1.3128,1.3091,1.3238,1.2506,1.3201,-0.8333,2030.49,707.895,-0.01100000000000012,上海,园区开发,19920327,
600604.SH,市北高新,20050325,1.3274,1.3201,1.3311,1.3091,1.3311,-0.8264,1765.0,635.492,-0.010999999999999899,上海,园区开发,19920327,
600604.SH,市北高新,20050324,1.3091,1.3311,1.3384,1.3055,1.3164,1.1167,1156.84,417.443,0.014699999999999935,上海,园区开发,19920327,
600604.SH,市北高新,20050323,1.3347,1.3164,1.375,1.2908,1.3128,0.2742,2323.42,836.984,0.0036000000000000476,上海,园区开发,19920327,
600604.SH,市北高新,20050322,1.4079,1.3128,1.4262,1.3055,1.4298,-8.183,3263.26,1205.894,-0.11699999999999999,上海,园区开发,19920327,
600604.SH,市北高新,20050321,1.4115,1.4298,1.4444,1.4079,1.4262,0.2524,1464.05,566.943,0.0036000000000000476,上海,园区开发,19920327,
600604.SH,市北高新,20050318,1.4298,1.4262,1.4481,1.4079,1.4371,-0.7585,1879.5,731.244,-0.010900000000000132,上海,园区开发,19920327,
600604.SH,市北高新,20050317,1.4481,1.4371,1.4481,1.4335,1.4481,-0.7596,1527.0,599.77,-0.010999999999999899,上海,园区开发,19920327,
600604.SH,市北高新,20050316,1.4371,1.4481,1.4627,1.4298,1.4481,0.0,1702.82,673.216,0.0,上海,园区开发,19920327,
600604.SH,市北高新,20050315,1.4517,1.4481,1.4627,1.4371,1.4517,-0.248,1821.0,719.634,-0.0036000000000000476,上海,园区开发,19920327,
600604.SH,市北高新,20050314,1.4847,1.4517,1.4847,1.4335,1.492,-2.7011,3964.17,1575.205,-0.0403,上海,园区开发,19920327,
600604.SH,市北高新,20050311,1.4993,1.492,1.5176,1.4847,1.4956,-0.2407,2370.37,969.209,-0.0036000000000000476,上海,园区开发,19920327,
600604.SH,市北高新,20050310,1.5578,1.4956,1.5615,1.4956,1.5651,-4.4406,2554.0,1068.717,-0.0694999999999999,上海,园区开发,19920327,
600604.SH,市北高新,20050309,1.5541,1.5651,1.5724,1.5432,1.5505,0.9416,3284.7,1400.121,0.014599999999999946,上海,园区开发,19920327,
600604.SH,市北高新,20050308,1.5285,1.5505,1.5505,1.5285,1.5249,1.6788,2458.04,1039.167,0.025600000000000067,上海,园区开发,19920327,
600604.SH,市北高新,20050307,1.5322,1.5249,1.5359,1.5139,1.5322,-0.4764,1665.5,693.186,-0.007300000000000084,上海,园区开发,19920327,
600604.SH,市北高新,20050304,1.5359,1.5322,1.5468,1.5249,1.5359,-0.2409,1390.61,582.436,-0.0037000000000000366,上海,园区开发,19920327,
600604.SH,市北高新,20050303,1.5285,1.5359,1.5505,1.5212,1.5322,0.2415,1208.0,505.142,0.0037000000000000366,上海,园区开发,19920327,
600604.SH,市北高新,20050302,1.5395,1.5322,1.5615,1.5285,1.5468,-0.9439,2493.35,1052.81,-0.014599999999999946,上海,园区开发,19920327,
600604.SH,市北高新,20050301,1.5432,1.5468,1.5505,1.5359,1.5505,-0.2386,2637.28,1112.237,-0.0037000000000000366,上海,园区开发,19920327,
600604.SH,市北高新,20050228,1.5578,1.5505,1.5578,1.5359,1.5578,-0.4686,2055.0,871.204,-0.007300000000000084,上海,园区开发,19920327,
600604.SH,市北高新,20050225,1.5578,1.5578,1.5907,1.5505,1.5578,0.0,4796.44,2059.858,0.0,上海,园区开发,19920327,
600604.SH,市北高新,20050224,1.5797,1.5578,1.5797,1.5541,1.5797,-1.3863,2749.05,1177.264,-0.02190000000000003,上海,园区开发,19920327,
600604.SH,市北高新,20050223,1.5615,1.5797,1.5907,1.5541,1.5761,0.2284,5379.57,2309.28,0.0036000000000000476,上海,园区开发,19920327,
600604.SH,市北高新,20050222,1.5395,1.5761,1.5797,1.5285,1.5468,1.8942,6115.43,2601.187,0.029300000000000104,上海,园区开发,19920327,
600604.SH,市北高新,20050221,1.5322,1.5468,1.5468,1.5249,1.5359,0.7097,3590.01,1509.584,0.01089999999999991,上海,园区开发,19920327,
600604.SH,市北高新,20050218,1.5139,1.5359,1.5359,1.5066,1.5139,1.4532,4450.43,1851.287,0.02200000000000002,上海,园区开发,19920327,
600604.SH,市北高新,20050217,1.4993,1.5139,1.5176,1.4883,1.4993,0.9738,2396.92,986.957,0.014599999999999946,上海,园区开发,19920327,
600604.SH,市北高新,20050216,1.4956,1.4993,1.5322,1.4883,1.4554,3.0164,4728.45,1951.971,0.04390000000000005,上海,园区开发,19920327,
600604.SH,市北高新,20050204,1.4371,1.4554,1.47,1.4371,1.4298,1.7905,2334.27,931.301,0.025600000000000067,上海,园区开发,19920327,
600604.SH,市北高新,20050203,1.4591,1.4298,1.4627,1.4262,1.47,-2.7347,3057.95,1208.926,-0.040200000000000014,上海,园区开发,19920327,
600604.SH,市北高新,20050202,1.3969,1.47,1.47,1.3969,1.3969,5.233,3781.54,1483.135,0.07309999999999994,上海,园区开发,19920327,
600604.SH,市北高新,20050201,1.4079,1.3969,1.4517,1.3969,1.4188,-1.5436,1675.23,647.863,-0.02190000000000003,上海,园区开发,19920327,
600604.SH,市北高新,20050131,1.4627,1.4188,1.4883,1.4079,1.4773,-3.9599,3406.77,1329.847,-0.058499999999999996,上海,园区开发,19920327,
600604.SH,市北高新,20050128,1.4773,1.4773,1.4956,1.47,1.4773,0.0,1964.9,794.896,0.0,上海,园区开发,19920327,
600604.SH,市北高新,20050127,1.5066,1.4773,1.5285,1.4737,1.5176,-2.6555,1344.96,549.993,-0.0403,上海,园区开发,19920327,
600604.SH,市北高新,20050126,1.5505,1.5176,1.5541,1.5066,1.5505,-2.1219,1643.64,686.628,-0.03289999999999993,上海,园区开发,19920327,
600604.SH,市北高新,20050125,1.5578,1.5505,1.5688,1.5285,1.5505,0.0,4252.54,1809.543,0.0,上海,园区开发,19920327,
600604.SH,市北高新,20050124,1.5176,1.5505,1.5651,1.5176,1.5103,2.6617,3193.56,1345.702,0.040200000000000014,上海,园区开发,19920327,
600604.SH,市北高新,20050121,1.4993,1.5103,1.5212,1.4627,1.4847,1.7243,1915.74,783.679,0.025600000000000067,上海,园区开发,19920327,
600604.SH,市北高新,20050120,1.5103,1.4847,1.5249,1.4737,1.5103,-1.695,1393.5,568.085,-0.025600000000000067,上海,园区开发,19920327,
600604.SH,市北高新,20050119,1.5285,1.5103,1.5395,1.5066,1.5212,-0.7165,1108.9,460.188,-0.010900000000000132,上海,园区开发,19920327,
600604.SH,市北高新,20050118,1.4847,1.5212,1.5285,1.4847,1.4993,1.4607,1265.1,521.912,0.02190000000000003,上海,园区开发,19920327,
600604.SH,市北高新,20050117,1.4737,1.4993,1.5139,1.4737,1.5029,-0.2395,1486.4,605.991,-0.0035999999999998256,上海,园区开发,19920327,
600604.SH,市北高新,20050114,1.5432,1.5029,1.5468,1.4993,1.5432,-2.6115,1806.6,757.323,-0.0403,上海,园区开发,19920327,
600604.SH,市北高新,20050113,1.5139,1.5432,1.5468,1.5103,1.5212,1.4462,1545.44,645.208,0.021999999999999797,上海,园区开发,19920327,
600604.SH,市北高新,20050112,1.5066,1.5212,1.5285,1.5066,1.5249,-0.2426,1072.81,444.401,-0.0036999999999998145,上海,园区开发,19920327,
600604.SH,市北高新,20050111,1.5359,1.5249,1.5359,1.4993,1.5322,-0.4764,890.0,368.706,-0.007300000000000084,上海,园区开发,19920327,
600604.SH,市北高新,20050110,1.5176,1.5322,1.5359,1.5103,1.5176,0.962,1108.73,462.319,0.014599999999999946,上海,园区开发,19920327,
600604.SH,市北高新,20050107,1.5066,1.5176,1.5249,1.481,1.5066,0.7301,1495.49,615.952,0.01100000000000012,上海,园区开发,19920327,
600604.SH,市北高新,20050106,1.4993,1.5066,1.5176,1.481,1.5139,-0.4822,851.76,348.431,-0.007300000000000084,上海,园区开发,19920327,
600604.SH,市北高新,20050105,1.5029,1.5139,1.5724,1.4737,1.4737,2.7278,1983.99,825.432,0.040200000000000014,上海,园区开发,19920327,
600604.SH,市北高新,20050104,1.4554,1.4737,1.4773,1.4554,1.4664,0.4978,758.66,303.774,0.007300000000000084,上海,园区开发,19920327,
600604.SH,市北高新,20041231,1.4956,1.4664,1.4956,1.4664,1.481,-0.9858,1916.93,772.525,-0.014600000000000168,上海,园区开发,19920327,
600604.SH,市北高新,20041230,1.481,1.481,1.4993,1.4664,1.4883,-0.4905,1809.02,732.625,-0.007299999999999862,上海,园区开发,19920327,
600604.SH,市北高新,20041229,1.5212,1.4883,1.5212,1.481,1.5249,-2.4002,2241.0,919.567,-0.036599999999999966,上海,园区开发,19920327,
600604.SH,市北高新,20041228,1.5176,1.5249,1.5285,1.5029,1.5212,0.2432,1064.0,441.361,0.0036999999999998145,上海,园区开发,19920327,
600604.SH,市北高新,20041227,1.5541,1.5212,1.5541,1.4993,1.5761,-3.4833,1483.06,622.695,-0.05489999999999995,上海,园区开发,19920327,
600604.SH,市北高新,20041223,1.5724,1.5761,1.5907,1.5541,1.5944,-1.1478,1723.42,739.759,-0.018299999999999983,上海,园区开发,19920327,
600604.SH,市北高新,20041222,1.5541,1.5944,1.6017,1.5541,1.5541,2.5931,2418.27,1048.917,0.0403,上海,园区开发,19920327,
600604.SH,市北高新,20041221,1.5541,1.5541,1.5688,1.5505,1.5541,0.0,702.65,300.162,0.0,上海,园区开发,19920327,
600604.SH,市北高新,20041220,1.5359,1.5541,1.5541,1.5285,1.5468,0.4719,975.45,409.571,0.007300000000000084,上海,园区开发,19920327,
600604.SH,市北高新,20041217,1.5359,1.5468,1.5615,1.5359,1.5395,0.4742,957.59,407.006,0.007299999999999862,上海,园区开发,19920327,
600604.SH,市北高新,20041216,1.5359,1.5395,1.5505,1.5285,1.5505,-0.7094,1494.0,628.735,-0.010999999999999899,上海,园区开发,19920327,
600604.SH,市北高新,20041215,1.5688,1.5505,1.5724,1.5285,1.5688,-1.1665,2242.9,946.862,-0.018299999999999983,上海,园区开发,19920327,
600604.SH,市北高新,20041214,1.6053,1.5688,1.6053,1.5651,1.5834,-0.9221,1735.69,749.478,-0.014599999999999946,上海,园区开发,19920327,
600604.SH,市北高新,20041213,1.5724,1.5834,1.5907,1.5578,1.5797,0.2342,2672.92,1150.549,0.0036999999999998145,上海,园区开发,19920327,
600604.SH,市北高新,20041210,1.6382,1.5797,1.6712,1.5724,1.6492,-4.2142,4204.82,1853.533,-0.0694999999999999,上海,园区开发,19920327,
600604.SH,市北高新,20041209,1.6456,1.6492,1.6712,1.6346,1.6529,-0.2238,2375.34,1074.168,-0.0037000000000000366,上海,园区开发,19920327,
600604.SH,市北高新,20041208,1.6456,1.6529,1.6858,1.6456,1.6638,-0.6551,1984.5,899.015,-0.01089999999999991,上海,园区开发,19920327,
600604.SH,市北高新,20041207,1.7187,1.6638,1.737,1.6565,1.715,-2.9854,2645.53,1217.138,-0.051200000000000134,上海,园区开发,19920327,
600604.SH,市北高新,20041206,1.7077,1.715,1.7224,1.6894,1.7077,0.4275,2757.33,1287.488,0.007300000000000084,上海,园区开发,19920327,
600604.SH,市北高新,20041203,1.6821,1.7077,1.7187,1.6821,1.7077,0.0,5137.14,2395.63,0.0,上海,园区开发,19920327,
600604.SH,市北高新,20041202,1.6748,1.7077,1.7187,1.6565,1.6565,3.0909,9558.25,4429.264,0.05119999999999991,上海,园区开发,19920327,
600604.SH,市北高新,20041201,1.6529,1.6565,1.6565,1.6273,1.6529,0.2178,3828.77,1724.897,0.0036000000000000476,上海,园区开发,19920327,
600604.SH,市北高新,20041130,1.6163,1.6529,1.6565,1.6053,1.6236,1.8046,3334.65,1483.97,0.029300000000000104,上海,园区开发,19920327,
600604.SH,市北高新,20041129,1.6492,1.6236,1.6492,1.6017,1.6492,-1.5523,3641.26,1615.911,-0.025600000000000067,上海,园区开发,19920327,
600604.SH,市北高新,20041126,1.6456,1.6492,1.6638,1.6309,1.6492,0.0,2526.47,1139.257,0.0,上海,园区开发,19920327,
600604.SH,市北高新,20041125,1.6675,1.6492,1.6675,1.6126,1.6748,-1.5285,4284.37,1916.599,-0.025600000000000067,上海,园区开发,19920327,
600604.SH,市北高新,20041124,1.7626,1.6748,1.7735,1.6638,1.7626,-4.9813,8681.4,4025.405,-0.08779999999999988,上海,园区开发,19920327,
600604.SH,市北高新,20041123,1.7553,1.7626,1.7882,1.7187,1.7114,2.9917,19584.88,9409.888,0.05119999999999991,上海,园区开发,19920327,
600604.SH,市北高新,20041122,1.6894,1.7114,1.7553,1.6858,1.6638,2.8609,12329.73,5803.472,0.04760000000000009,上海,园区开发,19920327,
600604.SH,市北高新,20041119,1.6419,1.6638,1.6748,1.6382,1.6346,1.7864,6514.68,2950.459,0.029199999999999893,上海,园区开发,19920327,
600604.SH,市北高新,20041118,1.6017,1.6346,1.6382,1.6017,1.62,0.9012,5070.0,2257.537,0.014599999999999946,上海,园区开发,19920327,
600604.SH,市北高新,20041117,1.6456,1.62,1.6602,1.6126,1.6638,-2.6325,8843.52,3942.322,-0.04379999999999984,上海,园区开发,19920327,
600604.SH,市北高新,20041116,1.7114,1.6638,1.7735,1.6602,1.6273,2.243,33374.91,15685.882,0.03649999999999998,上海,园区开发,19920327,
600604.SH,市北高新,20041115,1.598,1.6273,1.6456,1.5907,1.598,1.8335,12908.06,5722.903,0.02929999999999988,上海,园区开发,19920327,
600604.SH,市北高新,20041112,1.5907,1.598,1.6017,1.5651,1.5724,1.6281,7102.01,3071.806,0.025600000000000067,上海,园区开发,19920327,
600604.SH,市北高新,20041111,1.5688,1.5724,1.6053,1.5359,1.5688,0.2295,9680.96,4177.089,0.0036000000000000476,上海,园区开发,19920327,
600604.SH,市北高新,20041110,1.5176,1.5688,1.5797,1.5029,1.5139,3.6264,6412.67,2717.464,0.05489999999999995,上海,园区开发,19920327,
600604.SH,市北高新,20041109,1.4993,1.5139,1.5139,1.492,1.5103,0.2384,2112.26,870.167,0.0036000000000000476,上海,园区开发,19920327,
600604.SH,市北高新,20041108,1.5066,1.5103,1.5285,1.481,1.5066,0.2456,1680.15,690.013,0.0037000000000000366,上海,园区开发,19920327,
600604.SH,市北高新,20041105,1.5359,1.5066,1.5359,1.4847,1.5139,-0.4822,4168.69,1713.378,-0.007300000000000084,上海,园区开发,19920327,
600604.SH,市北高新,20041104,1.5395,1.5139,1.5651,1.5066,1.5615,-3.0484,6811.71,2856.33,-0.04760000000000009,上海,园区开发,19920327,
600604.SH,市北高新,20041103,1.492,1.5615,1.6236,1.492,1.4773,5.6996,15652.29,6780.169,0.08420000000000005,上海,园区开发,19920327,
600604.SH,市北高新,20041102,1.4554,1.4773,1.492,1.4554,1.481,-0.2498,1939.58,780.286,-0.0037000000000000366,上海,园区开发,19920327,
600604.SH,市北高新,20041101,1.5468,1.481,1.5468,1.4517,1.5468,-4.2539,3984.67,1619.402,-0.06579999999999986,上海,园区开发,19920327,
600604.SH,市北高新,20041029,1.492,1.5468,1.5688,1.492,1.5212,1.6829,5979.22,2516.59,0.025599999999999845,上海,园区开发,19920327,
600604.SH,市北高新,20041028,1.5103,1.5212,1.5651,1.5103,1.5103,0.7217,5747.06,2412.187,0.010900000000000132,上海,园区开发,19920327,
600604.SH,市北高新,20041027,1.5468,1.5103,1.5468,1.4664,1.5432,-2.1319,5997.26,2468.32,-0.03289999999999993,上海,园区开发,19920327,
600604.SH,市北高新,20041026,1.4444,1.5432,1.5468,1.4042,1.4444,6.8402,6707.1,2720.114,0.0988,上海,园区开发,19920327,
600604.SH,市北高新,20041025,1.5029,1.4444,1.5212,1.4262,1.4883,-2.9497,4023.59,1598.411,-0.04390000000000005,上海,园区开发,19920327,
600604.SH,市北高新,20041022,1.5249,1.4883,1.5249,1.4262,1.5066,-1.2147,4772.85,1908.82,-0.018299999999999983,上海,园区开发,19920327,
600604.SH,市北高新,20041021,1.5688,1.5066,1.5907,1.5066,1.5688,-3.9648,3249.92,1357.639,-0.06220000000000003,上海,园区开发,19920327,
600604.SH,市北高新,20041020,1.5907,1.5688,1.5907,1.5468,1.6017,-2.0541,1981.86,846.559,-0.03289999999999993,上海,园区开发,19920327,
600604.SH,市北高新,20041019,1.6346,1.6017,1.6419,1.598,1.6053,-0.2243,2013.49,892.317,-0.0036000000000000476,上海,园区开发,19920327,
600604.SH,市北高新,20041018,1.6017,1.6053,1.6236,1.5797,1.5834,1.3831,1814.01,792.997,0.02190000000000003,上海,园区开发,19920327,
600604.SH,市北高新,20041015,1.6126,1.5834,1.6236,1.5578,1.6126,-1.8107,4314.51,1875.188,-0.029200000000000115,上海,园区开发,19920327,
600604.SH,市北高新,20041014,1.715,1.6126,1.715,1.609,1.7077,-5.5689,3145.5,1424.316,-0.09509999999999996,上海,园区开发,19920327,
600604.SH,市北高新,20041013,1.6821,1.7077,1.7224,1.6821,1.6894,1.0832,2606.47,1210.957,0.018299999999999983,上海,园区开发,19920327,
600604.SH,市北高新,20041012,1.737,1.6894,1.737,1.6748,1.7516,-3.551,4490.86,2083.343,-0.06220000000000003,上海,园区开发,19920327,
600604.SH,市北高新,20041011,1.7735,1.7516,1.7991,1.7406,1.7699,-1.034,5107.3,2468.345,-0.018299999999999983,上海,园区开发,19920327,
600604.SH,市北高新,20041008,1.7004,1.7699,1.7735,1.7004,1.7041,3.8613,2654.71,1256.601,0.06580000000000008,上海,园区开发,19920327,
600604.SH,市北高新,20040930,1.7553,1.7041,1.7589,1.6968,1.7553,-2.9169,4500.37,2119.193,-0.051200000000000134,上海,园区开发,19920327,
600604.SH,市北高新,20040929,1.8065,1.7553,1.8138,1.7553,1.8065,-2.8342,3990.06,1945.932,-0.05119999999999991,上海,园区开发,19920327,
600604.SH,市北高新,20040928,1.7918,1.8065,1.8211,1.7662,1.7735,1.8607,4036.53,1981.465,0.03299999999999992,上海,园区开发,19920327,
600604.SH,市北高新,20040927,1.7918,1.7735,1.8357,1.7626,1.8101,-2.022,5881.93,2887.213,-0.036599999999999966,上海,园区开发,19920327,
600604.SH,市北高新,20040924,1.8942,1.8101,1.9162,1.7991,1.8942,-4.4399,11919.0,6079.519,-0.08410000000000006,上海,园区开发,19920327,
600604.SH,市北高新,20040923,1.8028,1.8942,1.8942,1.7991,1.8284,3.5988,8375.43,4236.702,0.06580000000000008,上海,园区开发,19920327,
600604.SH,市北高新,20040922,1.9052,1.8284,1.9052,1.8284,1.9125,-4.3974,14652.76,7451.712,-0.08410000000000006,上海,园区开发,19920327,
600604.SH,市北高新,20040921,1.96,1.9125,1.9674,1.8723,1.96,-2.4235,18000.93,9433.56,-0.047499999999999876,上海,园区开发,19920327,
600604.SH,市北高新,20040920,1.8942,1.96,1.9637,1.8686,1.8686,4.8914,27363.9,14372.48,0.09139999999999993,上海,园区开发,19920327,
600604.SH,市北高新,20040917,1.8284,1.8686,1.8832,1.7918,1.8284,2.1986,17149.73,8620.69,0.040200000000000014,上海,园区开发,19920327,
600604.SH,市北高新,20040916,1.8284,1.8284,1.8394,1.7882,1.8284,0.0,15242.34,7561.33,0.0,上海,园区开发,19920327,
600604.SH,市北高新,20040915,1.7699,1.8284,1.9052,1.7187,1.7662,3.5217,27135.45,13471.27,0.06220000000000003,上海,园区开发,19920327,
600604.SH,市北高新,20040914,1.7479,1.7662,1.7772,1.7077,1.7114,3.2021,14599.31,6993.711,0.05479999999999996,上海,园区开发,19920327,
600604.SH,市北高新,20040913,1.7114,1.7114,1.7626,1.6821,1.7297,-1.058,9176.99,4336.867,-0.018299999999999983,上海,园区开发,19920327,
600604.SH,市北高新,20040910,1.6821,1.7297,1.7406,1.6309,1.7041,1.5023,10126.7,4682.055,0.025600000000000067,上海,园区开发,19920327,
600604.SH,市北高新,20040909,1.6785,1.7041,1.8101,1.6785,1.6638,2.4222,26217.56,12458.716,0.0403,上海,园区开发,19920327,
600604.SH,市北高新,20040908,1.6821,1.6638,1.6821,1.6565,1.6858,-1.305,1842.0,839.636,-0.02200000000000002,上海,园区开发,19920327,
600604.SH,市北高新,20040907,1.6968,1.6858,1.6968,1.6529,1.6968,-0.6483,2893.76,1324.918,-0.01100000000000012,上海,园区开发,19920327,
600604.SH,市北高新,20040906,1.7114,1.6968,1.715,1.6638,1.6821,0.8739,7410.82,3435.566,0.014700000000000157,上海,园区开发,19920327,
600604.SH,市北高新,20040903,1.6456,1.6821,1.6894,1.6382,1.6638,1.0999,5900.11,2688.304,0.018299999999999983,上海,园区开发,19920327,
600604.SH,市北高新,20040902,1.587,1.6638,1.6931,1.587,1.6053,3.6442,4572.16,2050.278,0.058499999999999996,上海,园区开发,19920327,
600604.SH,市北高新,20040901,1.6456,1.6053,1.6456,1.598,1.6456,-2.449,1736.8,763.898,-0.0403,上海,园区开发,19920327,
600604.SH,市北高新,20040831,1.6273,1.6456,1.6748,1.6126,1.6053,2.5104,6609.76,2981.214,0.0403,上海,园区开发,19920327,
600604.SH,市北高新,20040830,1.609,1.6053,1.6126,1.5724,1.5724,2.0923,3874.05,1694.386,0.03289999999999993,上海,园区开发,19920327,
600604.SH,市北高新,20040827,1.5724,1.5724,1.6017,1.5541,1.587,-0.92,3003.97,1292.831,-0.014599999999999946,上海,园区开发,19920327,
600604.SH,市北高新,20040826,1.6163,1.587,1.6273,1.5578,1.6346,-2.912,4397.89,1900.648,-0.04760000000000009,上海,园区开发,19920327,
600604.SH,市北高新,20040825,1.6456,1.6346,1.6748,1.5944,1.6785,-2.6154,10175.24,4522.287,-0.04390000000000005,上海,园区开发,19920327,
600604.SH,市北高新,20040824,1.5761,1.6785,1.7333,1.5359,1.5761,6.497,21758.64,10054.217,0.10240000000000005,上海,园区开发,19920327,
600604.SH,市北高新,20040823,1.5541,1.5761,1.5797,1.5285,1.5907,-0.9178,1197.34,508.013,-0.014599999999999946,上海,园区开发,19920327,
600604.SH,市北高新,20040820,1.5724,1.5907,1.6456,1.4993,1.5688,1.396,3507.22,1497.308,0.02190000000000003,上海,园区开发,19920327,
600604.SH,市北高新,20040819,1.5907,1.5688,1.609,1.5651,1.6017,-2.0541,1764.0,764.614,-0.03289999999999993,上海,园区开发,19920327,
600604.SH,市北高新,20040818,1.609,1.6017,1.609,1.5797,1.5944,0.4579,1342.0,585.222,0.007299999999999862,上海,园区开发,19920327,
600604.SH,市北高新,20040817,1.6236,1.5944,1.6236,1.5724,1.6236,-1.7985,1872.0,816.531,-0.029199999999999893,上海,园区开发,19920327,
600604.SH,市北高新,20040816,1.6382,1.6236,1.7187,1.62,1.62,0.2222,1717.0,767.409,0.0035999999999998256,上海,园区开发,19920327,
600604.SH,市北高新,20040813,1.5944,1.62,1.6273,1.5944,1.6126,0.4589,908.2,400.868,0.007400000000000073,上海,园区开发,19920327,
600604.SH,市北高新,20040812,1.6419,1.6126,1.6456,1.5907,1.6602,-2.8671,2547.5,1124.955,-0.047599999999999865,上海,园区开发,19920327,
600604.SH,市北高新,20040811,1.7004,1.6602,1.7004,1.6309,1.7041,-2.5761,2600.02,1177.541,-0.04390000000000005,上海,园区开发,19920327,
600604.SH,市北高新,20040810,1.7041,1.7041,1.715,1.6821,1.7004,0.2176,1762.81,816.933,0.0037000000000000366,上海,园区开发,19920327,
600604.SH,市北高新,20040809,1.6931,1.7004,1.7187,1.6894,1.6931,0.4312,1539.07,715.575,0.007299999999999862,上海,园区开发,19920327,
600604.SH,市北高新,20040806,1.7297,1.6931,1.7516,1.6858,1.7297,-2.116,3656.79,1707.975,-0.036599999999999966,上海,园区开发,19920327,
600604.SH,市北高新,20040805,1.7479,1.7297,1.7553,1.7004,1.7662,-2.0666,6591.12,3112.009,-0.03649999999999998,上海,园区开发,19920327,
600604.SH,市北高新,20040804,1.6968,1.7662,1.8028,1.6785,1.6968,4.0901,18572.85,8860.435,0.0693999999999999,上海,园区开发,19920327,
600604.SH,市北高新,20040803,1.6748,1.6968,1.7041,1.6419,1.6529,2.6559,6053.49,2788.514,0.04390000000000005,上海,园区开发,19920327,
600604.SH,市北高新,20040802,1.6748,1.6529,1.6748,1.6273,1.6529,0.0,1365.18,612.621,0.0,上海,园区开发,19920327,
600604.SH,市北高新,20040730,1.6821,1.6529,1.6894,1.6346,1.6712,-1.095,2488.0,1135.435,-0.018299999999999983,上海,园区开发,19920327,
600604.SH,市北高新,20040729,1.6565,1.6712,1.6748,1.6492,1.6456,1.5557,1601.62,726.974,0.025600000000000067,上海,园区开发,19920327,
600604.SH,市北高新,20040728,1.6419,1.6456,1.6529,1.6163,1.6382,0.4517,1678.47,750.511,0.007399999999999851,上海,园区开发,19920327,
600604.SH,市北高新,20040727,1.6382,1.6382,1.6748,1.62,1.6309,0.4476,3124.79,1403.185,0.007300000000000084,上海,园区开发,19920327,
600604.SH,市北高新,20040726,1.6419,1.6309,1.6419,1.6017,1.6456,-0.8933,1452.41,641.736,-0.014699999999999935,上海,园区开发,19920327,
600604.SH,市北高新,20040723,1.6126,1.6456,1.6456,1.6126,1.6346,0.6729,1353.65,603.586,0.010999999999999899,上海,园区开发,19920327,
600604.SH,市北高新,20040722,1.7004,1.6346,1.7004,1.6309,1.6968,-3.6657,2041.0,934.039,-0.06220000000000003,上海,园区开发,19920327,
600604.SH,市北高新,20040721,1.6821,1.6968,1.6968,1.6712,1.7004,-0.2117,2616.0,1203.794,-0.0035999999999998256,上海,园区开发,19920327,
600604.SH,市北高新,20040720,1.6858,1.7004,1.7077,1.6382,1.6858,0.8661,3842.02,1749.965,0.014599999999999946,上海,园区开发,19920327,
600604.SH,市北高新,20040719,1.7004,1.6858,1.7114,1.6748,1.6968,-0.6483,2458.93,1135.41,-0.01100000000000012,上海,园区开发,19920327,
600604.SH,市北高新,20040716,1.6273,1.6968,1.7004,1.6273,1.6456,3.1113,4506.63,2065.531,0.051200000000000134,上海,园区开发,19920327,
600604.SH,市北高新,20040715,1.6382,1.6456,1.6565,1.6053,1.6382,0.4517,2006.31,897.325,0.007399999999999851,上海,园区开发,19920327,
600604.SH,市北高新,20040714,1.6785,1.6382,1.7004,1.5907,1.6821,-2.6098,3368.26,1493.803,-0.04389999999999983,上海,园区开发,19920327,
600604.SH,市北高新,20040713,1.6785,1.6821,1.7187,1.6638,1.6675,0.8756,1573.37,722.278,0.014599999999999946,上海,园区开发,19920327,
600604.SH,市北高新,20040712,1.7626,1.6675,1.7626,1.6126,1.7735,-5.9769,4446.78,2026.78,-0.1060000000000001,上海,园区开发,19920327,
600604.SH,市北高新,20040709,1.7991,1.7735,1.8174,1.7699,1.7991,-1.4229,2045.32,999.777,-0.025599999999999845,上海,园区开发,19920327,
600604.SH,市北高新,20040708,1.7918,1.7991,1.8211,1.7809,1.8065,-0.4096,1104.99,544.197,-0.007400000000000073,上海,园区开发,19920327,
600604.SH,市北高新,20040707,1.8101,1.8065,1.8211,1.7735,1.8174,-0.5998,1707.5,837.197,-0.01089999999999991,上海,园区开发,19920327,
600604.SH,市北高新,20040706,1.8028,1.8174,1.8247,1.7991,1.7955,1.2197,1710.5,848.403,0.02189999999999981,上海,园区开发,19920327,
600604.SH,市北高新,20040705,1.8028,1.7955,1.8101,1.7845,1.8028,-0.4049,1081.33,529.903,-0.007299999999999862,上海,园区开发,19920327,
600604.SH,市北高新,20040702,1.8247,1.8028,1.8247,1.7845,1.8101,-0.4033,1839.45,904.306,-0.007300000000000084,上海,园区开发,19920327,
600604.SH,市北高新,20040701,1.7626,1.8101,1.8284,1.7553,1.7662,2.4856,2588.82,1276.141,0.04390000000000005,上海,园区开发,19920327,
600604.SH,市北高新,20040630,1.7882,1.7662,1.7991,1.7589,1.7882,-1.2303,1468.0,714.745,-0.02200000000000002,上海,园区开发,19920327,
600604.SH,市北高新,20040629,1.737,1.7882,1.7882,1.737,1.7553,1.8743,2243.69,1081.333,0.03289999999999993,上海,园区开发,19920327,
600604.SH,市北高新,20040628,1.8284,1.7553,1.8284,1.737,1.8357,-4.3798,3405.0,1650.048,-0.08040000000000003,上海,园区开发,19920327,
600604.SH,市北高新,20040625,1.865,1.8357,1.8759,1.8284,1.865,-1.571,2908.9,1469.187,-0.02929999999999988,上海,园区开发,19920327,
600604.SH,市北高新,20040624,1.8832,1.865,1.8906,1.8613,1.8906,-1.3541,2491.2,1278.811,-0.025600000000000067,上海,园区开发,19920327,
600604.SH,市北高新,20040623,1.9198,1.8906,1.9235,1.8577,1.9198,-1.521,2028.71,1042.076,-0.029199999999999893,上海,园区开发,19920327,
600604.SH,市北高新,20040622,1.9527,1.9198,1.9564,1.8979,1.9052,0.7663,4975.06,2620.375,0.014599999999999946,上海,园区开发,19920327,
600604.SH,市北高新,20040621,1.8723,1.9052,1.9088,1.843,1.8723,1.7572,2748.36,1407.827,0.03289999999999993,上海,园区开发,19920327,
600604.SH,市北高新,20040618,1.8394,1.8723,1.9015,1.8284,1.8467,1.3863,2604.71,1329.256,0.025600000000000067,上海,园区开发,19920327,
600604.SH,市北高新,20040617,1.865,1.8467,1.9015,1.843,1.8723,-1.3673,1801.03,918.681,-0.025600000000000067,上海,园区开发,19920327,
600604.SH,市北高新,20040616,1.8577,1.8723,1.8942,1.8577,1.8723,0.0,2390.1,1226.018,0.0,上海,园区开发,19920327,
600604.SH,市北高新,20040615,1.8284,1.8723,1.8759,1.8211,1.8284,2.401,2170.45,1095.429,0.04390000000000005,上海,园区开发,19920327,
600604.SH,市北高新,20040614,1.8832,1.8284,1.8832,1.8211,1.8759,-2.5321,2820.66,1418.076,-0.047499999999999876,上海,园区开发,19920327,
600604.SH,市北高新,20040611,1.8686,1.8759,1.9198,1.8686,1.8686,0.3907,3102.09,1610.535,0.007299999999999862,上海,园区开发,19920327,
600604.SH,市北高新,20040610,1.8503,1.8686,1.8906,1.8467,1.8503,0.989,3457.62,1768.959,0.018299999999999983,上海,园区开发,19920327,
600604.SH,市北高新,20040609,1.9637,1.8503,1.982,1.8211,1.9637,-5.7748,7132.49,3706.592,-0.11339999999999995,上海,园区开发,19920327,
600604.SH,市北高新,20040608,1.993,1.9637,2.0186,1.9564,2.0149,-2.5411,3505.0,1905.005,-0.05119999999999991,上海,园区开发,19920327,
600604.SH,市北高新,20040607,2.0734,2.0149,2.0771,1.993,2.0734,-2.8215,3341.91,1848.186,-0.058499999999999996,上海,园区开发,19920327,
600604.SH,市北高新,20040604,2.088,2.0734,2.1027,2.0112,2.0844,-0.5277,5229.45,2939.321,-0.01100000000000012,上海,园区开发,19920327,
600604.SH,市北高新,20040603,2.1209,2.0844,2.1356,2.0697,2.1283,-2.0627,8110.27,4640.821,-0.04389999999999983,上海,园区开发,19920327,
600604.SH,市北高新,20040602,2.0807,2.1283,2.1465,2.0624,2.0734,2.6478,15573.09,8995.646,0.05489999999999995,上海,园区开发,19920327,
600604.SH,市北高新,20040601,2.0478,2.0734,2.088,2.0368,2.0405,1.6123,7953.35,4488.676,0.03289999999999971,上海,园区开发,19920327,
600604.SH,市北高新,20040531,2.0186,2.0405,2.0441,1.9674,2.0076,1.6388,3754.94,2067.404,0.03290000000000015,上海,园区开发,19920327,
600604.SH,市北高新,20040528,2.0734,2.0076,2.0734,2.0039,2.0734,-3.1735,7672.58,4257.205,-0.06579999999999986,上海,园区开发,19920327,
600604.SH,市北高新,20040527,2.0295,2.0734,2.0807,1.9856,2.0332,1.9772,9185.69,5139.976,0.040200000000000014,上海,园区开发,19920327,
600604.SH,市北高新,20040526,2.0112,2.0332,2.0661,1.9381,2.0186,0.7233,11102.76,6091.741,0.014599999999999724,上海,园区开发,19920327,
600604.SH,市北高新,20040525,2.1539,2.0186,2.1575,2.0003,2.1648,-6.7535,10492.33,5925.876,-0.14619999999999989,上海,园区开发,19920327,
600604.SH,市北高新,20040524,2.1502,2.1648,2.1721,2.1136,2.1539,0.5061,7607.93,4457.515,0.01089999999999991,上海,园区开发,19920327,
600604.SH,市北高新,20040521,2.216,2.1539,2.216,2.1136,2.2233,-3.1215,18409.77,10821.968,-0.0693999999999999,上海,园区开发,19920327,
600604.SH,市北高新,20040520,2.1941,2.2233,2.2526,2.1465,2.1941,1.3308,55358.32,33445.811,0.029199999999999893,上海,园区开发,19920327,
600604.SH,市北高新,20040519,2.0917,2.1941,2.1941,2.0917,1.993,10.0903,26379.63,15774.891,0.20110000000000006,上海,园区开发,19920327,
600604.SH,市北高新,20040517,1.9966,1.993,2.0039,1.971,2.0039,-0.5439,1737.0,945.029,-0.010899999999999688,上海,园区开发,19920327,
600604.SH,市北高新,20040514,2.0295,2.0039,2.0295,1.9783,2.0112,-0.363,3112.92,1696.952,-0.007300000000000306,上海,园区开发,19920327,
600604.SH,市北高新,20040513,2.0149,2.0112,2.0149,1.9856,2.0076,0.1793,1594.94,874.591,0.0036000000000000476,上海,园区开发,19920327,
600604.SH,市北高新,20040512,1.9564,2.0076,2.0112,1.9564,1.9564,2.6171,2139.56,1166.292,0.051200000000000134,上海,园区开发,19920327,
600604.SH,市北高新,20040511,1.9454,1.9564,1.971,1.9418,1.9491,0.3745,1414.66,756.553,0.007299999999999862,上海,园区开发,19920327,
600604.SH,市北高新,20040510,2.0076,1.9491,2.0076,1.9454,1.9747,-1.2964,1154.0,621.956,-0.025599999999999845,上海,园区开发,19920327,
600604.SH,市北高新,20040430,1.993,1.9747,2.0295,1.9564,1.9783,-0.182,1848.96,1001.473,-0.0036000000000000476,上海,园区开发,19920327,
600604.SH,市北高新,20040429,1.971,1.9783,1.9893,1.96,1.971,0.3704,2518.0,1360.122,0.007299999999999862,上海,园区开发,19920327,
600604.SH,市北高新,20040428,1.9564,1.971,1.993,1.9308,1.96,0.5612,2284.0,1229.302,0.01100000000000012,上海,园区开发,19920327,
600604.SH,市北高新,20040427,2.0112,1.96,2.0186,1.9564,2.0003,-2.0147,3134.08,1698.47,-0.040300000000000225,上海,园区开发,19920327,
600604.SH,市北高新,20040426,2.0405,2.0003,2.0478,1.993,2.0405,-1.9701,2762.0,1524.636,-0.040200000000000014,上海,园区开发,19920327,
600604.SH,市北高新,20040423,2.0844,2.0405,2.0844,2.0149,2.0917,-2.4478,3169.0,1783.971,-0.05119999999999969,上海,园区开发,19920327,
600604.SH,市北高新,20040422,2.0844,2.0917,2.099,2.0478,2.0697,1.063,2459.34,1396.388,0.021999999999999797,上海,园区开发,19920327,
600604.SH,市北高新,20040421,2.0734,2.0697,2.0917,2.0332,2.0771,-0.3563,3448.59,1949.098,-0.007400000000000073,上海,园区开发,19920327,
600604.SH,市北高新,20040420,2.0844,2.0771,2.1027,2.0624,2.0844,-0.3502,3033.11,1721.454,-0.007299999999999862,上海,园区开发,19920327,
600604.SH,市北高新,20040419,2.1465,2.0844,2.1539,2.0697,2.1465,-2.8931,5434.19,3115.832,-0.062100000000000044,上海,园区开发,19920327,
600604.SH,市北高新,20040416,2.1392,2.1465,2.1648,2.0661,2.1465,0.0,6453.45,3731.732,0.0,上海,园区开发,19920327,
600604.SH,市北高新,20040415,2.2233,2.1465,2.2416,2.1392,2.227,-3.6147,7538.0,4521.637,-0.0804999999999998,上海,园区开发,19920327,
600604.SH,市北高新,20040414,2.2599,2.227,2.2892,2.2124,2.2416,-0.6513,6196.88,3803.883,-0.014600000000000168,上海,园区开发,19920327,
600604.SH,市北高新,20040413,2.2599,2.2416,2.2782,2.216,2.2599,-0.8098,5386.94,3321.905,-0.018299999999999983,上海,园区开发,19920327,
600604.SH,市北高新,20040412,2.216,2.2599,2.2855,2.216,2.2562,0.164,5522.01,3402.751,0.0036999999999998145,上海,园区开发,19920327,
600604.SH,市北高新,20040409,2.2818,2.2562,2.2818,2.2014,2.2818,-1.1219,10080.71,6179.331,-0.025599999999999845,上海,园区开发,19920327,
600604.SH,市北高新,20040408,2.3184,2.2818,2.333,2.2782,2.3184,-1.5787,7844.21,4931.763,-0.036599999999999966,上海,园区开发,19920327,
600604.SH,市北高新,20040407,2.3257,2.3184,2.3477,2.3148,2.333,-0.6258,7479.98,4765.097,-0.014600000000000168,上海,园区开发,19920327,
600604.SH,市北高新,20040406,2.3513,2.333,2.3513,2.3001,2.3513,-0.7783,6693.28,4246.427,-0.018299999999999983,上海,园区开发,19920327,
600604.SH,市北高新,20040405,2.3111,2.3513,2.355,2.2928,2.3038,2.0618,12667.7,8040.449,0.04750000000000032,上海,园区开发,19920327,
600604.SH,市北高新,20040402,2.2928,2.3038,2.3221,2.2855,2.2928,0.4798,7403.32,4657.341,0.010999999999999677,上海,园区开发,19920327,
600604.SH,市北高新,20040401,2.2928,2.2928,2.3038,2.2636,2.2965,-0.1611,4667.89,2912.833,-0.0036999999999998145,上海,园区开发,19920327,
600604.SH,市北高新,20040331,2.2416,2.2965,2.3294,2.2416,2.2416,2.4491,7384.82,4617.334,0.05489999999999995,上海,园区开发,19920327,
600604.SH,市北高新,20040330,2.238,2.2416,2.2526,2.2124,2.238,0.1609,5899.99,3595.356,0.0036000000000000476,上海,园区开发,19920327,
600604.SH,市北高新,20040329,2.2745,2.238,2.2818,2.2343,2.2745,-1.6047,5243.0,3240.679,-0.0365000000000002,上海,园区开发,19920327,
600604.SH,市北高新,20040326,2.2928,2.2745,2.2928,2.2562,2.2709,0.1585,5488.72,3410.52,0.0036000000000000476,上海,园区开发,19920327,
600604.SH,市北高新,20040325,2.3221,2.2709,2.3221,2.2562,2.2965,-1.1147,8422.9,5242.525,-0.025599999999999845,上海,园区开发,19920327,
600604.SH,市北高新,20040324,2.344,2.2965,2.3733,2.2855,2.3477,-2.1809,8775.62,5578.965,-0.051200000000000134,上海,园区开发,19920327,
600604.SH,市北高新,20040323,2.3038,2.3477,2.3586,2.2818,2.3038,1.9055,13598.08,8662.872,0.04390000000000027,上海,园区开发,19920327,
600604.SH,市北高新,20040322,2.3184,2.3038,2.3403,2.2636,2.3403,-1.5596,17150.58,10786.082,-0.0365000000000002,上海,园区开发,19920327,
600604.SH,市北高新,20040319,2.2928,2.3403,2.4427,2.2892,2.2416,4.4031,52785.89,34087.617,0.09870000000000001,上海,园区开发,19920327,
600604.SH,市北高新,20040318,2.205,2.2416,2.2599,2.2014,2.205,1.6599,15572.79,9518.153,0.036599999999999966,上海,园区开发,19920327,
600604.SH,市北高新,20040317,2.216,2.205,2.2233,2.1831,2.216,-0.4964,6013.73,3613.34,-0.01100000000000012,上海,园区开发,19920327,
600604.SH,市北高新,20040316,2.2197,2.216,2.2416,2.1977,2.2197,-0.1667,6285.76,3804.353,-0.0036999999999998145,上海,园区开发,19920327,
600604.SH,市北高新,20040315,2.1941,2.2197,2.2416,2.1868,2.2014,0.8313,6610.89,4006.116,0.018299999999999983,上海,园区开发,19920327,
600604.SH,市北高新,20040312,2.2014,2.2014,2.2087,2.1575,2.1941,0.3327,4720.43,2806.894,0.007299999999999862,上海,园区开发,19920327,
600604.SH,市北高新,20040311,2.1721,2.1941,2.205,2.1429,2.1685,1.1805,4835.7,2879.605,0.02560000000000029,上海,园区开发,19920327,
600604.SH,市北高新,20040310,2.1173,2.1685,2.1721,2.1027,2.1209,2.2443,3402.35,2001.192,0.04760000000000009,上海,园区开发,19920327,
600604.SH,市北高新,20040309,2.1319,2.1209,2.1539,2.1173,2.1319,-0.516,3108.0,1812.501,-0.01100000000000012,上海,园区开发,19920327,
600604.SH,市北高新,20040308,2.1868,2.1319,2.2124,2.1319,2.1904,-2.6707,5141.03,3045.07,-0.058499999999999996,上海,园区开发,19920327,
600604.SH,市北高新,20040305,2.2233,2.1904,2.227,2.1904,2.2306,-1.8022,5471.0,3304.63,-0.040200000000000014,上海,园区开发,19920327,
600604.SH,市北高新,20040304,2.2014,2.2306,2.2343,2.1685,2.2014,1.3264,7148.75,4300.419,0.029199999999999893,上海,园区开发,19920327,
600604.SH,市北高新,20040303,2.2636,2.2014,2.2636,2.1941,2.2636,-2.7478,6808.03,4135.204,-0.06219999999999981,上海,园区开发,19920327,
600604.SH,市北高新,20040302,2.2672,2.2636,2.2709,2.2233,2.2672,-0.1588,5807.19,3564.311,-0.0036000000000000476,上海,园区开发,19920327,
600604.SH,市北高新,20040301,2.2416,2.2672,2.2855,2.2124,2.238,1.3047,7248.97,4446.401,0.029199999999999893,上海,园区开发,19920327,
600604.SH,市北高新,20040227,2.205,2.238,2.2489,2.1795,2.2014,1.6626,8461.4,5140.742,0.036599999999999966,上海,园区开发,19920327,
600604.SH,市北高新,20040226,2.2672,2.2014,2.2855,2.1685,2.2928,-3.9864,17711.11,10715.692,-0.09140000000000015,上海,园区开发,19920327,
600604.SH,市北高新,20040225,2.4318,2.2928,2.4427,2.2855,2.4318,-5.7159,29617.66,19347.612,-0.1389999999999998,上海,园区开发,19920327,
600604.SH,市北高新,20040224,2.2965,2.4318,2.4318,2.2233,2.3111,5.2226,48324.75,31314.187,0.12069999999999981,上海,园区开发,19920327,
600604.SH,市北高新,20040223,2.3403,2.3111,2.3696,2.3111,2.3367,-1.0956,16023.45,10273.602,-0.025599999999999845,上海,园区开发,19920327,
600604.SH,市北高新,20040220,2.2818,2.3367,2.3403,2.2818,2.2818,2.406,16406.35,10394.892,0.05489999999999995,上海,园区开发,19920327,
600604.SH,市北高新,20040219,2.2965,2.2818,2.3221,2.2709,2.2965,-0.6401,9146.17,5719.36,-0.014699999999999935,上海,园区开发,19920327,
600604.SH,市北高新,20040218,2.2636,2.2965,2.3221,2.2636,2.2599,1.6195,9969.33,6257.731,0.036599999999999966,上海,园区开发,19920327,
600604.SH,市北高新,20040217,2.2489,2.2599,2.2855,2.2489,2.2636,-0.1635,10066.54,6246.501,-0.0036999999999998145,上海,园区开发,19920327,
600604.SH,市北高新,20040216,2.2233,2.2636,2.2672,2.2014,2.2343,1.3114,8924.52,5465.793,0.02929999999999966,上海,园区开发,19920327,
600604.SH,市北高新,20040213,2.2489,2.2343,2.3294,2.2306,2.2562,-0.9707,11397.95,7084.977,-0.02190000000000003,上海,园区开发,19920327,
600604.SH,市北高新,20040212,2.2892,2.2562,2.3148,2.2562,2.3001,-1.9086,11646.11,7259.089,-0.04389999999999983,上海,园区开发,19920327,
600604.SH,市北高新,20040211,2.3403,2.3001,2.3623,2.2599,2.3623,-2.633,15616.51,9786.692,-0.06219999999999981,上海,园区开发,19920327,
600604.SH,市北高新,20040210,2.2892,2.3623,2.4062,2.2745,2.2709,4.0248,30659.65,19645.372,0.0913999999999997,上海,园区开发,19920327,
600604.SH,市北高新,20040209,2.2526,2.2709,2.3038,2.2416,2.2562,0.6515,13354.61,8281.892,0.014699999999999935,上海,园区开发,19920327,
600604.SH,市北高新,20040206,2.2124,2.2562,2.3257,2.1758,2.2124,1.9798,26140.36,16177.684,0.04380000000000006,上海,园区开发,19920327,
600604.SH,市北高新,20040205,2.2233,2.2124,2.3038,2.2014,2.1831,1.3421,30256.32,18555.767,0.029300000000000104,上海,园区开发,19920327,
600604.SH,市北高新,20040204,2.1027,2.1831,2.1941,2.1027,2.0917,4.3697,20295.51,11917.871,0.09140000000000015,上海,园区开发,19920327,
600604.SH,市北高新,20040203,2.0734,2.0917,2.11,2.0478,2.0734,0.8826,10819.3,6148.5,0.018299999999999983,上海,园区开发,19920327,
600604.SH,市北高新,20040202,2.0332,2.0734,2.0953,2.0259,2.0259,2.3446,18186.22,10296.426,0.047499999999999876,上海,园区开发,19920327,
600604.SH,市北高新,20040130,1.993,2.0259,2.0771,1.9747,1.9856,2.0296,15690.85,8699.919,0.0403,上海,园区开发,19920327,
600604.SH,市北高新,20040129,1.9235,1.9856,1.9856,1.9235,1.9198,3.4274,6273.94,3379.67,0.06580000000000008,上海,园区开发,19920327,
600604.SH,市北高新,20040116,1.9015,1.9198,1.9454,1.9015,1.9162,0.1879,4745.41,2492.322,0.0036000000000000476,上海,园区开发,19920327,
600604.SH,市北高新,20040115,1.9674,1.9162,1.971,1.9088,1.971,-2.7803,5554.41,2934.228,-0.05480000000000018,上海,园区开发,19920327,
600604.SH,市北高新,20040114,1.9637,1.971,2.0186,1.9454,1.9637,0.3717,10366.55,5621.922,0.007300000000000084,上海,园区开发,19920327,
600604.SH,市北高新,20040113,1.9308,1.9637,1.9747,1.9052,1.9235,2.0899,9803.02,5196.419,0.040200000000000014,上海,园区开发,19920327,
600604.SH,市北高新,20040112,1.9015,1.9235,1.9491,1.9015,1.9015,1.157,5835.68,3073.577,0.02200000000000002,上海,园区开发,19920327,
600604.SH,市北高新,20040109,1.9308,1.9015,1.9454,1.8906,1.9235,-1.1437,6747.53,3518.982,-0.02200000000000002,上海,园区开发,19920327,
600604.SH,市北高新,20040108,1.8723,1.9235,1.9564,1.865,1.8723,2.7346,8703.01,4572.758,0.05119999999999991,上海,园区开发,19920327,
600604.SH,市北高新,20040107,1.8357,1.8723,1.8723,1.8284,1.8467,1.3863,6073.38,3081.718,0.025600000000000067,上海,园区开发,19920327,
600604.SH,市北高新,20040106,1.8357,1.8467,1.8723,1.8174,1.8467,0.0,7773.78,3914.675,0.0,上海,园区开发,19920327,
600604.SH,市北高新,20040105,1.8906,1.8467,1.8942,1.8284,1.8906,-2.322,9045.99,4557.83,-0.04390000000000005,上海,园区开发,19920327,
600604.SH,市北高新,20040102,1.8759,1.8906,1.9015,1.865,1.8796,0.5852,2324.4,1198.574,0.01100000000000012,上海,园区开发,19920327,
600604.SH,市北高新,20031231,1.8979,1.8796,1.9015,1.8723,1.8906,-0.5818,2219.96,1145.274,-0.01100000000000012,上海,园区开发,19920327,
600604.SH,市北高新,20031230,1.9015,1.8906,1.9198,1.8869,1.9052,-0.7663,2842.7,1476.927,-0.014599999999999946,上海,园区开发,19920327,
600604.SH,市北高新,20031229,1.9381,1.9052,1.9527,1.9015,1.9527,-2.4325,4974.35,2605.232,-0.0475000000000001,上海,园区开发,19920327,
600604.SH,市北高新,20031226,1.9381,1.9527,2.0039,1.9381,1.9491,0.1847,3852.36,2075.13,0.0036000000000000476,上海,园区开发,19920327,
600604.SH,市北高新,20031225,1.9308,1.9491,1.993,1.9052,1.9308,0.9478,6457.18,3434.678,0.018299999999999983,上海,园区开发,19920327,
600604.SH,市北高新,20031224,1.9235,1.9308,1.9418,1.9088,1.9418,-0.5665,5165.24,2716.289,-0.010999999999999899,上海,园区开发,19920327,
600604.SH,市北高新,20031223,1.9637,1.9418,2.0003,1.9015,1.9637,-1.1152,7510.72,4006.55,-0.02190000000000003,上海,园区开发,19920327,
600604.SH,市北高新,20031222,1.9454,1.9637,1.971,1.7955,1.9454,0.9407,13402.97,6862.816,0.018299999999999983,上海,园区开发,19920327,
600604.SH,市北高新,20031219,2.1392,1.9454,2.1392,1.9271,2.1392,-9.0595,20519.34,11233.934,-0.1938000000000002,上海,园区开发,19920327,
600604.SH,市北高新,20031218,2.1356,2.1392,2.2489,2.0917,2.1612,-1.018,30366.73,18231.058,-0.021999999999999797,上海,园区开发,19920327,
600604.SH,市北高新,20031217,2.1027,2.1612,2.2599,2.0624,2.099,2.9633,39484.72,23540.033,0.06219999999999981,上海,园区开发,19920327,
600604.SH,市北高新,20031216,2.0112,2.099,2.1539,1.9674,2.0368,3.0538,13332.66,7514.649,0.062200000000000255,上海,园区开发,19920327,
600604.SH,市北高新,20031215,2.0405,2.0368,2.0588,2.0149,2.0405,-0.1813,4527.0,2529.926,-0.0037000000000002586,上海,园区开发,19920327,
600604.SH,市北高新,20031212,2.0186,2.0405,2.0771,1.993,2.0112,1.4568,11642.9,6519.995,0.029300000000000104,上海,园区开发,19920327,
600604.SH,市北高新,20031211,1.9856,2.0112,2.0186,1.9783,1.982,1.4733,3503.72,1916.742,0.029200000000000115,上海,园区开发,19920327,
600604.SH,市北高新,20031210,1.9747,1.982,2.0076,1.9637,1.982,0.0,3760.67,2035.839,0.0,上海,园区开发,19920327,
600604.SH,市北高新,20031209,1.9674,1.982,1.9856,1.9527,1.9747,0.3697,2056.99,1106.642,0.007300000000000084,上海,园区开发,19920327,
600604.SH,市北高新,20031208,2.0222,1.9747,2.0332,1.971,2.0332,-2.8772,2726.88,1483.712,-0.058499999999999996,上海,园区开发,19920327,
600604.SH,市北高新,20031205,2.0112,2.0332,2.0441,2.0039,2.0039,1.4621,4082.46,2259.162,0.029300000000000104,上海,园区开发,19920327,
600604.SH,市北高新,20031204,2.0112,2.0039,2.0332,1.9747,2.0222,-0.905,5023.14,2743.512,-0.018300000000000427,上海,园区开发,19920327,
600604.SH,市北高新,20031203,2.0515,2.0222,2.0734,1.9893,2.0478,-1.2501,6751.51,3759.434,-0.025599999999999845,上海,园区开发,19920327,
600604.SH,市北高新,20031202,2.0112,2.0478,2.0624,1.9893,2.0003,2.3746,9456.85,5252.276,0.047499999999999876,上海,园区开发,19920327,
600604.SH,市北高新,20031201,1.9454,2.0003,2.0003,1.9454,1.9418,3.0127,3208.24,1743.582,0.05850000000000022,上海,园区开发,19920327,
600604.SH,市北高新,20031128,1.96,1.9418,1.9674,1.9198,1.9271,0.7628,2265.25,1205.487,0.014699999999999935,上海,园区开发,19920327,
600604.SH,市北高新,20031127,2.0186,1.9271,2.0186,1.9088,2.0076,-4.0098,3290.0,1766.064,-0.08050000000000002,上海,园区开发,19920327,
600604.SH,市北高新,20031126,1.9966,2.0076,2.0588,1.9674,2.0003,0.3649,6177.03,3400.597,0.007299999999999862,上海,园区开发,19920327,
600604.SH,市北高新,20031125,2.0588,2.0003,2.0697,1.993,1.993,0.3663,10545.61,5862.354,0.007300000000000084,上海,园区开发,19920327,
600604.SH,市北高新,20031124,1.9015,1.993,2.0039,1.8832,1.9162,4.0079,5013.2,2681.342,0.0768000000000002,上海,园区开发,19920327,
600604.SH,市北高新,20031121,1.96,1.9162,2.0112,1.9088,1.9527,-1.8692,9581.39,5176.583,-0.0365000000000002,上海,园区开发,19920327,
600604.SH,市北高新,20031120,1.8577,1.9527,1.9747,1.8321,1.865,4.7024,7876.32,4122.583,0.08770000000000011,上海,园区开发,19920327,
600604.SH,市北高新,20031119,1.8174,1.865,1.8796,1.8174,1.8357,1.5961,1912.66,972.706,0.02929999999999988,上海,园区开发,19920327,
600604.SH,市北高新,20031118,1.8467,1.8357,1.865,1.8247,1.8723,-1.9548,1563.51,786.915,-0.036599999999999966,上海,园区开发,19920327,
600604.SH,市北高新,20031117,1.8284,1.8723,1.9418,1.8284,1.8467,1.3863,3748.51,1941.192,0.025600000000000067,上海,园区开发,19920327,
600604.SH,市北高新,20031114,1.8028,1.8467,1.8467,1.7955,1.8065,2.2253,2040.52,1020.28,0.040200000000000014,上海,园区开发,19920327,
600604.SH,市北高新,20031113,1.7991,1.8065,1.8101,1.7845,1.7991,0.4113,1036.0,508.945,0.007400000000000073,上海,园区开发,19920327,
600604.SH,市北高新,20031112,1.8467,1.7991,1.8467,1.7991,1.8174,-1.0069,1251.0,621.536,-0.018299999999999983,上海,园区开发,19920327,
600604.SH,市北高新,20031111,1.7991,1.8174,1.8284,1.7991,1.7991,1.0172,1345.1,667.521,0.018299999999999983,上海,园区开发,19920327,
600604.SH,市北高新,20031110,1.8174,1.7991,1.8284,1.7772,1.8174,-1.0069,1570.98,770.51,-0.018299999999999983,上海,园区开发,19920327,
600604.SH,市北高新,20031107,1.8796,1.8174,1.8796,1.7918,1.843,-1.389,3092.0,1553.516,-0.025600000000000067,上海,园区开发,19920327,
600604.SH,市北高新,20031106,1.9856,1.843,1.9856,1.8284,1.9856,-7.1817,4495.01,2303.406,-0.14260000000000006,上海,园区开发,19920327,
600604.SH,市北高新,20031105,2.0149,1.9856,2.0295,1.982,2.0259,-1.9892,2220.1,1214.392,-0.0403,上海,园区开发,19920327,
600604.SH,市北高新,20031104,2.0186,2.0259,2.0551,2.0076,2.0076,0.9115,2744.41,1525.267,0.018299999999999983,上海,园区开发,19920327,
600604.SH,市北高新,20031103,1.971,2.0076,2.0295,1.971,1.9747,1.6661,1074.03,584.489,0.03290000000000015,上海,园区开发,19920327,
600604.SH,市北高新,20031031,1.9637,1.9747,2.0295,1.9637,1.9783,-0.182,1591.43,867.065,-0.0036000000000000476,上海,园区开发,19920327,
600604.SH,市北高新,20031030,2.0039,1.9783,2.0039,1.9454,2.0076,-1.4595,1831.58,983.929,-0.029300000000000104,上海,园区开发,19920327,
600604.SH,市北高新,20031029,2.088,2.0076,2.1173,1.9381,2.0844,-3.6845,2586.93,1425.302,-0.07679999999999998,上海,园区开发,19920327,
600604.SH,市北高新,20031028,2.1502,2.0844,2.1795,2.0771,2.1502,-3.0602,2389.54,1374.913,-0.06579999999999986,上海,园区开发,19920327,
600604.SH,市北高新,20031027,2.1904,2.1502,2.1941,2.1429,2.2087,-2.6486,1793.31,1057.609,-0.058499999999999996,上海,园区开发,19920327,
600604.SH,市北高新,20031024,2.2599,2.2087,2.2599,2.1977,2.2416,-1.4677,790.91,479.19,-0.03290000000000015,上海,园区开发,19920327,
600604.SH,市北高新,20031023,2.2599,2.2416,2.2599,2.2197,2.2416,0.0,1509.41,921.536,0.0,上海,园区开发,19920327,
600604.SH,市北高新,20031022,2.1831,2.2416,2.2453,2.1831,2.1795,2.8493,2269.29,1379.785,0.062100000000000044,上海,园区开发,19920327,
600604.SH,市北高新,20031021,2.1685,2.1795,2.1904,2.1575,2.1721,0.3407,1226.49,728.271,0.007400000000000073,上海,园区开发,19920327,
600604.SH,市北高新,20031020,2.2087,2.1721,2.216,2.1648,2.205,-1.4921,1120.49,671.217,-0.03290000000000015,上海,园区开发,19920327,
600604.SH,市北高新,20031017,2.2233,2.205,2.2233,2.1977,2.1941,0.4968,690.5,416.448,0.01089999999999991,上海,园区开发,19920327,
600604.SH,市北高新,20031016,2.216,2.1941,2.238,2.1941,2.2306,-1.6363,1545.0,934.141,-0.036499999999999755,上海,园区开发,19920327,
600604.SH,市北高新,20031015,2.238,2.2306,2.3074,2.2233,2.2343,-0.1656,3109.77,1927.535,-0.0037000000000002586,上海,园区开发,19920327,
600604.SH,市北高新,20031014,2.2672,2.2343,2.2672,2.2306,2.2562,-0.9707,2155.34,1320.553,-0.02190000000000003,上海,园区开发,19920327,
600604.SH,市北高新,20031013,2.2855,2.2562,2.2928,2.2562,2.2855,-1.282,3026.49,1883.707,-0.02929999999999966,上海,园区开发,19920327,
600604.SH,市北高新,20031010,2.2306,2.2855,2.2928,2.2306,2.2306,2.4612,3804.63,2364.656,0.05489999999999995,上海,园区开发,19920327,
600604.SH,市北高新,20031009,2.2233,2.2306,2.2526,2.2233,2.2599,-1.2965,1752.07,1071.464,-0.029300000000000104,上海,园区开发,19920327,
600604.SH,市北高新,20031008,2.2416,2.2599,2.2599,2.216,2.2087,2.3181,3543.24,2175.623,0.051200000000000134,上海,园区开发,19920327,
600604.SH,市北高新,20030930,2.2124,2.2087,2.227,2.1612,2.227,-0.8217,1776.72,1065.239,-0.018299999999999983,上海,园区开发,19920327,
600604.SH,市北高新,20030929,2.227,2.227,2.2489,2.1904,2.1758,2.3532,4468.39,2711.304,0.05119999999999969,上海,园区开发,19920327,
600604.SH,市北高新,20030926,2.1758,2.1758,2.1795,2.1575,2.1685,0.3366,1234.18,729.678,0.007300000000000306,上海,园区开发,19920327,
600604.SH,市北高新,20030925,2.205,2.1685,2.2197,2.1575,2.2306,-2.784,1054.0,628.511,-0.062100000000000044,上海,园区开发,19920327,
600604.SH,市北高新,20030924,2.2124,2.2306,2.2343,2.1941,2.1941,1.6636,1828.34,1106.019,0.036499999999999755,上海,园区开发,19920327,
600604.SH,市北高新,20030923,2.1685,2.1941,2.1977,2.1648,2.1721,1.0128,1426.45,849.237,0.02200000000000024,上海,园区开发,19920327,
600604.SH,市北高新,20030922,2.2087,2.1721,2.2087,2.1612,2.1904,-0.8355,852.0,507.372,-0.018299999999999983,上海,园区开发,19920327,
600604.SH,市北高新,20030919,2.1575,2.1904,2.2087,2.1575,2.1575,1.5249,1258.12,749.659,0.03289999999999971,上海,园区开发,19920327,
600604.SH,市北高新,20030918,2.2087,2.1575,2.227,2.1502,2.2087,-2.3181,3231.94,1928.518,-0.05119999999999969,上海,园区开发,19920327,
600604.SH,市北高新,20030917,2.2599,2.2087,2.2599,2.2087,2.2818,-3.2036,2657.1,1612.252,-0.07310000000000016,上海,园区开发,19920327,
600604.SH,市北高新,20030916,2.2416,2.2818,2.2855,2.2416,2.2526,1.2963,1432.91,884.724,0.029199999999999893,上海,园区开发,19920327,
600604.SH,市北高新,20030915,2.2489,2.2526,2.2855,2.2453,2.2672,-0.644,1629.83,1005.255,-0.014599999999999724,上海,园区开发,19920327,
600604.SH,市北高新,20030912,2.2892,2.2672,2.2965,2.2599,2.3038,-1.5887,1536.98,954.877,-0.036599999999999966,上海,园区开发,19920327,
600604.SH,市北高新,20030911,2.2892,2.3038,2.3074,2.2782,2.2892,0.6378,1083.11,678.148,0.014599999999999724,上海,园区开发,19920327,
600604.SH,市北高新,20030910,2.2965,2.2892,2.2965,2.2745,2.2928,-0.157,992.02,620.502,-0.0036000000000000476,上海,园区开发,19920327,
600604.SH,市北高新,20030909,2.3257,2.2928,2.333,2.2855,2.3257,-1.4146,2075.4,1305.167,-0.03289999999999971,上海,园区开发,19920327,
600604.SH,市北高新,20030908,2.3111,2.3257,2.333,2.2892,2.3111,0.6317,2073.25,1309.307,0.014599999999999724,上海,园区开发,19920327,
600604.SH,市北高新,20030905,2.3769,2.3111,2.3769,2.2965,2.3769,-2.7683,5354.7,3400.241,-0.06579999999999986,上海,园区开发,19920327,
600604.SH,市北高新,20030904,2.4391,2.3769,2.4427,2.3696,2.4501,-2.9876,10003.06,6554.5,-0.07319999999999993,上海,园区开发,19920327,
600604.SH,市北高新,20030903,2.3513,2.4501,2.5451,2.344,2.3477,4.3617,22475.89,15040.275,0.10239999999999982,上海,园区开发,19920327,
600604.SH,市北高新,20030902,2.3221,2.3477,2.355,2.3184,2.3111,1.5837,4395.46,2805.515,0.036599999999999966,上海,园区开发,19920327,
600604.SH,市北高新,20030901,2.2745,2.3111,2.3367,2.2745,2.3038,0.3169,6787.34,4308.057,0.007300000000000306,上海,园区开发,19920327,
600604.SH,市北高新,20030829,2.333,2.3038,2.3513,2.2928,2.333,-1.2516,3998.24,2528.956,-0.029200000000000337,上海,园区开发,19920327,
600604.SH,市北高新,20030828,2.3403,2.333,2.3477,2.3001,2.3184,0.6297,3262.89,2076.075,0.014600000000000168,上海,园区开发,19920327,
600604.SH,市北高新,20030827,2.2818,2.3184,2.3294,2.2599,2.2818,1.604,3512.81,2209.386,0.036599999999999966,上海,园区开发,19920327,
600604.SH,市北高新,20030826,2.2672,2.2818,2.2928,2.2416,2.2855,-0.1619,825.0,513.682,-0.0036999999999998145,上海,园区开发,19920327,
600604.SH,市北高新,20030825,2.3148,2.2855,2.3184,2.2672,2.3111,-1.1077,1815.5,1140.959,-0.02560000000000029,上海,园区开发,19920327,
600604.SH,市北高新,20030822,2.2745,2.3111,2.3184,2.2745,2.2892,0.9567,3042.95,1918.863,0.02190000000000003,上海,园区开发,19920327,
600604.SH,市北高新,20030821,2.2745,2.2892,2.2892,2.2599,2.2745,0.6463,1116.38,694.604,0.014699999999999935,上海,园区开发,19920327,
600604.SH,市北高新,20030820,2.2855,2.2745,2.2965,2.2526,2.2636,0.4815,1144.17,710.982,0.010900000000000354,上海,园区开发,19920327,
600604.SH,市北高新,20030819,2.2672,2.2636,2.2745,2.2526,2.2599,0.1637,782.0,484.137,0.0036999999999998145,上海,园区开发,19920327,
600604.SH,市北高新,20030818,2.2745,2.2599,2.2782,2.2416,2.2745,-0.6419,1274.37,786.999,-0.014600000000000168,上海,园区开发,19920327,
600604.SH,市北高新,20030815,2.2965,2.2745,2.2965,2.2672,2.2745,0.0,819.0,508.905,0.0,上海,园区开发,19920327,
600604.SH,市北高新,20030814,2.2782,2.2745,2.3038,2.2636,2.2782,-0.1624,1021.0,636.77,-0.0036999999999998145,上海,园区开发,19920327,
600604.SH,市北高新,20030813,2.333,2.2782,2.3367,2.2672,2.3074,-1.2655,826.0,515.623,-0.029199999999999893,上海,园区开发,19920327,
600604.SH,市北高新,20030812,2.3038,2.3074,2.3294,2.2855,2.2928,0.6368,652.89,411.597,0.014599999999999724,上海,园区开发,19920327,
600604.SH,市北高新,20030811,2.2709,2.2928,2.2928,2.2672,2.2928,0.0,870.45,543.181,0.0,上海,园区开发,19920327,
600604.SH,市北高新,20030808,2.3221,2.2928,2.3221,2.2855,2.3367,-1.8787,1713.51,1077.327,-0.04389999999999983,上海,园区开发,19920327,
600604.SH,市北高新,20030807,2.3403,2.3367,2.3696,2.3367,2.3403,-0.1538,1073.54,690.207,-0.0036000000000000476,上海,园区开发,19920327,
600604.SH,市北高新,20030805,2.3586,2.3403,2.3659,2.3257,2.3513,-0.4678,966.71,620.024,-0.01100000000000012,上海,园区开发,19920327,
600604.SH,市北高新,20030804,2.2928,2.3513,2.3915,2.2928,2.2928,2.5515,1918.42,1229.484,0.058499999999999996,上海,园区开发,19920327,
600604.SH,市北高新,20030801,2.3074,2.2928,2.3074,2.2672,2.3074,-0.6327,1559.9,972.215,-0.014599999999999724,上海,园区开发,19920327,
600604.SH,市北高新,20030731,2.3184,2.3074,2.3221,2.3038,2.3221,-0.633,664.0,420.329,-0.014699999999999935,上海,园区开发,19920327,
600604.SH,市北高新,20030730,2.3038,2.3221,2.3221,2.2965,2.3148,0.3154,708.0,447.761,0.007299999999999862,上海,园区开发,19920327,
600604.SH,市北高新,20030729,2.3111,2.3148,2.3257,2.2965,2.3111,0.1601,1318.59,832.6,0.0036999999999998145,上海,园区开发,19920327,
600604.SH,市北高新,20030728,2.355,2.3111,2.355,2.3038,2.355,-1.8641,2563.78,1621.376,-0.04389999999999983,上海,园区开发,19920327,
600604.SH,市北高新,20030725,2.3769,2.355,2.4135,2.355,2.3806,-1.0754,1813.28,1176.672,-0.025599999999999845,上海,园区开发,19920327,
600604.SH,市北高新,20030724,2.4135,2.3806,2.4135,2.3769,2.4208,-1.6606,1585.0,1034.668,-0.040200000000000014,上海,园区开发,19920327,
600604.SH,市北高新,20030723,2.3952,2.4208,2.4318,2.3952,2.3989,0.9129,704.04,465.033,0.02190000000000003,上海,园区开发,19920327,
600604.SH,市北高新,20030722,2.4537,2.3989,2.4537,2.3769,2.3989,0.0,1976.01,1297.822,0.0,上海,园区开发,19920327,
600604.SH,市北高新,20030721,2.3879,2.3989,2.4135,2.3842,2.4171,-0.753,2731.17,1789.302,-0.018200000000000216,上海,园区开发,19920327,
600604.SH,市北高新,20030718,2.5305,2.4171,2.5305,2.4098,2.5305,-4.4813,3470.0,2330.272,-0.11339999999999995,上海,园区开发,19920327,
600604.SH,市北高新,20030717,2.4903,2.5305,2.5415,2.4903,2.4793,2.0651,12194.38,8420.198,0.051200000000000134,上海,园区开发,19920327,
600604.SH,市北高新,20030716,2.4866,2.4793,2.4939,2.4501,2.4647,0.5924,2854.14,1932.745,0.014599999999999724,上海,园区开发,19920327,
600604.SH,市北高新,20030715,2.4025,2.4647,2.4757,2.3952,2.4171,1.9693,2988.09,1985.843,0.04760000000000009,上海,园区开发,19920327,
600604.SH,市北高新,20030714,2.4318,2.4171,2.4318,2.3989,2.4354,-0.7514,2573.44,1696.568,-0.018299999999999983,上海,园区开发,19920327,
600604.SH,市北高新,20030711,2.4866,2.4354,2.4866,2.4318,2.4866,-2.059,2253.0,1510.746,-0.051200000000000134,上海,园区开发,19920327,
600604.SH,市北高新,20030710,2.4574,2.4866,2.4903,2.4501,2.4647,0.8885,3049.4,2059.2,0.02190000000000003,上海,园区开发,19920327,
600604.SH,市北高新,20030709,2.5012,2.4647,2.5159,2.4574,2.4574,0.2971,4450.0,3039.047,0.007300000000000306,上海,园区开发,19920327,
600604.SH,市北高新,20030708,2.4501,2.4574,2.5012,2.4171,2.4318,1.0527,3434.6,2314.909,0.025599999999999845,上海,园区开发,19920327,
600604.SH,市北高新,20030707,2.4574,2.4318,2.4574,2.4098,2.4391,-0.2993,1055.09,699.145,-0.007299999999999862,上海,园区开发,19920327,
600604.SH,市北高新,20030704,2.4501,2.4391,2.4757,2.4354,2.4464,-0.2984,1224.71,820.914,-0.007300000000000306,上海,园区开发,19920327,
600604.SH,市北高新,20030703,2.4098,2.4464,2.4464,2.3989,2.3952,2.1376,1495.13,992.217,0.051200000000000134,上海,园区开发,19920327,
600604.SH,市北高新,20030702,2.3769,2.3952,2.4135,2.3733,2.3696,1.0804,1099.0,718.604,0.025599999999999845,上海,园区开发,19920327,
600604.SH,市北高新,20030701,2.3769,2.3696,2.4245,2.3696,2.3769,-0.3071,1363.0,892.65,-0.007299999999999862,上海,园区开发,19920327,
600604.SH,市北高新,20030630,2.3952,2.3769,2.4062,2.3696,2.4098,-1.3653,1897.78,1239.075,-0.03290000000000015,上海,园区开发,19920327,
600604.SH,市北高新,20030627,2.4501,2.4098,2.483,2.4062,2.4501,-1.6448,1953.08,1295.353,-0.04029999999999978,上海,园区开发,19920327,
600604.SH,市北高新,20030626,2.4464,2.4501,2.4501,2.3989,2.4427,0.3029,2989.87,1980.0,0.007400000000000073,上海,园区开发,19920327,
600604.SH,市北高新,20030625,2.4939,2.4427,2.4976,2.4318,2.4939,-2.053,2237.08,1504.722,-0.051200000000000134,上海,园区开发,19920327,
600604.SH,市北高新,20030624,2.4903,2.4939,2.5049,2.4683,2.4903,0.1446,1719.49,1167.933,0.0036000000000000476,上海,园区开发,19920327,
600604.SH,市北高新,20030623,2.5086,2.4903,2.5342,2.4866,2.5232,-1.3039,2139.72,1461.045,-0.03290000000000015,上海,园区开发,19920327,
600604.SH,市北高新,20030620,2.5342,2.5232,2.5598,2.5232,2.5415,-0.72,1566.65,1086.553,-0.018299999999999983,上海,园区开发,19920327,
600604.SH,市北高新,20030619,2.5707,2.5415,2.578,2.5268,2.589,-1.8347,3176.52,2209.112,-0.047499999999999876,上海,园区开发,19920327,
600604.SH,市北高新,20030618,2.6292,2.589,2.6292,2.5854,2.6292,-1.529,2609.0,1856.32,-0.040200000000000014,上海,园区开发,19920327,
600604.SH,市北高新,20030617,2.5451,2.6292,2.6292,2.5451,2.5524,3.0089,6339.97,4516.515,0.07679999999999998,上海,园区开发,19920327,
600604.SH,市北高新,20030616,2.5634,2.5524,2.5707,2.5268,2.5598,-0.2891,2246.63,1560.505,-0.007400000000000073,上海,园区开发,19920327,
600604.SH,市北高新,20030613,2.5305,2.5598,2.5927,2.5305,2.5561,0.1448,2149.67,1506.965,0.0037000000000002586,上海,园区开发,19920327,
600604.SH,市北高新,20030612,2.578,2.5561,2.6146,2.5305,2.5854,-1.1333,4647.95,3280.914,-0.029300000000000104,上海,园区开发,19920327,
600604.SH,市北高新,20030611,2.5159,2.5854,2.6256,2.5049,2.4903,3.8188,5838.96,4120.701,0.09509999999999996,上海,园区开发,19920327,
600604.SH,市北高新,20030610,2.4537,2.4903,2.5122,2.4537,2.472,0.7403,2804.5,1911.49,0.018299999999999983,上海,园区开发,19920327,
600604.SH,市北高新,20030609,2.5049,2.472,2.5049,2.4245,2.5232,-2.0292,3965.15,2676.382,-0.051200000000000134,上海,园区开发,19920327,
600604.SH,市北高新,20030606,2.611,2.5232,2.611,2.5049,2.611,-3.3627,7009.91,4882.515,-0.0878000000000001,上海,园区开发,19920327,
600604.SH,市北高新,20030605,2.6804,2.611,2.6804,2.6073,2.6475,-1.3787,3875.18,2791.67,-0.036499999999999755,上海,园区开发,19920327,
600604.SH,市北高新,20030604,2.6402,2.6475,2.6695,2.5963,2.6841,-1.3636,9458.98,6802.968,-0.036599999999999966,上海,园区开发,19920327,
600604.SH,市北高新,20030603,2.6146,2.6841,2.8084,2.6146,2.5598,4.8558,36540.91,27093.181,0.12429999999999986,上海,园区开发,19920327,
600604.SH,市北高新,20030602,2.5195,2.5598,2.5671,2.5012,2.5268,1.306,5309.35,3677.959,0.03299999999999992,上海,园区开发,19920327,
600604.SH,市北高新,20030530,2.5415,2.5268,2.5561,2.4976,2.5232,0.1427,6675.27,4623.483,0.0036000000000000476,上海,园区开发,19920327,
600604.SH,市北高新,20030529,2.4683,2.5232,2.5232,2.4501,2.4683,2.2242,7321.75,4981.586,0.05489999999999995,上海,园区开发,19920327,
600604.SH,市北高新,20030528,2.4574,2.4683,2.5122,2.4427,2.4647,0.1461,7196.74,4875.445,0.0036000000000000476,上海,园区开发,19920327,
600604.SH,市北高新,20030527,2.4501,2.4647,2.4647,2.3989,2.4427,0.9006,4054.25,2693.565,0.02200000000000024,上海,园区开发,19920327,
600604.SH,市北高新,20030526,2.4025,2.4427,2.4501,2.3952,2.4025,1.6733,4707.05,3111.366,0.040200000000000014,上海,园区开发,19920327,
600604.SH,市北高新,20030523,2.4135,2.4025,2.4208,2.3806,2.4062,-0.1538,4596.89,3016.661,-0.0037000000000002586,上海,园区开发,19920327,
600604.SH,市北高新,20030522,2.3989,2.4062,2.4135,2.3733,2.4208,-0.6031,2568.1,1680.221,-0.014599999999999724,上海,园区开发,19920327,
600604.SH,市北高新,20030521,2.4318,2.4208,2.4501,2.4135,2.4318,-0.4523,2224.1,1476.913,-0.01100000000000012,上海,园区开发,19920327,
600604.SH,市北高新,20030520,2.4427,2.4318,2.483,2.4208,2.4281,0.1524,6277.54,4212.492,0.0036999999999998145,上海,园区开发,19920327,
600604.SH,市北高新,20030516,2.4098,2.4281,2.4683,2.4098,2.4464,-0.748,3990.37,2643.367,-0.018299999999999983,上海,园区开发,19920327,
600604.SH,市北高新,20030515,2.3403,2.4464,2.4574,2.3111,2.333,4.8607,5974.44,3889.555,0.11339999999999995,上海,园区开发,19920327,
600604.SH,市北高新,20030514,2.2672,2.333,2.3586,2.2672,2.2745,2.572,4546.54,2877.487,0.058499999999999996,上海,园区开发,19920327,
600604.SH,市北高新,20030513,2.3952,2.2745,2.3952,2.238,2.4098,-5.6146,8613.29,5369.005,-0.13529999999999998,上海,园区开发,19920327,
600604.SH,市北高新,20030512,2.589,2.4098,2.589,2.4062,2.6036,-7.4435,8225.38,5560.375,-0.19379999999999997,上海,园区开发,19920327,
600604.SH,市北高新,20030430,2.5598,2.6036,2.6183,2.5598,2.5744,1.1342,4331.07,3061.922,0.029200000000000337,上海,园区开发,19920327,
600604.SH,市北高新,20030429,2.6512,2.5744,2.6512,2.5707,2.6585,-3.1634,6915.0,4905.716,-0.08410000000000029,上海,园区开发,19920327,
600604.SH,市北高新,20030428,2.6329,2.6585,2.6621,2.5598,2.6512,0.2753,9215.0,6560.291,0.007300000000000306,上海,园区开发,19920327,
600604.SH,市北高新,20030425,2.7463,2.6512,2.7901,2.6146,2.7645,-4.0984,10627.92,7824.105,-0.11330000000000018,上海,园区开发,19920327,
600604.SH,市北高新,20030424,2.8998,2.7645,2.951,2.7645,2.9072,-4.9085,19017.61,14995.898,-0.14270000000000005,上海,园区开发,19920327,
600604.SH,市北高新,20030423,2.8633,2.9072,2.9401,2.845,2.8669,1.4057,19082.4,15155.758,0.040300000000000225,上海,园区开发,19920327,
600604.SH,市北高新,20030422,2.8998,2.8669,2.8998,2.845,2.9035,-1.2605,5474.98,4283.338,-0.03660000000000041,上海,园区开发,19920327,
600604.SH,市北高新,20030421,2.8596,2.9035,2.9218,2.8084,2.8523,1.795,17716.41,13953.411,0.051200000000000134,上海,园区开发,19920327,
600604.SH,市北高新,20030418,2.8523,2.8523,2.8706,2.7974,2.834,0.6457,5891.9,4555.084,0.018299999999999983,上海,园区开发,19920327,
600604.SH,市北高新,20030417,2.8157,2.834,2.8413,2.7426,2.7609,2.6477,6400.62,4863.868,0.07310000000000016,上海,园区开发,19920327,
600604.SH,市北高新,20030416,2.856,2.7609,2.9072,2.7499,2.856,-3.3298,12425.29,9605.858,-0.09509999999999996,上海,园区开发,19920327,
600604.SH,市北高新,20030415,2.8816,2.856,2.8998,2.8304,2.8816,-0.8884,8657.82,6760.657,-0.02560000000000029,上海,园区开发,19920327,
600604.SH,市北高新,20030414,2.7572,2.8816,2.8816,2.7243,2.7572,4.5118,12193.07,9417.584,0.12440000000000007,上海,园区开发,19920327,
600604.SH,市北高新,20030411,2.7682,2.7572,2.8011,2.7133,2.7682,-0.3974,8300.46,6228.242,-0.01100000000000012,上海,园区开发,19920327,
600604.SH,市北高新,20030410,2.7463,2.7682,2.7792,2.6695,2.7389,1.0698,7332.01,5445.043,0.029300000000000104,上海,园区开发,19920327,
600604.SH,市北高新,20030409,2.7609,2.7389,2.7792,2.6621,2.7645,-0.926,6845.08,5078.925,-0.025599999999999845,上海,园区开发,19920327,
600604.SH,市北高新,20030408,2.8084,2.7645,2.8157,2.7426,2.7938,-1.0488,4496.74,3406.78,-0.029300000000000104,上海,园区开发,19920327,
600604.SH,市北高新,20030407,2.8669,2.7938,2.8669,2.7901,2.8669,-2.5498,3496.29,2694.018,-0.07309999999999972,上海,园区开发,19920327,
600604.SH,市北高新,20030404,2.8377,2.8669,2.8889,2.8304,2.8486,0.6424,2644.83,2063.302,0.018299999999999983,上海,园区开发,19920327,
600604.SH,市北高新,20030403,2.8998,2.8486,2.8998,2.8486,2.8962,-1.6435,1988.2,1556.107,-0.04760000000000009,上海,园区开发,19920327,
600604.SH,市北高新,20030402,2.9145,2.8962,2.9218,2.8852,2.9035,-0.2514,2329.06,1846.061,-0.007300000000000306,上海,园区开发,19920327,
600604.SH,市北高新,20030401,2.8816,2.9035,2.9072,2.8706,2.8779,0.8895,3125.98,2469.569,0.02560000000000029,上海,园区开发,19920327,
600604.SH,市北高新,20030331,2.856,2.8779,2.8889,2.8523,2.8742,0.1287,2888.4,2267.829,0.0036999999999998145,上海,园区开发,19920327,
600604.SH,市北高新,20030328,2.856,2.8742,2.9547,2.834,2.856,0.6373,7936.08,6255.428,0.018200000000000216,上海,园区开发,19920327,
600604.SH,市北高新,20030327,2.7463,2.856,2.8633,2.7353,2.7609,3.4445,3629.82,2785.239,0.09509999999999996,上海,园区开发,19920327,
600604.SH,市北高新,20030326,2.7792,2.7609,2.7901,2.7463,2.7974,-1.3048,1822.49,1374.818,-0.0365000000000002,上海,园区开发,19920327,
600604.SH,市北高新,20030325,2.8377,2.7974,2.8413,2.7865,2.8304,-1.1659,1220.37,934.82,-0.03299999999999992,上海,园区开发,19920327,
600604.SH,市北高新,20030324,2.8157,2.8304,2.8413,2.7974,2.7938,1.31,1661.49,1281.584,0.036599999999999966,上海,园区开发,19920327,
600604.SH,市北高新,20030321,2.7499,2.7938,2.8084,2.7426,2.7645,1.0599,1854.74,1411.582,0.029300000000000104,上海,园区开发,19920327,
600604.SH,市北高新,20030320,2.7719,2.7645,2.7938,2.7609,2.7719,-0.267,1564.0,1186.605,-0.007400000000000073,上海,园区开发,19920327,
600604.SH,市北高新,20030319,2.7719,2.7719,2.7974,2.7426,2.7792,-0.2627,2032.8,1536.516,-0.007299999999999862,上海,园区开发,19920327,
600604.SH,市北高新,20030318,2.8121,2.7792,2.845,2.7792,2.8121,-1.1699,1770.79,1363.758,-0.03290000000000015,上海,园区开发,19920327,
600604.SH,市北高新,20030317,2.8267,2.8121,2.8267,2.7719,2.8304,-0.6466,2238.95,1709.552,-0.018299999999999983,上海,园区开发,19920327,
600604.SH,市北高新,20030314,2.8157,2.8304,2.8669,2.8084,2.823,0.2621,1770.72,1371.772,0.007400000000000073,上海,园区开发,19920327,
600604.SH,市北高新,20030313,2.8633,2.823,2.8706,2.8194,2.8633,-1.4075,2199.0,1707.937,-0.040300000000000225,上海,园区开发,19920327,
600604.SH,市北高新,20030312,2.8706,2.8633,2.8706,2.8084,2.8633,0.0,2551.73,1982.885,0.0,上海,园区开发,19920327,
600604.SH,市北高新,20030311,2.856,2.8633,2.8852,2.845,2.8669,-0.1256,2638.97,2064.906,-0.0035999999999996035,上海,园区开发,19920327,
600604.SH,市北高新,20030310,2.9474,2.8669,2.9693,2.8669,2.9437,-2.609,4894.0,3885.097,-0.07680000000000042,上海,园区开发,19920327,
600604.SH,市北高新,20030307,2.951,2.9437,2.973,2.9401,2.9547,-0.3723,4468.0,3608.097,-0.010999999999999677,上海,园区开发,19920327,
600604.SH,市北高新,20030306,3.0132,2.9547,3.0205,2.951,3.0132,-1.9415,4993.09,4058.165,-0.058499999999999996,上海,园区开发,19920327,
600604.SH,市北高新,20030305,2.9876,3.0132,3.0205,2.9657,3.0169,-0.1226,7368.42,6018.752,-0.0037000000000002586,上海,园区开发,19920327,
600604.SH,市北高新,20030304,3.0278,3.0169,3.1375,3.0095,2.962,1.8535,31467.87,26379.367,0.05489999999999995,上海,园区开发,19920327,
600604.SH,市北高新,20030303,2.9181,2.962,2.9949,2.9181,2.9072,1.885,4440.27,3589.512,0.05480000000000018,上海,园区开发,19920327,
600604.SH,市北高新,20030228,2.8889,2.9072,2.9108,2.8816,2.9035,0.1274,1965.76,1555.735,0.0036999999999998145,上海,园区开发,19920327,
600604.SH,市北高新,20030227,2.9145,2.9035,2.9547,2.8889,2.9145,-0.3774,2276.63,1819.783,-0.010999999999999677,上海,园区开发,19920327,
600604.SH,市北高新,20030226,2.9218,2.9145,2.9364,2.8816,2.9218,-0.2498,2661.3,2116.546,-0.007300000000000306,上海,园区开发,19920327,
600604.SH,市北高新,20030225,2.8669,2.9218,2.9291,2.8633,2.8523,2.4366,4187.36,3335.127,0.06950000000000012,上海,园区开发,19920327,
600604.SH,市北高新,20030224,2.8669,2.8523,2.8779,2.845,2.8669,-0.5093,3149.55,2465.587,-0.014599999999999724,上海,园区开发,19920327,
600604.SH,市北高新,20030221,2.9547,2.8669,2.9547,2.856,2.9547,-2.9715,6329.12,4999.815,-0.0878000000000001,上海,园区开发,19920327,
600604.SH,市北高新,20030220,2.9803,2.9547,2.9913,2.9474,2.973,-0.6155,2924.71,2368.79,-0.018299999999999983,上海,园区开发,19920327,
600604.SH,市北高新,20030219,2.9437,2.973,2.973,2.8925,2.9364,1.2464,4235.33,3392.733,0.036599999999999966,上海,园区开发,19920327,
600604.SH,市北高新,20030218,2.9291,2.9364,2.9693,2.9145,2.9291,0.2492,3524.0,2824.153,0.007299999999999862,上海,园区开发,19920327,
600604.SH,市北高新,20030217,2.9437,2.9291,2.9876,2.9108,2.9437,-0.496,6713.21,5407.651,-0.014600000000000168,上海,园区开发,19920327,
600604.SH,市北高新,20030214,2.9218,2.9437,2.9986,2.9218,2.9291,0.4984,6445.62,5207.939,0.014600000000000168,上海,园区开发,19920327,
600604.SH,市北高新,20030213,2.8962,2.9291,3.0351,2.8925,2.8852,1.5216,19026.08,15433.865,0.04389999999999983,上海,园区开发,19920327,
600604.SH,市北高新,20030212,2.834,2.8852,2.8889,2.8084,2.845,1.413,3910.25,3067.103,0.040200000000000014,上海,园区开发,19920327,
600604.SH,市北高新,20030211,2.8011,2.845,2.8523,2.8011,2.8121,1.1699,2155.87,1668.575,0.03290000000000015,上海,园区开发,19920327,
600604.SH,市北高新,20030210,2.8889,2.8121,2.8889,2.8011,2.8889,-2.6585,3290.1,2554.166,-0.07679999999999998,上海,园区开发,19920327,
600604.SH,市北高新,20030129,2.8852,2.8889,2.9181,2.8669,2.8852,0.1282,12174.08,9641.96,0.0036999999999998145,上海,园区开发,19920327,
600604.SH,市北高新,20030128,2.8742,2.8852,2.8852,2.8194,2.856,1.0224,9093.65,7126.985,0.029200000000000337,上海,园区开发,19920327,
600604.SH,市北高新,20030127,2.7609,2.856,2.8669,2.7609,2.7865,2.4942,7273.87,5643.328,0.06949999999999967,上海,园区开发,19920327,
600604.SH,市北高新,20030124,2.7463,2.7865,2.7901,2.7243,2.7536,1.1948,4873.16,3674.58,0.03290000000000015,上海,园区开发,19920327,
600604.SH,市北高新,20030123,2.8157,2.7536,2.8304,2.7426,2.8048,-1.8254,4216.0,3222.529,-0.051200000000000134,上海,园区开发,19920327,
600604.SH,市北高新,20030122,2.7974,2.8048,2.8194,2.7682,2.8048,0.0,4692.86,3581.445,0.0,上海,园区开发,19920327,
600604.SH,市北高新,20030121,2.834,2.8048,2.9035,2.7974,2.845,-1.413,9716.13,7589.265,-0.040200000000000014,上海,园区开发,19920327,
600604.SH,市北高新,20030120,2.8194,2.845,2.8523,2.7572,2.8267,0.6474,5832.4,4459.477,0.018299999999999983,上海,园区开发,19920327,
600604.SH,市北高新,20030117,2.8486,2.8267,2.8742,2.8157,2.8486,-0.7688,8967.78,6967.204,-0.021899999999999586,上海,园区开发,19920327,
600604.SH,市北高新,20030116,2.7974,2.8486,2.856,2.7828,2.7974,1.8303,9472.89,7313.772,0.05119999999999969,上海,园区开发,19920327,
600604.SH,市北高新,20030115,2.7792,2.7974,2.9145,2.7792,2.7865,0.3912,17139.25,13240.876,0.01089999999999991,上海,园区开发,19920327,
600604.SH,市北高新,20030114,2.6695,2.7865,2.834,2.6548,2.6695,4.3828,13728.3,10386.534,0.11699999999999999,上海,园区开发,19920327,
600604.SH,市北高新,20030113,2.6439,2.6695,2.6695,2.6365,2.6512,0.6903,2995.67,2174.737,0.018300000000000427,上海,园区开发,19920327,
600604.SH,市北高新,20030110,2.706,2.6512,2.7243,2.6475,2.7024,-1.8946,7979.36,5872.928,-0.051200000000000134,上海,园区开发,19920327,
600604.SH,市北高新,20030109,2.6329,2.7024,2.7133,2.611,2.6329,2.6397,8732.23,6350.12,0.06950000000000012,上海,园区开发,19920327,
600604.SH,市北高新,20030108,2.5451,2.6329,2.6329,2.5451,2.5561,3.0046,3333.27,2361.975,0.07679999999999998,上海,园区开发,19920327,
600604.SH,市北高新,20030107,2.5707,2.5561,2.6146,2.5415,2.5707,-0.5679,2910.0,2054.672,-0.014600000000000168,上海,园区开发,19920327,
600604.SH,市北高新,20030106,2.5049,2.5707,2.5707,2.4976,2.5086,2.4755,1893.52,1314.54,0.062100000000000044,上海,园区开发,19920327,
600604.SH,市北高新,20030103,2.5086,2.5086,2.5378,2.4903,2.5086,0.0,2476.06,1702.919,0.0,上海,园区开发,19920327,
600604.SH,市北高新,20030102,2.5415,2.5086,2.589,2.5049,2.5524,-1.716,3171.0,2198.062,-0.04380000000000006,上海,园区开发,19920327,
600604.SH,市北高新,20021231,2.6292,2.5524,2.6439,2.5524,2.5963,-1.6909,2523.0,1783.288,-0.04389999999999983,上海,园区开发,19920327,
600604.SH,市北高新,20021230,2.589,2.5963,2.6256,2.578,2.6073,-0.4219,3296.55,2335.528,-0.01100000000000012,上海,园区开发,19920327,
600604.SH,市北高新,20021227,2.578,2.6073,2.6329,2.5707,2.611,-0.1417,3056.73,2182.28,-0.0037000000000002586,上海,园区开发,19920327,
600604.SH,市北高新,20021226,2.7243,2.611,2.7243,2.5963,2.7316,-4.415,4070.0,2953.01,-0.1205999999999996,上海,园区开发,19920327,
600604.SH,市北高新,20021225,2.7499,2.7316,2.7645,2.728,2.7499,-0.6655,1936.49,1450.677,-0.018299999999999983,上海,园区开发,19920327,
600604.SH,市北高新,20021224,2.7609,2.7499,2.7609,2.7243,2.7609,-0.3984,2519.26,1885.438,-0.01100000000000012,上海,园区开发,19920327,
600604.SH,市北高新,20021223,2.7572,2.7609,2.834,2.7499,2.7572,0.1342,6816.54,5199.9,0.0036999999999998145,上海,园区开发,19920327,
600604.SH,市北高新,20021220,2.728,2.7572,2.7682,2.717,2.7243,1.2076,3593.77,2695.451,0.03290000000000015,上海,园区开发,19920327,
600604.SH,市北高新,20021219,2.6877,2.7243,2.7463,2.6877,2.7024,0.8104,3016.25,2244.324,0.02190000000000003,上海,园区开发,19920327,
600604.SH,市北高新,20021218,2.717,2.7024,2.7792,2.6841,2.7207,-0.6726,5330.38,3996.316,-0.018299999999999983,上海,园区开发,19920327,
600604.SH,市北高新,20021217,2.6877,2.7207,2.7243,2.6731,2.6914,1.0887,3187.58,2354.406,0.029300000000000104,上海,园区开发,19920327,
600604.SH,市北高新,20021216,2.6146,2.6914,2.706,2.6146,2.6512,1.5163,3286.12,2411.147,0.040200000000000014,上海,园区开发,19920327,
600604.SH,市北高新,20021213,2.5854,2.6512,2.6804,2.5232,2.611,1.5396,2689.77,1923.269,0.04019999999999957,上海,园区开发,19920327,
600604.SH,市北高新,20021212,2.6036,2.611,2.6512,2.6036,2.5963,0.5662,1939.0,1394.62,0.01470000000000038,上海,园区开发,19920327,
600604.SH,市北高新,20021211,2.5671,2.5963,2.6146,2.5598,2.5963,0.0,2399.23,1694.23,0.0,上海,园区开发,19920327,
600604.SH,市北高新,20021210,2.6658,2.5963,2.6951,2.589,2.6768,-3.0073,3769.04,2709.647,-0.08050000000000024,上海,园区开发,19920327,
600604.SH,市北高新,20021209,2.7024,2.6768,2.7353,2.6695,2.706,-1.0791,1941.0,1429.115,-0.029199999999999893,上海,园区开发,19920327,
600604.SH,市北高新,20021206,2.6695,2.706,2.7719,2.6512,2.6695,1.3673,4173.03,3103.153,0.036499999999999755,上海,园区开发,19920327,
600604.SH,市北高新,20021205,2.717,2.6695,2.717,2.6365,2.7243,-2.0115,4129.94,3015.652,-0.05479999999999974,上海,园区开发,19920327,
600604.SH,市北高新,20021204,2.7536,2.7243,2.8377,2.7207,2.728,-0.1356,13073.1,9932.83,-0.0037000000000002586,上海,园区开发,19920327,
600604.SH,市北高新,20021203,2.6841,2.728,2.7389,2.6621,2.6877,1.4994,10970.43,8142.654,0.040300000000000225,上海,园区开发,19920327,
600604.SH,市北高新,20021128,2.6036,2.6877,2.6877,2.5854,2.6,3.3731,5482.24,3966.098,0.08769999999999989,上海,园区开发,19920327,
600604.SH,市北高新,20021127,2.5049,2.6,2.6292,2.4866,2.5488,2.0088,3717.55,2601.661,0.051200000000000134,上海,园区开发,19920327,
600604.SH,市北高新,20021126,2.6548,2.5488,2.6877,2.5415,2.6475,-3.728,4764.45,3414.901,-0.09870000000000001,上海,园区开发,19920327,
600604.SH,市北高新,20021125,2.5524,2.6475,2.6512,2.4976,2.5524,3.7259,5887.79,4213.506,0.09509999999999996,上海,园区开发,19920327,
600604.SH,市北高新,20021122,2.5598,2.5524,2.6146,2.4976,2.5415,0.4289,4406.71,3098.084,0.01089999999999991,上海,园区开发,19920327,
600604.SH,市北高新,20021121,2.6256,2.5415,2.6256,2.5305,2.6292,-3.3356,5773.28,4030.542,-0.08769999999999989,上海,园区开发,19920327,
600604.SH,市北高新,20021120,2.7901,2.6292,2.7901,2.6183,2.7901,-5.7668,4122.74,3010.515,-0.16089999999999982,上海,园区开发,19920327,
600604.SH,市北高新,20021119,2.7353,2.7901,2.8157,2.7133,2.7243,2.4153,4091.08,3095.029,0.06579999999999986,上海,园区开发,19920327,
600604.SH,市北高新,20021118,2.8633,2.7243,2.8633,2.7243,2.8669,-4.974,3621.51,2743.087,-0.14259999999999984,上海,园区开发,19920327,
600604.SH,市北高新,20021115,2.8523,2.8669,2.9181,2.8084,2.8523,0.5119,3083.79,2422.205,0.014599999999999724,上海,园区开发,19920327,
600604.SH,市北高新,20021114,2.962,2.8523,2.9693,2.8523,2.973,-4.0599,3916.67,3088.441,-0.12069999999999981,上海,园区开发,19920327,
600604.SH,市北高新,20021113,2.9986,2.973,2.9986,2.8742,2.9986,-0.8537,4875.92,3910.523,-0.02560000000000029,上海,园区开发,19920327,
600604.SH,市北高新,20021112,3.1119,2.9986,3.1448,2.9547,3.1192,-3.8664,4182.53,3466.355,-0.12060000000000004,上海,园区开发,19920327,
600604.SH,市北高新,20021111,3.1741,3.1192,3.1741,3.1083,3.1741,-1.7296,1946.27,1666.583,-0.05489999999999995,上海,园区开发,19920327,
600604.SH,市北高新,20021108,3.2948,3.1741,3.3387,3.1631,3.2545,-2.4704,3009.05,2645.05,-0.08040000000000003,上海,园区开发,19920327,
600604.SH,市北高新,20021107,3.2655,3.2545,3.2765,3.2363,3.2582,-0.1136,2075.87,1844.227,-0.0036999999999998145,上海,园区开发,19920327,
600604.SH,市北高新,20021106,3.2765,3.2582,3.2838,3.2363,3.2765,-0.5585,1917.05,1709.111,-0.018299999999999983,上海,园区开发,19920327,
600604.SH,市北高新,20021105,3.2545,3.2765,3.2911,3.229,3.2326,1.358,3652.07,3262.738,0.04389999999999983,上海,园区开发,19920327,
600604.SH,市北高新,20021104,3.1997,3.2326,3.2326,3.1814,3.1704,1.9619,1296.85,1138.132,0.062200000000000255,上海,园区开发,19920327,
600604.SH,市北高新,20021101,3.1668,3.1704,3.1704,3.1485,3.1631,0.2308,876.5,757.968,0.007299999999999862,上海,园区开发,19920327,
600604.SH,市北高新,20021031,3.1704,3.1631,3.1997,3.1448,3.1778,-0.4626,1418.0,1231.295,-0.014699999999999935,上海,园区开发,19920327,
600604.SH,市北高新,20021030,3.1485,3.1778,3.2143,3.1485,3.1704,0.2334,796.1,691.213,0.007400000000000073,上海,园区开发,19920327,
600604.SH,市北高新,20021029,3.1558,3.1704,3.1997,3.1192,3.1558,0.4626,1766.86,1520.281,0.014599999999999724,上海,园区开发,19920327,
600604.SH,市北高新,20021028,3.1448,3.1558,3.1778,3.1448,3.1741,-0.5765,1624.02,1401.903,-0.018299999999999983,上海,园区开发,19920327,
600604.SH,市北高新,20021025,3.2326,3.1741,3.2472,3.1631,3.229,-1.7002,1264.89,1109.528,-0.05489999999999995,上海,园区开发,19920327,
600604.SH,市北高新,20021024,3.2911,3.229,3.2911,3.2216,3.2875,-1.7795,1896.55,1682.533,-0.058499999999999996,上海,园区开发,19920327,
600604.SH,市北高新,20021023,3.2472,3.2875,3.2948,3.2326,3.2472,1.2411,3394.94,3032.878,0.040300000000000225,上海,园区开发,19920327,
600604.SH,市北高新,20021022,3.207,3.2472,3.2728,3.207,3.207,1.2535,2658.15,2357.069,0.040200000000000014,上海,园区开发,19920327,
600604.SH,市北高新,20021021,3.1631,3.207,3.2143,3.1631,3.1631,1.3879,1428.71,1241.693,0.04389999999999983,上海,园区开发,19920327,
600604.SH,市北高新,20021018,3.1522,3.1631,3.196,3.1083,3.1522,0.3458,1561.94,1343.89,0.01089999999999991,上海,园区开发,19920327,
600604.SH,市北高新,20021017,3.2107,3.1522,3.2107,3.1412,3.2034,-1.5983,1698.72,1467.723,-0.05119999999999969,上海,园区开发,19920327,
600604.SH,市北高新,20021016,3.1448,3.2034,3.2545,3.1448,3.1741,0.9231,1807.72,1593.946,0.02929999999999966,上海,园区开发,19920327,
600604.SH,市北高新,20021015,3.1997,3.1741,3.2143,3.1704,3.196,-0.6852,1545.0,1348.194,-0.02190000000000003,上海,园区开发,19920327,
600604.SH,市北高新,20021014,3.1522,3.196,3.2143,3.1046,3.1814,0.4589,2325.47,2002.906,0.014600000000000168,上海,园区开发,19920327,
600604.SH,市北高新,20021011,3.2107,3.1814,3.2326,3.1704,3.196,-0.4568,1789.2,1566.241,-0.014600000000000168,上海,园区开发,19920327,
600604.SH,市北高新,20021010,3.2107,3.196,3.2509,3.1814,3.1851,0.3422,2257.5,1976.512,0.010900000000000354,上海,园区开发,19920327,
600604.SH,市北高新,20021009,3.3131,3.1851,3.3387,3.1851,3.3204,-4.0748,3193.66,2836.098,-0.13529999999999998,上海,园区开发,19920327,
600604.SH,市北高新,20021008,3.335,3.3204,3.335,3.2911,3.3496,-0.8717,1775.86,1610.452,-0.029200000000000337,上海,园区开发,19920327,
600604.SH,市北高新,20020927,3.4045,3.3496,3.4081,3.346,3.3862,-1.0809,3051.9,2807.878,-0.036599999999999966,上海,园区开发,19920327,
600604.SH,市北高新,20020926,3.3862,3.3862,3.4301,3.3825,3.4008,-0.4293,2843.75,2637.994,-0.014599999999999724,上海,园区开发,19920327,
600604.SH,市北高新,20020925,3.3643,3.4008,3.474,3.3643,3.3862,0.4312,2837.11,2664.023,0.014599999999999724,上海,园区开发,19920327,
600604.SH,市北高新,20020924,3.4118,3.3862,3.4301,3.3752,3.4118,-0.7503,1859.23,1727.943,-0.025599999999999845,上海,园区开发,19920327,
600604.SH,市北高新,20020923,3.4154,3.4118,3.4337,3.3935,3.4154,-0.1054,1949.66,1817.763,-0.0036000000000000476,上海,园区开发,19920327,
600604.SH,市北高新,20020920,3.4557,3.4154,3.5105,3.4045,3.4557,-1.1662,5160.13,4882.383,-0.040300000000000225,上海,园区开发,19920327,
600604.SH,市北高新,20020919,3.3825,3.4557,3.4922,3.3277,3.3935,1.8329,5116.92,4754.921,0.062200000000000255,上海,园区开发,19920327,
600604.SH,市北高新,20020918,3.4374,3.3935,3.4557,3.3935,3.4557,-1.7999,4785.0,4457.857,-0.062200000000000255,上海,园区开发,19920327,
600604.SH,市北高新,20020917,3.4996,3.4557,3.5178,3.4374,3.5032,-1.3559,4022.81,3812.312,-0.047499999999999876,上海,园区开发,19920327,
600604.SH,市北高新,20020916,3.5507,3.5032,3.5581,3.474,3.5471,-1.2376,8901.12,8551.052,-0.04389999999999983,上海,园区开发,19920327,
600604.SH,市北高新,20020913,3.4922,3.5471,3.5471,3.4484,3.474,2.1042,8543.76,8225.445,0.07309999999999972,上海,园区开发,19920327,
600604.SH,市北高新,20020912,3.4666,3.474,3.4922,3.4374,3.4922,-0.5212,2644.74,2504.558,-0.018199999999999772,上海,园区开发,19920327,
600604.SH,市北高新,20020911,3.5105,3.4922,3.5398,3.4557,3.4996,-0.2115,10097.78,9654.035,-0.007400000000000073,上海,园区开发,19920327,
600604.SH,市北高新,20020910,3.463,3.4996,3.5032,3.441,3.452,1.3789,3269.63,3104.246,0.04760000000000009,上海,园区开发,19920327,
600604.SH,市北高新,20020909,3.4337,3.452,3.4557,3.4191,3.4337,0.533,2252.53,2116.539,0.018299999999999983,上海,园区开发,19920327,
600604.SH,市北高新,20020906,3.4301,3.4337,3.4557,3.4118,3.4484,-0.4263,3437.0,3222.473,-0.014699999999999935,上海,园区开发,19920327,
600604.SH,市北高新,20020905,3.5069,3.4484,3.5142,3.4301,3.5069,-1.6681,3903.25,3691.957,-0.058499999999999996,上海,园区开发,19920327,
600604.SH,市北高新,20020904,3.5398,3.5069,3.5471,3.4959,3.5288,-0.6206,2734.01,2629.76,-0.02190000000000003,上海,园区开发,19920327,
600604.SH,市北高新,20020903,3.4922,3.5288,3.5325,3.4886,3.4922,1.048,2807.81,2700.426,0.036599999999999966,上海,园区开发,19920327,
600604.SH,市北高新,20020902,3.4922,3.4922,3.5032,3.4703,3.4703,0.6311,2055.36,1959.0,0.02190000000000003,上海,园区开发,19920327,
600604.SH,市北高新,20020830,3.452,3.4703,3.4813,3.4374,3.4484,0.6351,3848.56,3644.117,0.02190000000000003,上海,园区开发,19920327,
600604.SH,市北高新,20020829,3.441,3.4484,3.4813,3.441,3.4593,-0.3151,2591.0,2458.288,-0.01089999999999991,上海,园区开发,19920327,
600604.SH,市北高新,20020828,3.4922,3.4593,3.4922,3.4374,3.4849,-0.7346,4418.8,4176.427,-0.02560000000000029,上海,园区开发,19920327,
600604.SH,市北高新,20020827,3.4374,3.4849,3.5105,3.4374,3.463,0.6324,5542.72,5253.583,0.02190000000000003,上海,园区开发,19920327,
600604.SH,市北高新,20020826,3.5178,3.463,3.5178,3.4593,3.5288,-1.8647,3924.8,3736.758,-0.06579999999999986,上海,园区开发,19920327,
600604.SH,市北高新,20020823,3.5398,3.5288,3.5544,3.5252,3.5398,-0.3108,2059.55,1992.504,-0.01100000000000012,上海,园区开发,19920327,
600604.SH,市北高新,20020822,3.4886,3.5398,3.5581,3.4886,3.4886,1.4676,5223.21,5056.384,0.051200000000000134,上海,园区开发,19920327,
600604.SH,市北高新,20020821,3.5069,3.4886,3.5105,3.474,3.5032,-0.4168,2000.88,1913.377,-0.014600000000000168,上海,园区开发,19920327,
600604.SH,市北高新,20020820,3.4301,3.5032,3.5105,3.4264,3.4374,1.9142,3589.43,3423.245,0.0658000000000003,上海,园区开发,19920327,
600604.SH,市北高新,20020819,3.4593,3.4374,3.4593,3.4337,3.4557,-0.5296,1238.29,1165.161,-0.018300000000000427,上海,园区开发,19920327,
600604.SH,市北高新,20020816,3.4045,3.4557,3.4959,3.4045,3.4045,1.5039,2269.7,2141.408,0.051200000000000134,上海,园区开发,19920327,
600604.SH,市北高新,20020815,3.3643,3.4045,3.4593,3.3643,3.4813,-2.2061,1590.69,1486.193,-0.07679999999999998,上海,园区开发,19920327,
600604.SH,市北高新,20020814,3.4374,3.4813,3.4849,3.4374,3.4447,1.0625,1146.11,1084.766,0.036599999999999966,上海,园区开发,19920327,
600604.SH,市北高新,20020813,3.4264,3.4447,3.4776,3.4264,3.4337,0.3204,1763.06,1662.417,0.01100000000000012,上海,园区开发,19920327,
600604.SH,市北高新,20020812,3.4593,3.4337,3.4593,3.4228,3.4776,-1.2624,2785.15,2619.135,-0.04389999999999983,上海,园区开发,19920327,
600604.SH,市北高新,20020809,3.5032,3.4776,3.5032,3.474,3.5032,-0.7308,2600.0,2477.383,-0.02560000000000029,上海,园区开发,19920327,
600604.SH,市北高新,20020808,3.5763,3.5032,3.5763,3.4922,3.5398,-1.034,2164.0,2091.286,-0.036599999999999966,上海,园区开发,19920327,
600604.SH,市北高新,20020807,3.5471,3.5398,3.5617,3.5325,3.5544,-0.4108,1498.87,1452.061,-0.014599999999999724,上海,园区开发,19920327,
600604.SH,市北高新,20020806,3.4703,3.5544,3.5837,3.4703,3.4776,2.2084,3976.58,3859.155,0.07679999999999998,上海,园区开发,19920327,
600604.SH,市北高新,20020805,3.5288,3.4776,3.5288,3.463,3.5288,-1.4509,3008.88,2866.311,-0.051200000000000134,上海,园区开发,19920327,
600604.SH,市北高新,20020802,3.5178,3.5288,3.5288,3.5032,3.4922,1.048,1822.99,1755.181,0.036599999999999966,上海,园区开发,19920327,
600604.SH,市北高新,20020801,3.5178,3.4922,3.5398,3.474,3.5288,-1.0372,4917.22,4699.531,-0.036599999999999966,上海,园区开发,19920327,
600604.SH,市北高新,20020731,3.5763,3.5288,3.5983,3.5215,3.5544,-0.7202,3055.6,2972.865,-0.025599999999999845,上海,园区开发,19920327,
600604.SH,市北高新,20020730,3.5837,3.5544,3.6019,3.5398,3.58,-0.7151,4371.02,4258.943,-0.02560000000000029,上海,园区开发,19920327,
600604.SH,市北高新,20020729,3.5471,3.58,3.5983,3.5288,3.5617,0.5138,4508.28,4379.211,0.018299999999999983,上海,园区开发,19920327,
600604.SH,市北高新,20020726,3.6385,3.5617,3.6531,3.5471,3.6422,-2.2102,6977.41,6871.993,-0.0804999999999998,上海,园区开发,19920327,
600604.SH,市北高新,20020725,3.6678,3.6422,3.7116,3.6385,3.6678,-0.698,3999.19,4004.439,-0.02560000000000029,上海,园区开发,19920327,
600604.SH,市北高新,20020724,3.6678,3.6678,3.6934,3.6531,3.6531,0.4024,3924.95,3939.04,0.01470000000000038,上海,园区开发,19920327,
600604.SH,市北高新,20020723,3.6678,3.6531,3.7007,3.6385,3.6678,-0.4008,5442.95,5452.556,-0.01470000000000038,上海,园区开发,19920327,
600604.SH,市北高新,20020722,3.7519,3.6678,3.7519,3.6568,3.7519,-2.2415,8739.52,8803.249,-0.08409999999999984,上海,园区开发,19920327,
600604.SH,市北高新,20020719,3.708,3.7519,3.7775,3.708,3.7116,1.0858,8475.81,8691.499,0.040300000000000225,上海,园区开发,19920327,
600604.SH,市北高新,20020718,3.7116,3.7116,3.7226,3.6349,3.7007,0.2945,6844.23,6909.333,0.01089999999999991,上海,园区开发,19920327,
600604.SH,市北高新,20020717,3.697,3.7007,3.7153,3.6129,3.6934,0.1976,9541.29,9518.928,0.007299999999999862,上海,园区开发,19920327,
600604.SH,市北高新,20020716,3.7116,3.6934,3.7263,3.6861,3.6897,0.1003,4351.39,4399.749,0.0036999999999998145,上海,园区开发,19920327,
600604.SH,市北高新,20020715,3.7116,3.6897,3.7482,3.6787,3.7482,-1.5607,6556.78,6626.19,-0.058499999999999996,上海,园区开发,19920327,
600604.SH,市北高新,20020712,3.7043,3.7482,3.7519,3.6787,3.697,1.3849,9573.51,9752.956,0.051200000000000134,上海,园区开发,19920327,
600604.SH,市北高新,20020711,3.7116,3.697,3.7482,3.6678,3.719,-0.5916,11943.98,12118.514,-0.021999999999999797,上海,园区开发,19920327,
600604.SH,市北高新,20020710,3.7226,3.719,3.7958,3.7116,3.7226,-0.0967,14309.5,14616.531,-0.0036000000000000476,上海,园区开发,19920327,
600604.SH,市北高新,20020709,3.7848,3.7226,3.8214,3.7153,3.7811,-1.5472,19758.87,20213.753,-0.058499999999999996,上海,园区开发,19920327,
600604.SH,市北高新,20020708,3.7958,3.7811,3.8323,3.7592,3.7958,-0.3873,22474.35,23245.765,-0.014699999999999935,上海,园区开发,19920327,
600604.SH,市北高新,20020705,3.7226,3.7958,3.9201,3.7153,3.7116,2.2686,92522.24,97068.628,0.08420000000000005,上海,园区开发,19920327,
600604.SH,市北高新,20020704,3.6568,3.7116,3.7482,3.6568,3.6787,0.8943,17850.11,18040.257,0.03289999999999971,上海,园区开发,19920327,
600604.SH,市北高新,20020703,3.6641,3.6787,3.6861,3.6312,3.6568,0.5989,8828.32,8838.748,0.02190000000000003,上海,园区开发,19920327,
600604.SH,市北高新,20020702,3.5837,3.6568,3.6568,3.5581,3.591,1.8324,8109.49,8042.176,0.06579999999999986,上海,园区开发,19920327,
600604.SH,市北高新,20020701,3.6531,3.591,3.6568,3.5837,3.6568,-1.7994,6810.69,6717.888,-0.06579999999999986,上海,园区开发,19920327,
600604.SH,市北高新,20020628,3.708,3.6568,3.7299,3.5471,3.708,-1.3808,24246.55,24127.506,-0.051200000000000134,上海,园区开发,19920327,
600604.SH,市北高新,20020627,3.7372,3.708,3.7665,3.6751,3.7372,-0.7813,16867.73,17082.703,-0.029199999999999893,上海,园区开发,19920327,
600604.SH,市北高新,20020626,3.6934,3.7372,3.7884,3.6568,3.6934,1.1859,21423.02,21802.289,0.04380000000000006,上海,园区开发,19920327,
600604.SH,市北高新,20020625,3.7848,3.6934,3.8945,3.6605,3.7702,-2.037,50953.79,52717.765,-0.07679999999999998,上海,园区开发,19920327,
600604.SH,市北高新,20020624,3.7702,3.7702,3.7702,3.6056,3.4264,10.0339,61032.93,61998.115,0.3437999999999999,上海,园区开发,19920327,
600604.SH,市北高新,20020621,3.2692,3.4264,3.4484,3.2692,3.2472,5.5186,20744.85,19279.929,0.17920000000000025,上海,园区开发,19920327,
600604.SH,市北高新,20020620,3.2363,3.2472,3.3057,3.2363,3.229,0.5636,2710.0,2425.389,0.018199999999999772,上海,园区开发,19920327,
600604.SH,市北高新,20020619,3.2728,3.229,3.3094,3.2253,3.2692,-1.2297,3600.69,3207.61,-0.040200000000000014,上海,园区开发,19920327,
600604.SH,市北高新,20020618,3.1448,3.2692,3.2911,3.1448,3.1814,2.7598,6354.3,5660.276,0.0878000000000001,上海,园区开发,19920327,
600604.SH,市北高新,20020617,3.1339,3.1814,3.1997,3.0754,3.1668,0.461,3902.51,3360.013,0.014600000000000168,上海,园区开发,19920327,
600604.SH,市北高新,20020614,3.2216,3.1668,3.2472,3.1558,3.2509,-2.587,5427.1,4742.28,-0.08410000000000029,上海,园区开发,19920327,
600604.SH,市北高新,20020613,3.2619,3.2509,3.324,3.2472,3.2911,-1.2215,3650.5,3273.146,-0.040200000000000014,上海,园区开发,19920327,
600604.SH,市北高新,20020612,3.3204,3.2911,3.3204,3.2472,3.3204,-0.8824,4454.8,3996.505,-0.02929999999999966,上海,园区开发,19920327,
600604.SH,市北高新,20020611,3.218,3.3204,3.3789,3.218,3.2472,2.2542,8901.08,8081.563,0.07319999999999993,上海,园区开发,19920327,
600604.SH,市北高新,20020610,3.3057,3.2472,3.3057,3.218,3.3057,-1.7697,7606.76,6758.087,-0.058499999999999996,上海,园区开发,19920327,
600604.SH,市北高新,20020607,3.2472,3.3057,3.3606,3.2034,3.2545,1.5732,17426.67,15805.091,0.05119999999999969,上海,园区开发,19920327,
600604.SH,市北高新,20020606,3.0351,3.2545,3.3057,2.973,3.0351,7.2288,16952.89,14599.76,0.21940000000000026,上海,园区开发,19920327,
600604.SH,市北高新,20020605,3.2509,3.0351,3.2545,3.0169,3.2545,-6.7414,10061.8,8516.492,-0.21940000000000026,上海,园区开发,19920327,
600604.SH,市北高新,20020604,3.2472,3.2545,3.3204,3.1924,3.2472,0.2248,7128.99,6356.763,0.007300000000000306,上海,园区开发,19920327,
600604.SH,市北高新,20020603,3.4008,3.2472,3.4008,3.229,3.4118,-4.8244,11846.25,10637.992,-0.16460000000000008,上海,园区开发,19920327,
600604.SH,市北高新,20020531,3.4593,3.4118,3.4886,3.3825,3.4557,-1.2704,5337.77,4992.55,-0.04390000000000027,上海,园区开发,19920327,
600604.SH,市北高新,20020530,3.4776,3.4557,3.4886,3.3862,3.4849,-0.8379,8214.96,7700.276,-0.029199999999999893,上海,园区开发,19920327,
600604.SH,市北高新,20020529,3.6019,3.4849,3.6019,3.4593,3.5873,-2.8545,11658.17,11109.738,-0.10239999999999982,上海,园区开发,19920327,
600604.SH,市北高新,20020528,3.6202,3.5873,3.6568,3.5837,3.6202,-0.9088,5513.7,5455.293,-0.03290000000000015,上海,园区开发,19920327,
600604.SH,市北高新,20020527,3.6019,3.6202,3.6495,3.5837,3.5837,1.0185,6387.45,6306.847,0.0365000000000002,上海,园区开发,19920327,
600604.SH,市北高新,20020524,3.6641,3.5837,3.6641,3.5471,3.6714,-2.3887,11713.2,11505.669,-0.08770000000000033,上海,园区开发,19920327,
600604.SH,市北高新,20020523,3.5361,3.6714,3.6861,3.5361,3.5398,3.7177,25570.95,25487.26,0.13160000000000016,上海,园区开发,19920327,
600604.SH,市北高新,20020522,3.5946,3.5398,3.6019,3.5325,3.5946,-1.5245,10317.41,10022.328,-0.05479999999999974,上海,园区开发,19920327,
600604.SH,市北高新,20020521,3.4922,3.5946,3.6422,3.4922,3.463,3.8002,17103.48,16724.521,0.13159999999999972,上海,园区开发,19920327,
600604.SH,市北高新,20020517,3.3825,3.463,3.5032,3.3643,3.4008,1.829,11806.08,11077.567,0.062200000000000255,上海,园区开发,19920327,
600604.SH,市北高新,20020516,3.5288,3.4008,3.5581,3.3752,3.5507,-4.2217,15130.01,14329.858,-0.14990000000000014,上海,园区开发,19920327,
600604.SH,市北高新,20020515,3.5434,3.5507,3.6019,3.5105,3.5434,0.206,8636.49,8398.488,0.007299999999999862,上海,园区开发,19920327,
600604.SH,市北高新,20020514,3.5763,3.5434,3.6129,3.5398,3.6019,-1.6241,7584.39,7417.485,-0.058499999999999996,上海,园区开发,19920327,
600604.SH,市北高新,20020513,3.5654,3.6019,3.6202,3.5032,3.5873,0.407,11842.41,11474.292,0.014600000000000168,上海,园区开发,19920327,
600604.SH,市北高新,20020510,3.6934,3.5873,3.6934,3.5654,3.6897,-2.7753,14339.01,14135.661,-0.10240000000000027,上海,园区开发,19920327,
600604.SH,市北高新,20020509,3.6751,3.6897,3.7226,3.6641,3.7153,-0.689,14751.06,14864.143,-0.025599999999999845,上海,园区开发,19920327,
600604.SH,市北高新,20020508,3.7007,3.7153,3.8396,3.6897,3.6531,1.7027,47396.88,48748.33,0.062200000000000255,上海,园区开发,19920327,
600604.SH,市北高新,20020430,3.7299,3.6531,3.7884,3.6385,3.7007,-1.2862,47144.44,47790.979,-0.04760000000000009,上海,园区开发,19920327,
600604.SH,市北高新,20020429,3.5032,3.7007,3.7299,3.5032,3.5032,5.6377,53709.93,53685.185,0.1974999999999998,上海,园区开发,19920327,
600604.SH,市北高新,20020426,3.3496,3.5032,3.5434,3.346,3.3387,4.9271,16156.91,15407.984,0.1645000000000003,上海,园区开发,19920327,
600604.SH,市北高新,20020425,3.3825,3.3387,3.3972,3.3094,3.3825,-1.2949,5077.28,4640.831,-0.04380000000000006,上海,园区开发,19920327,
600604.SH,市北高新,20020424,3.4008,3.3825,3.4264,3.3752,3.4045,-0.6462,4830.13,4491.303,-0.02200000000000024,上海,园区开发,19920327,
600604.SH,市北高新,20020423,3.4008,3.4045,3.4484,3.3935,3.4045,0.0,3557.6,3327.375,0.0,上海,园区开发,19920327,
600604.SH,市北高新,20020422,3.4301,3.4045,3.4557,3.3825,3.441,-1.0607,4871.32,4549.552,-0.036499999999999755,上海,园区开发,19920327,
600604.SH,市北高新,20020419,3.3021,3.441,3.4447,3.2948,3.3898,1.5104,8790.94,8069.937,0.05119999999999969,上海,园区开发,19920327,
600604.SH,市北高新,20020418,3.4484,3.3898,3.4959,3.3825,3.4593,-2.0091,7714.19,7219.782,-0.06949999999999967,上海,园区开发,19920327,
600604.SH,市北高新,20020417,3.452,3.4593,3.4959,3.4118,3.452,0.2115,5715.99,5394.089,0.007299999999999862,上海,园区开发,19920327,
600604.SH,市北高新,20020416,3.5032,3.452,3.5178,3.4301,3.5178,-1.8705,8026.77,7608.371,-0.06579999999999986,上海,园区开发,19920327,
600604.SH,市北高新,20020415,3.4849,3.5178,3.5763,3.4557,3.463,1.5824,10748.36,10301.569,0.05479999999999974,上海,园区开发,19920327,
600604.SH,市北高新,20020412,3.4593,3.463,3.5288,3.441,3.4593,0.107,11893.48,11330.569,0.0037000000000002586,上海,园区开发,19920327,
600604.SH,市北高新,20020411,3.5983,3.4593,3.6166,3.452,3.6019,-3.959,24901.39,23951.495,-0.14260000000000028,上海,园区开发,19920327,
600604.SH,市北高新,20020410,3.6056,3.6019,3.6897,3.5471,3.6056,-0.1026,39213.38,38701.164,-0.0036999999999998145,上海,园区开发,19920327,
600604.SH,市北高新,20020409,3.4301,3.6056,3.6495,3.4264,3.4154,5.5689,59427.35,57439.816,0.19019999999999992,上海,园区开发,19920327,
600604.SH,市北高新,20020408,3.3131,3.4154,3.452,3.2911,3.3131,3.0877,16225.73,15054.382,0.10230000000000006,上海,园区开发,19920327,
600604.SH,市北高新,20020405,3.346,3.3131,3.4008,3.2948,3.3533,-1.1988,15104.83,13833.655,-0.040200000000000014,上海,园区开发,19920327,
600604.SH,市北高新,20020404,3.1046,3.3533,3.4008,3.0717,3.1046,8.0107,20277.4,18266.647,0.24869999999999992,上海,园区开发,19920327,
600604.SH,市北高新,20020403,3.09,3.1046,3.1448,3.079,3.101,0.1161,5134.3,4359.051,0.0036000000000000476,上海,园区开发,19920327,
600604.SH,市北高新,20020402,3.2034,3.101,3.229,3.0607,3.1997,-3.0847,7353.0,6297.238,-0.09870000000000001,上海,园区开发,19920327,
600604.SH,市北高新,20020401,3.1448,3.1997,3.2143,3.1046,3.1814,0.5752,7227.32,6233.31,0.018299999999999983,上海,园区开发,19920327,
600604.SH,市北高新,20020329,3.3131,3.1814,3.324,3.1302,3.3131,-3.9751,12741.44,11240.942,-0.13169999999999993,上海,园区开发,19920327,
600604.SH,市北高新,20020328,3.346,3.3131,3.3789,3.2911,3.346,-0.9833,7013.47,6399.244,-0.03290000000000015,上海,园区开发,19920327,
600604.SH,市北高新,20020327,3.3752,3.346,3.3752,3.2655,3.3825,-1.0791,11815.36,10694.56,-0.036499999999999755,上海,园区开发,19920327,
600604.SH,市北高新,20020326,3.3716,3.3825,3.4813,3.3643,3.3679,0.4335,13710.7,12799.819,0.014599999999999724,上海,园区开发,19920327,
600604.SH,市北高新,20020325,3.4557,3.3679,3.4557,3.3569,3.4191,-1.4975,10005.54,9273.125,-0.05119999999999969,上海,园区开发,19920327,
600604.SH,市北高新,20020322,3.3825,3.4191,3.4922,3.3643,3.3935,0.7544,22230.8,20899.517,0.025599999999999845,上海,园区开发,19920327,
600604.SH,市北高新,20020321,3.4191,3.3935,3.4374,3.3569,3.3935,0.0,11241.28,10455.789,0.0,上海,园区开发,19920327,
600604.SH,市北高新,20020320,3.4081,3.3935,3.4301,3.3423,3.3825,0.3252,18438.39,17075.232,0.01100000000000012,上海,园区开发,19920327,
600604.SH,市北高新,20020319,3.2984,3.3825,3.3825,3.2801,3.324,1.7599,12566.81,11475.689,0.058499999999999996,上海,园区开发,19920327,
600604.SH,市北高新,20020318,3.4557,3.324,3.463,3.2582,3.2619,1.9038,15774.82,14400.162,0.062100000000000044,上海,园区开发,19920327,
600604.SH,市北高新,20020315,3.4045,3.2619,3.4959,3.2545,3.3825,-3.5654,30265.52,28215.637,-0.12060000000000004,上海,园区开发,19920327,
600604.SH,市北高新,20020314,3.229,3.3825,3.4008,3.2034,3.2326,4.6371,17264.23,15537.24,0.1498999999999997,上海,园区开发,19920327,
600604.SH,市北高新,20020313,3.3423,3.2326,3.3935,3.229,3.3569,-3.7028,20609.28,18590.142,-0.12429999999999986,上海,园区开发,19920327,
600604.SH,市北高新,20020312,3.346,3.3569,3.4922,3.218,3.346,0.3258,40881.56,37491.732,0.01089999999999991,上海,园区开发,19920327,
600604.SH,市北高新,20020311,3.3021,3.346,3.3496,3.218,3.2728,2.2366,28501.61,25559.407,0.07319999999999993,上海,园区开发,19920327,
600604.SH,市北高新,20020308,3.1997,3.2728,3.2984,3.1448,3.1448,4.0702,45817.56,40608.69,0.1280000000000001,上海,园区开发,19920327,
600604.SH,市北高新,20020307,3.0242,3.1448,3.1448,3.0059,3.0242,3.9878,27100.46,22908.565,0.12060000000000004,上海,园区开发,19920327,
600604.SH,市北高新,20020306,2.962,3.0242,3.1997,2.9583,2.9474,2.6057,38024.26,32097.093,0.07679999999999998,上海,园区开发,19920327,
600604.SH,市北高新,20020305,2.8889,2.9474,2.9876,2.8669,2.8889,2.025,23373.84,18750.4,0.058499999999999996,上海,园区开发,19920327,
600604.SH,市北高新,20020304,2.728,2.8889,2.9035,2.6877,2.728,5.8981,16983.97,13234.918,0.16089999999999982,上海,园区开发,19920327,
600604.SH,市北高新,20020301,2.8084,2.728,2.8157,2.7243,2.8304,-3.6179,9651.3,7284.761,-0.10239999999999982,上海,园区开发,19920327,
600604.SH,市北高新,20020228,2.8852,2.8304,2.9145,2.8084,2.8925,-2.1469,10704.13,8363.443,-0.062100000000000044,上海,园区开发,19920327,
600604.SH,市北高新,20020227,2.8523,2.8925,2.9474,2.8194,2.8523,1.4094,16766.81,13243.707,0.040200000000000014,上海,园区开发,19920327,
600604.SH,市北高新,20020226,2.7426,2.8523,2.8669,2.7426,2.7682,3.0381,15116.16,11605.172,0.08409999999999984,上海,园区开发,19920327,
600604.SH,市北高新,20020225,2.7792,2.7682,2.8157,2.7389,2.6841,3.1333,10414.01,7891.434,0.08410000000000029,上海,园区开发,19920327,
600604.SH,市北高新,20020208,2.6841,2.6841,2.7609,2.6768,2.6841,0.0,9754.89,7273.503,0.0,上海,园区开发,19920327,
600604.SH,市北高新,20020207,2.6073,2.6841,2.7024,2.5963,2.6256,2.2281,8644.66,6322.236,0.058499999999999996,上海,园区开发,19920327,
600604.SH,市北高新,20020206,2.7719,2.6256,2.7974,2.6219,2.7755,-5.4008,14677.8,10783.553,-0.14990000000000014,上海,园区开发,19920327,
600604.SH,市北高新,20020205,2.7353,2.7755,2.8157,2.706,2.7353,1.4697,16385.19,12367.109,0.040200000000000014,上海,园区开发,19920327,
600604.SH,市北高新,20020204,2.6695,2.7353,2.7719,2.6548,2.6658,2.6071,13335.31,9909.865,0.06950000000000012,上海,园区开发,19920327,
600604.SH,市北高新,20020201,2.6987,2.6658,2.7755,2.6402,2.6987,-1.2191,24298.27,18036.145,-0.03290000000000015,上海,园区开发,19920327,
600604.SH,市北高新,20020131,2.5232,2.6987,2.7243,2.5232,2.4976,8.0517,33393.87,24058.89,0.20110000000000028,上海,园区开发,19920327,
600604.SH,市北高新,20020130,2.4683,2.4976,2.5415,2.4391,2.461,1.4872,17674.65,12062.218,0.036599999999999966,上海,园区开发,19920327,
600604.SH,市北高新,20020129,2.2709,2.461,2.483,2.1941,2.3257,5.8176,18067.25,11910.27,0.13529999999999998,上海,园区开发,19920327,
600604.SH,市北高新,20020128,2.4501,2.3257,2.5598,2.3148,2.4757,-6.0589,28630.03,19197.779,-0.1499999999999999,上海,园区开发,19920327,
600604.SH,市北高新,20020125,2.3696,2.4757,2.5195,2.3403,2.3769,4.1567,29913.44,20027.407,0.09879999999999978,上海,园区开发,19920327,
600604.SH,市北高新,20020124,2.1941,2.3769,2.4647,2.1392,2.2489,5.6917,32006.77,20917.277,0.1280000000000001,上海,园区开发,19920327,
600604.SH,市北高新,20020123,1.96,2.2489,2.2489,1.8394,2.0441,10.0191,34596.61,18874.117,0.2048000000000001,上海,园区开发,19920327,
600604.SH,市北高新,20020122,2.1941,2.0441,2.2306,2.0441,2.2709,-9.9872,16495.42,9530.436,-0.22680000000000033,上海,园区开发,19920327,
600604.SH,市北高新,20020121,2.4866,2.2709,2.4866,2.2709,2.5232,-9.9992,7292.01,4642.642,-0.25229999999999997,上海,园区开发,19920327,
600604.SH,市北高新,20020118,2.5634,2.5232,2.6475,2.4793,2.6292,-4.0316,8364.86,5864.909,-0.10599999999999987,上海,园区开发,19920327,
600604.SH,市北高新,20020117,2.8852,2.6292,2.8852,2.6256,2.8816,-8.759,4822.44,3654.739,-0.2524000000000002,上海,园区开发,19920327,
600604.SH,市北高新,20020116,2.8157,2.8816,2.9072,2.8011,2.8048,2.7382,4687.11,3674.207,0.07679999999999998,上海,园区开发,19920327,
600604.SH,市北高新,20020115,2.7719,2.8048,2.8779,2.7645,2.8267,-0.7748,4315.5,3333.622,-0.02190000000000003,上海,园区开发,19920327,
600604.SH,市北高新,20020114,2.9072,2.8267,2.9072,2.8084,2.9401,-3.857,4936.0,3859.275,-0.11339999999999995,上海,园区开发,19920327,
600604.SH,市北高新,20020111,3.0681,2.9401,3.0681,2.9254,3.0717,-4.2843,6349.01,5154.578,-0.13159999999999972,上海,园区开发,19920327,
600604.SH,市北高新,20020110,3.0169,3.0717,3.1375,2.8377,3.0169,1.8164,11021.29,8901.604,0.05479999999999974,上海,园区开发,19920327,
600604.SH,市北高新,20020109,3.1814,3.0169,3.1997,2.9986,3.1924,-5.4974,5985.06,5033.95,-0.1755,上海,园区开发,19920327,
600604.SH,市北高新,20020108,3.229,3.1924,3.3094,3.1814,3.2363,-1.3565,3392.0,3020.558,-0.04389999999999983,上海,园区开发,19920327,
600604.SH,市北高新,20020107,3.3643,3.2363,3.3752,3.218,3.3898,-4.5283,5861.71,5242.595,-0.1535000000000002,上海,园区开发,19920327,
600604.SH,市北高新,20020104,3.5288,3.3898,3.5288,3.3643,3.4959,-3.035,2928.68,2724.708,-0.10609999999999964,上海,园区开发,19920327,
600604.SH,市北高新,20011231,3.5142,3.4959,3.5178,3.474,3.4996,-0.1057,3682.7,3513.067,-0.0037000000000002586,上海,园区开发,19920327,
600604.SH,市北高新,20011228,3.4776,3.4996,3.5215,3.4557,3.474,0.7369,4293.16,4080.366,0.025599999999999845,上海,园区开发,19920327,
600604.SH,市北高新,20011227,3.6166,3.474,3.6166,3.4666,3.5727,-2.7626,5000.81,4812.023,-0.09870000000000001,上海,园区开发,19920327,
600604.SH,市北高新,20011226,3.5252,3.5727,3.58,3.5105,3.5215,1.4539,2672.42,2594.689,0.051200000000000134,上海,园区开发,19920327,
600604.SH,市北高新,20011225,3.5325,3.5215,3.591,3.4301,3.5325,-0.3114,3539.72,3389.437,-0.01100000000000012,上海,园区开发,19920327,
600604.SH,市北高新,20011224,3.6934,3.5325,3.7043,3.4922,3.7116,-4.8254,5546.38,5433.798,-0.1790999999999996,上海,园区开发,19920327,
600604.SH,市北高新,20011221,3.6861,3.7116,3.7299,3.6568,3.6897,0.5935,2895.44,2923.9,0.021899999999999586,上海,园区开发,19920327,
600604.SH,市北高新,20011220,3.7921,3.6897,3.7921,3.6751,3.7921,-2.7004,7286.0,7371.227,-0.10239999999999982,上海,园区开发,19920327,
600604.SH,市北高新,20011219,3.7921,3.7921,3.8835,3.7848,3.7921,0.0,5054.38,5291.904,0.0,上海,园区开发,19920327,
600604.SH,市北高新,20011218,3.7299,3.7921,3.7958,3.7226,3.6934,2.6723,5445.08,5593.691,0.09870000000000001,上海,园区开发,19920327,
600604.SH,市北高新,20011217,3.7665,3.6934,3.8031,3.6934,3.8031,-2.8845,6152.3,6285.071,-0.10970000000000013,上海,园区开发,19920327,
600604.SH,市北高新,20011214,3.8652,3.8031,3.8945,3.8031,3.8689,-1.7007,6399.74,6714.911,-0.06579999999999986,上海,园区开发,19920327,
600604.SH,市北高新,20011213,3.8762,3.8689,3.9457,3.8652,3.8872,-0.4708,8049.99,8580.263,-0.018299999999999983,上海,园区开发,19920327,
600604.SH,市北高新,20011212,4.0225,3.8872,4.0554,3.8762,4.0737,-4.5781,15545.58,16771.449,-0.18649999999999967,上海,园区开发,19920327,
600604.SH,市北高新,20011211,4.209,4.0737,4.2309,4.0627,4.2346,-3.7997,7656.0,8638.381,-0.1609000000000007,上海,园区开发,19920327,
600604.SH,市北高新,20011210,4.1687,4.2346,4.2382,4.0993,4.1724,1.4907,6765.27,7696.01,0.0622000000000007,上海,园区开发,19920327,
600604.SH,市北高新,20011207,4.2163,4.1724,4.2602,4.1651,4.2126,-0.9543,8767.44,10074.884,-0.04020000000000046,上海,园区开发,19920327,
600604.SH,市北高新,20011206,4.1505,4.2126,4.2382,4.1212,4.1614,1.2304,16597.49,19037.856,0.05119999999999969,上海,园区开发,19920327,
600604.SH,市北高新,20011205,4.0956,4.1614,4.1687,4.059,4.1212,0.9754,16738.19,18907.535,0.04020000000000046,上海,园区开发,19920327,
600604.SH,市北高新,20011204,4.1468,4.1212,4.1505,4.0846,4.1431,-0.5286,10004.77,11229.93,-0.021899999999999586,上海,园区开发,19920327,
600604.SH,市北高新,20011203,4.1322,4.1431,4.1761,4.1139,4.1249,0.4412,13687.22,15497.636,0.018199999999999328,上海,园区开发,19920327,
600604.SH,市北高新,20011130,4.0444,4.1249,4.1614,4.0371,4.0481,1.8972,13538.38,15211.167,0.07680000000000042,上海,园区开发,19920327,
600604.SH,市北高新,20011129,4.0773,4.0481,4.1249,4.0261,4.092,-1.0728,9732.87,10842.134,-0.04389999999999983,上海,园区开发,19920327,
600604.SH,市北高新,20011128,4.1102,4.092,4.1322,4.081,4.1102,-0.4428,12108.32,13607.364,-0.018200000000000216,上海,园区开发,19920327,
600604.SH,市北高新,20011127,4.0664,4.1102,4.1176,4.0664,4.0883,0.5357,6673.06,7460.377,0.021899999999999586,上海,园区开发,19920327,
600604.SH,市北高新,20011126,4.0517,4.0883,4.1322,4.0444,4.0664,0.5386,7658.04,8563.62,0.021900000000000475,上海,园区开发,19920327,
600604.SH,市北高新,20011123,4.0956,4.0664,4.1102,4.0225,4.1029,-0.8896,11204.58,12436.747,-0.0365000000000002,上海,园区开发,19920327,
600604.SH,市北高新,20011122,3.9676,4.1029,4.1249,3.9311,3.9493,3.8893,25457.74,28408.859,0.15359999999999996,上海,园区开发,19920327,
600604.SH,市北高新,20011121,3.9676,3.9493,3.9823,3.8835,3.9676,-0.4612,8689.28,9332.67,-0.018299999999999983,上海,园区开发,19920327,
600604.SH,市北高新,20011120,3.9091,3.9676,4.0152,3.8872,3.9128,1.4005,15102.65,16366.603,0.05480000000000018,上海,园区开发,19920327,
600604.SH,市北高新,20011119,3.8433,3.9128,3.9274,3.8214,3.8506,1.6153,8069.34,8579.494,0.06219999999999981,上海,园区开发,19920327,
600604.SH,市北高新,20011116,4.1687,3.8506,4.2053,3.8433,3.8762,-0.6604,18538.41,20262.068,-0.025599999999999845,上海,园区开发,19920327,
600604.SH,市北高新,20011115,3.9055,3.8762,3.9128,3.7958,3.9128,-0.9354,7094.32,7425.768,-0.036599999999999966,上海,园区开发,19920327,
600604.SH,市北高新,20011114,3.9311,3.9128,3.9896,3.8433,3.9347,-0.5566,9756.23,10419.375,-0.02190000000000003,上海,园区开发,19920327,
600604.SH,市北高新,20011113,3.7336,3.9347,3.9347,3.7299,3.8689,1.7007,14685.79,15359.758,0.06579999999999986,上海,园区开发,19920327,
600604.SH,市北高新,20011112,4.1249,3.8689,4.1249,3.8689,4.1431,-6.6182,28977.53,31166.297,-0.27419999999999956,上海,园区开发,19920327,
600604.SH,市北高新,20011109,4.187,4.1431,4.187,4.0152,4.2017,-1.3947,30451.63,34207.609,-0.05860000000000021,上海,园区开发,19920327,
600604.SH,市北高新,20011108,3.9128,4.2017,4.2053,3.8067,3.9896,5.3163,26088.79,29243.616,0.21209999999999996,上海,园区开发,19920327,
600604.SH,市北高新,20011107,4.315,3.9896,4.3333,3.9786,4.315,-7.5411,26596.69,29852.286,-0.3254000000000006,上海,园区开发,19920327,
600604.SH,市北高新,20011106,4.3882,4.315,4.443,4.2785,4.4028,-1.9942,14185.93,16828.912,-0.08779999999999966,上海,园区开发,19920327,
600604.SH,市北高新,20011105,4.4174,4.4028,4.5125,4.3882,4.4028,0.0,16344.2,19878.783,0.0,上海,园区开发,19920327,
600604.SH,市北高新,20011102,4.315,4.4028,4.5161,4.2894,4.3589,1.0071,28821.87,34972.658,0.04389999999999983,上海,园区开发,19920327,
600604.SH,市北高新,20011101,4.4247,4.3589,4.5161,4.2638,4.4064,-1.078,45500.95,54810.744,-0.04749999999999943,上海,园区开发,19920327,
600604.SH,市北高新,20011031,3.9493,4.4064,4.4064,3.8981,4.0042,10.0445,32729.23,37881.579,0.40219999999999967,上海,园区开发,19920327,
600604.SH,市北高新,20011030,4.07,4.0042,4.0956,3.9859,4.07,-1.6167,7461.48,8202.76,-0.0658000000000003,上海,园区开发,19920327,
600604.SH,市北高新,20011029,4.0225,4.07,4.0883,3.9493,3.9713,2.4853,11024.8,12191.161,0.09870000000000045,上海,园区开发,19920327,
600604.SH,市北高新,20011026,3.8396,3.9713,3.9859,3.7958,3.8652,2.745,13429.59,14353.775,0.10609999999999964,上海,园区开发,19920327,
600604.SH,市北高新,20011025,4.0078,3.8652,4.0078,3.814,4.0078,-3.5581,16508.36,17719.445,-0.1425999999999994,上海,园区开发,19920327,
600604.SH,市北高新,20011024,3.9018,4.0078,4.0078,3.7775,3.6422,10.0379,34234.95,36583.524,0.3655999999999997,上海,园区开发,19920327,
600604.SH,市北高新,20011023,3.6385,3.6422,3.6422,3.5837,3.3094,10.0562,15105.04,15000.209,0.33279999999999976,上海,园区开发,19920327,
600604.SH,市北高新,20011022,3.4886,3.3094,3.4922,3.3057,3.5288,-6.2174,7377.54,6909.423,-0.21939999999999982,上海,园区开发,19920327,
600604.SH,市北高新,20011019,3.6751,3.5288,3.7299,3.474,3.6861,-4.2674,11171.72,10906.208,-0.15730000000000022,上海,园区开发,19920327,
600604.SH,市北高新,20011018,3.8031,3.6861,3.8616,3.6641,3.814,-3.3534,8661.11,8844.511,-0.1278999999999999,上海,园区开发,19920327,
600604.SH,市北高新,20011017,3.9237,3.814,3.9676,3.8067,3.9676,-3.8714,6769.61,7138.43,-0.15359999999999996,上海,园区开发,19920327,
600604.SH,市北高新,20011016,4.1395,3.9676,4.1505,3.9493,4.1322,-3.9834,6912.11,7580.863,-0.16460000000000008,上海,园区开发,19920327,
600604.SH,市北高新,20011015,4.1578,4.1322,4.2419,3.964,4.1578,-0.6157,7992.57,9031.176,-0.025599999999999845,上海,园区开发,19920327,
600604.SH,市北高新,20011012,4.0956,4.1578,4.2236,3.7299,4.1139,1.0671,15843.22,17417.5,0.04389999999999983,上海,园区开发,19920327,
600604.SH,市北高新,20011011,4.2785,4.1139,4.2821,4.0956,4.209,-2.2594,5013.65,5704.438,-0.09509999999999952,上海,园区开发,19920327,
600604.SH,市北高新,20011010,4.3516,4.209,4.3699,4.209,4.3333,-2.8685,4192.68,4879.785,-0.12430000000000074,上海,园区开发,19920327,
600604.SH,市北高新,20011009,4.2126,4.3333,4.3699,4.2053,4.2455,2.0681,3381.52,3999.279,0.08780000000000054,上海,园区开发,19920327,
600604.SH,市北高新,20011008,4.2602,4.2455,4.3589,4.2273,4.304,-1.3592,2831.14,3304.402,-0.05850000000000044,上海,园区开发,19920327,
600604.SH,市北高新,20010928,4.315,4.304,4.3443,4.2346,4.2711,0.7703,3225.97,3795.748,0.032900000000000595,上海,园区开发,19920327,
600604.SH,市北高新,20010927,4.2419,4.2711,4.3443,4.1907,4.2602,0.2559,6510.58,7597.436,0.010899999999999466,上海,园区开发,19920327,
600604.SH,市北高新,20010926,4.3882,4.2602,4.4247,4.2602,4.3845,-2.835,5846.47,6870.124,-0.12429999999999986,上海,园区开发,19920327,
600604.SH,市北高新,20010925,4.3808,4.3845,4.443,4.3296,4.3479,0.8418,4220.2,5037.796,0.036599999999999966,上海,园区开发,19920327,
600604.SH,市北高新,20010924,4.3845,4.3479,4.4247,4.315,4.4174,-1.5733,8954.48,10655.719,-0.06949999999999967,上海,园区开发,19920327,
600604.SH,市北高新,20010921,4.5344,4.4174,4.5344,4.3918,4.56,-3.1272,16353.34,19888.418,-0.14259999999999984,上海,园区开发,19920327,
600604.SH,市北高新,20010920,4.6076,4.56,4.7173,4.5161,4.6295,-1.5012,13471.86,17027.337,-0.06950000000000056,上海,园区开发,19920327,
600604.SH,市北高新,20010919,4.7282,4.6295,4.7356,4.5454,4.6917,-1.3257,10904.99,13737.413,-0.06219999999999981,上海,园区开发,19920327,
600604.SH,市北高新,20010918,4.6807,4.6917,4.8453,4.5125,4.6624,0.6284,24980.85,31807.817,0.029300000000000104,上海,园区开发,19920327,
600604.SH,市北高新,20010917,4.7831,4.6624,4.8635,4.6112,4.7831,-2.5235,23836.76,30733.9,-0.12070000000000025,上海,园区开发,19920327,
600604.SH,市北高新,20010914,4.6332,4.7831,4.9988,4.6332,4.6112,3.7279,44684.42,59064.871,0.17189999999999994,上海,园区开发,19920327,
600604.SH,市北高新,20010913,4.71,4.6112,4.7282,4.5893,4.71,-2.0977,11115.74,14099.511,-0.09879999999999978,上海,园区开发,19920327,
600604.SH,市北高新,20010912,4.6258,4.71,4.7282,4.5088,4.7282,-0.3849,28254.99,35944.585,-0.018200000000000216,上海,园区开发,19920327,
600604.SH,市北高新,20010911,4.6807,4.7282,4.816,4.6551,4.6222,2.2933,49681.66,64415.216,0.10599999999999987,上海,园区开发,19920327,
600604.SH,市北高新,20010910,4.1139,4.6222,4.6222,4.0408,4.2017,10.0079,29241.0,35989.273,0.42050000000000054,上海,园区开发,19920327,
600604.SH,市北高新,20010907,4.4467,4.2017,4.4467,4.187,4.3772,-4.0094,11551.41,13658.696,-0.17550000000000043,上海,园区开发,19920327,
600604.SH,市北高新,20010906,4.3882,4.3772,4.454,4.3443,4.3918,-0.3324,7593.4,9106.801,-0.014599999999999724,上海,园区开发,19920327,
600604.SH,市北高新,20010905,4.2785,4.3918,4.4796,4.2785,4.2858,2.4733,17679.15,21283.077,0.10599999999999987,上海,园区开发,19920327,
600604.SH,市北高新,20010904,4.0956,4.2858,4.315,4.0956,4.1834,2.4478,12951.3,14991.968,0.10240000000000027,上海,园区开发,19920327,
600604.SH,市北高新,20010903,4.4467,4.1834,4.4467,4.1249,4.4723,-6.4598,23782.4,27774.451,-0.28889999999999993,上海,园区开发,19920327,
600604.SH,市北高新,20010831,4.5344,4.4723,4.6076,4.4613,4.5454,-1.6082,15722.7,19420.525,-0.07310000000000016,上海,园区开发,19920327,
600604.SH,市北高新,20010830,4.6807,4.5454,4.6807,4.5308,4.699,-3.2688,16854.96,21141.229,-0.15359999999999996,上海,园区开发,19920327,
600604.SH,市北高新,20010829,4.8197,4.699,4.8416,4.699,4.8123,-2.3544,13206.35,17171.869,-0.11329999999999973,上海,园区开发,19920327,
600604.SH,市北高新,20010828,4.6002,4.8123,4.816,4.5271,4.6588,3.2948,19773.96,25162.363,0.1534999999999993,上海,园区开发,19920327,
600604.SH,市北高新,20010827,4.9367,4.6588,4.9915,4.6478,4.9879,-6.598,34827.5,45857.231,-0.3290999999999995,上海,园区开发,19920327,
600604.SH,市北高新,20010824,5.1122,4.9879,5.1524,4.9659,5.0939,-2.0809,15012.66,20670.497,-0.10599999999999987,上海,园区开发,19920327,
600604.SH,市北高新,20010823,4.9879,5.0939,5.1085,4.9367,5.0281,1.3086,14089.46,19474.126,0.06579999999999941,上海,园区开发,19920327,
600604.SH,市北高新,20010822,5.0464,5.0281,5.0829,4.922,5.1012,-1.433,25449.8,34812.895,-0.07310000000000016,上海,园区开发,19920327,
600604.SH,市北高新,20010821,5.1853,5.1012,5.2182,5.1012,5.1853,-1.6219,16592.03,23434.934,-0.0840999999999994,上海,园区开发,19920327,
600604.SH,市北高新,20010820,5.1159,5.1853,5.2109,5.0098,5.0976,1.7204,17974.91,25321.486,0.08769999999999989,上海,园区开发,19920327,
600604.SH,市北高新,20010817,4.9659,5.0976,5.1195,4.9184,5.0062,1.8257,18245.75,25063.713,0.09140000000000015,上海,园区开发,19920327,
600604.SH,市北高新,20010816,5.1561,5.0062,5.1817,5.0025,5.1853,-3.454,36623.9,50820.204,-0.17910000000000004,上海,园区开发,19920327,
600604.SH,市北高新,20010815,5.2365,5.1853,5.2585,5.1232,5.2292,-0.8395,25192.45,35892.242,-0.04389999999999983,上海,园区开发,19920327,
600604.SH,市北高新,20010814,5.1634,5.2292,5.2438,5.0829,5.1634,1.2744,39342.17,55667.903,0.06579999999999941,上海,园区开发,19920327,
600604.SH,市北高新,20010813,5.1853,5.1634,5.2256,5.1012,5.1524,0.2135,40711.31,57574.11,0.01100000000000012,上海,园区开发,19920327,
600604.SH,市北高新,20010810,5.0647,5.1524,5.189,4.9952,5.0391,2.2484,49066.36,68488.427,0.11329999999999973,上海,园区开发,19920327,
600604.SH,市北高新,20010809,4.8197,5.0391,5.0756,4.7904,4.827,4.394,27786.58,37926.16,0.2121000000000004,上海,园区开发,19920327,
600604.SH,市北高新,20010808,4.8818,4.827,4.9294,4.7538,4.8964,-1.4174,12303.71,16278.885,-0.0693999999999999,上海,园区开发,19920327,
600604.SH,市北高新,20010807,4.8453,4.8964,4.9367,4.6807,4.8635,0.6765,28297.95,37322.737,0.03289999999999971,上海,园区开发,19920327,
600604.SH,市北高新,20010806,5.0829,4.8635,5.0829,4.7465,5.0098,-2.9203,39680.64,52790.377,-0.1463000000000001,上海,园区开发,19920327,
600604.SH,市北高新,20010803,4.8782,5.0098,5.1561,4.8782,5.1122,-2.0031,31310.92,43137.393,-0.10239999999999938,上海,园区开发,19920327,
600604.SH,市北高新,20010802,4.9367,5.1122,5.1853,4.8635,4.9257,3.7863,103035.36,142606.593,0.18649999999999967,上海,园区开发,19920327,
600604.SH,市北高新,20010801,4.699,4.9257,4.955,4.699,4.699,4.8244,39772.96,53072.272,0.22670000000000012,上海,园区开发,19920327,
600604.SH,市北高新,20010731,4.6441,4.699,4.8599,4.5381,4.7136,-0.3097,42265.55,54509.636,-0.014599999999999724,上海,园区开发,19920327,
600604.SH,市北高新,20010730,5.2219,4.7136,5.2621,4.699,5.2219,-9.734,73615.05,99985.306,-0.5083000000000002,上海,园区开发,19920327,
600604.SH,市北高新,20010727,5.0756,5.2219,5.3024,4.9806,5.05,3.404,77215.28,109904.798,0.17189999999999994,上海,园区开发,19920327,
600604.SH,市北高新,20010726,5.0866,5.05,5.1853,5.0025,5.1159,-1.2881,41855.8,58248.41,-0.06590000000000007,上海,园区开发,19920327,
600604.SH,市北高新,20010725,4.8709,5.1159,5.3462,4.8343,4.8818,4.7954,89417.5,125296.086,0.23409999999999975,上海,园区开发,19920327,
600604.SH,市北高新,20010724,4.955,4.8818,4.955,4.827,4.9623,-1.6222,24494.69,32780.921,-0.0804999999999998,上海,园区开发,19920327,
600604.SH,市北高新,20010723,4.9988,4.9623,5.0318,4.8635,4.9038,1.193,48143.71,65313.215,0.05849999999999955,上海,园区开发,19920327,
600604.SH,市北高新,20010720,4.6295,4.9038,4.9952,4.6295,4.5893,6.8529,50472.88,67231.657,0.31450000000000067,上海,园区开发,19920327,
600604.SH,市北高新,20010719,4.6149,4.5893,4.6441,4.5417,4.6295,-0.8683,5392.8,6753.671,-0.04020000000000046,上海,园区开发,19920327,
600604.SH,市北高新,20010718,4.6405,4.6295,4.6661,4.6076,4.6405,-0.237,4644.12,5889.807,-0.01100000000000012,上海,园区开发,19920327,
600604.SH,市北高新,20010717,4.6953,4.6405,4.6953,4.4979,4.6953,-1.1671,10469.79,13139.67,-0.054799999999999294,上海,园区开发,19920327,
600604.SH,市北高新,20010716,4.699,4.6953,4.7538,4.6624,4.6807,0.3119,7876.0,10124.04,0.014599999999999724,上海,园区开发,19920327,
600604.SH,市北高新,20010713,4.7575,4.6807,4.8197,4.6624,4.7611,-1.6887,10069.2,13019.435,-0.08040000000000003,上海,园区开发,19920327,
600604.SH,市北高新,20010712,4.816,4.7611,4.816,4.7246,4.8197,-1.2158,8591.18,11193.019,-0.05860000000000021,上海,园区开发,19920327,
600604.SH,市北高新,20010711,4.8453,4.8197,4.9184,4.8123,4.8233,-0.0746,37646.87,50138.254,-0.0035999999999996035,上海,园区开发,19920327,
600604.SH,市北高新,20010710,4.7173,4.8233,4.8233,4.6953,4.7026,2.5667,16952.17,22186.653,0.12069999999999936,上海,园区开发,19920327,
600604.SH,市北高新,20010709,4.7319,4.7026,4.7611,4.6514,4.7319,-0.6192,9519.11,12254.542,-0.029300000000000104,上海,园区开发,19920327,
600604.SH,市北高新,20010706,4.827,4.7319,4.8453,4.7173,4.8197,-1.8217,30284.48,39739.327,-0.08779999999999966,上海,园区开发,19920327,
600604.SH,市北高新,20010705,4.7173,4.8197,4.827,4.6844,4.6953,2.6495,33862.22,44087.765,0.12440000000000051,上海,园区开发,19920327,
600604.SH,市北高新,20010704,4.6807,4.6953,4.7429,4.6624,4.6624,0.7056,9402.3,12083.596,0.03289999999999971,上海,园区开发,19920327,
600604.SH,市北高新,20010703,4.6953,4.6624,4.7319,4.6076,4.6917,-0.6245,6156.27,7832.054,-0.029300000000000104,上海,园区开发,19920327,
600604.SH,市北高新,20010702,4.6807,4.6917,4.7502,4.6112,4.6368,1.184,11098.87,14252.027,0.05489999999999995,上海,园区开发,19920327,
600604.SH,市北高新,20010629,4.5747,4.6368,4.7173,4.5747,4.5747,1.3575,7178.46,9128.734,0.062100000000000044,上海,园区开发,19920327,
600604.SH,市北高新,20010628,4.6514,4.5747,4.6624,4.56,4.6661,-1.9588,10350.36,13034.344,-0.09140000000000015,上海,园区开发,19920327,
600604.SH,市北高新,20010627,4.6039,4.6661,4.8197,4.6002,4.5052,3.5714,39833.07,51552.1,0.16089999999999982,上海,园区开发,19920327,
600604.SH,市北高新,20010625,4.4905,4.5052,4.5052,4.4138,4.4503,1.2336,6141.95,7500.966,0.05489999999999995,上海,园区开发,19920327,
600604.SH,市北高新,20010622,4.4064,4.4503,4.4905,4.4064,4.3882,1.4152,4692.64,5714.047,0.062100000000000044,上海,园区开发,19920327,
600604.SH,市北高新,20010621,4.3626,4.3882,4.4064,4.3443,4.3626,0.5868,4661.5,5576.134,0.025600000000000733,上海,园区开发,19920327,
600604.SH,市北高新,20010620,4.4138,4.3626,4.4613,4.3516,4.3955,-0.7485,6300.8,7590.668,-0.032900000000000595,上海,园区开发,19920327,
600604.SH,市北高新,20010619,4.3443,4.3955,4.4247,4.2894,4.3589,0.8397,9929.01,11809.868,0.036599999999999966,上海,园区开发,19920327,
600604.SH,市北高新,20010618,4.6002,4.3589,4.6002,4.3443,4.6002,-5.2454,23979.13,28948.691,-0.24129999999999985,上海,园区开发,19920327,
600604.SH,市北高新,20010615,4.5527,4.6002,4.6258,4.5271,4.582,0.3972,16929.35,21094.625,0.018200000000000216,上海,园区开发,19920327,
600604.SH,市北高新,20010614,4.7538,4.582,4.7721,4.5747,4.7794,-4.1302,21329.57,27183.483,-0.19740000000000002,上海,园区开发,19920327,
600604.SH,市北高新,20010613,4.7282,4.7794,4.7831,4.699,4.7209,1.2392,13909.05,17971.074,0.05849999999999955,上海,园区开发,19920327,
600604.SH,市北高新,20010612,4.6734,4.7209,4.7392,4.6478,4.6661,1.1744,11490.06,14740.823,0.05480000000000018,上海,园区开发,19920327,
600604.SH,市北高新,20010611,4.7538,4.6661,4.8087,4.6149,4.7429,-1.6193,18986.53,24489.033,-0.07679999999999954,上海,园区开发,19920327,
600604.SH,市北高新,20010608,4.7173,4.7429,4.8197,4.6807,4.7173,0.5427,24111.31,31338.667,0.025599999999999845,上海,园区开发,19920327,
600604.SH,市北高新,20010607,4.9001,4.7173,4.9294,4.7136,4.8855,-3.4428,34455.79,45336.166,-0.16820000000000057,上海,园区开发,19920327,
600604.SH,市北高新,20010606,4.6807,4.8855,4.8928,4.6624,4.6734,4.5385,70368.74,92173.133,0.2121000000000004,上海,园区开发,19920327,
600604.SH,市北高新,20010605,4.6588,4.6734,4.7173,4.6076,4.6405,0.709,20711.91,26447.443,0.03289999999999971,上海,园区开发,19920327,
600604.SH,市北高新,20010604,4.4576,4.6405,4.6441,4.4576,4.4576,4.1031,19361.61,24243.897,0.18290000000000006,上海,园区开发,19920327,
600604.SH,市北高新,20010601,4.5161,4.4576,4.5637,4.4247,4.5161,-1.2954,13263.04,16267.957,-0.05849999999999955,上海,园区开发,19920327,
600604.SH,市北高新,20010531,4.5161,4.5161,4.6002,4.4979,4.4979,0.4046,17894.67,22209.85,0.018200000000000216,上海,园区开发,19920327,
600604.SH,市北高新,20010530,4.3406,4.4979,4.5052,4.3333,4.337,3.7099,14328.51,17347.947,0.16089999999999982,上海,园区开发,19920327,
600604.SH,市北高新,20010529,4.3882,4.337,4.4174,4.3187,4.4174,-1.8201,20186.47,24067.544,-0.08040000000000003,上海,园区开发,19920327,
600604.SH,市北高新,20010528,4.5454,4.4174,4.56,4.4064,4.5454,-2.816,20724.46,25252.146,-0.1280000000000001,上海,园区开发,19920327,
600604.SH,市北高新,20010525,4.71,4.5454,4.7538,4.5271,4.7063,-3.4188,23655.48,29902.441,-0.16089999999999982,上海,园区开发,19920327,
600604.SH,市北高新,20010524,4.7465,4.7063,4.7648,4.6624,4.7209,-0.3093,21560.15,27772.581,-0.014600000000000612,上海,园区开发,19920327,
600604.SH,市北高新,20010523,4.6258,4.7209,4.7465,4.5929,4.5747,3.1958,48899.28,62673.385,0.14620000000000033,上海,园区开发,19920327,
600604.SH,市北高新,20010522,4.6441,4.5747,4.6478,4.5381,4.6441,-1.4944,18196.18,22845.147,-0.0693999999999999,上海,园区开发,19920327,
600604.SH,市北高新,20010521,4.6076,4.6441,4.6551,4.5381,4.571,1.5992,24081.25,30310.48,0.07310000000000016,上海,园区开发,19920327,
600604.SH,市北高新,20010518,4.5052,4.571,4.6258,4.5015,4.4905,1.7927,25696.49,32147.975,0.0804999999999998,上海,园区开发,19920327,
600604.SH,市北高新,20010517,4.4394,4.4905,4.5564,4.4174,4.4394,1.1511,19008.52,23360.617,0.05109999999999992,上海,园区开发,19920327,
600604.SH,市北高新,20010516,4.4979,4.4394,4.5198,4.3955,4.4832,-0.977,20642.36,25076.632,-0.04380000000000006,上海,园区开发,19920327,
600604.SH,市北高新,20010515,4.5344,4.4832,4.5637,4.454,4.5344,-1.1291,20473.27,25149.829,-0.05119999999999969,上海,园区开发,19920327,
600604.SH,市北高新,20010514,4.5344,4.5344,4.5783,4.432,4.5235,0.241,25071.31,30848.073,0.010899999999999466,上海,园区开发,19920327,
600604.SH,市北高新,20010511,4.6807,4.5235,4.699,4.5052,4.6185,-2.0569,28129.5,35137.046,-0.09499999999999975,上海,园区开发,19920327,
600604.SH,市北高新,20010510,4.5344,4.6185,4.6661,4.4357,4.4942,2.7658,60719.73,75468.241,0.12429999999999986,上海,园区开发,19920327,
600604.SH,市北高新,20010509,4.3699,4.4942,4.5966,4.3552,4.3223,3.977,93518.69,115158.985,0.17189999999999994,上海,园区开发,19920327,
600604.SH,市北高新,20010508,4.2419,4.3223,4.3443,4.1614,4.1468,4.2322,19540.46,22827.979,0.17550000000000043,上海,园区开发,19920327,
600604.SH,市北高新,20010430,4.1907,4.1468,4.2602,4.1249,4.1139,0.7997,10854.92,12440.454,0.03289999999999971,上海,园区开发,19920327,
600604.SH,市北高新,20010427,4.0956,4.1139,4.2053,4.0627,4.059,1.3525,10462.2,11842.443,0.05489999999999995,上海,园区开发,19920327,
600604.SH,市北高新,20010426,4.0517,4.059,4.1578,4.0261,4.059,0.0,9652.76,10810.432,0.0,上海,园区开发,19920327,
600604.SH,市北高新,20010425,4.2346,4.059,4.2602,4.0225,4.3077,-5.7734,14602.6,16515.658,-0.24869999999999948,上海,园区开发,19920327,
600604.SH,市北高新,20010424,4.2346,4.3077,4.315,4.1687,4.2346,1.7263,20691.58,24032.735,0.07309999999999928,上海,园区开发,19920327,
600604.SH,市北高新,20010423,4.1505,4.2346,4.2602,4.1176,4.0883,3.5785,25184.91,28964.602,0.1463000000000001,上海,园区开发,19920327,
600604.SH,市北高新,20010420,3.9859,4.0883,4.1687,3.9713,3.9713,2.9461,24528.05,27583.294,0.11700000000000044,上海,园区开发,19920327,
600604.SH,市北高新,20010419,4.0408,3.9713,4.0554,3.942,4.0298,-1.4517,5060.67,5502.435,-0.058499999999999996,上海,园区开发,19920327,
600604.SH,市北高新,20010418,3.9969,4.0298,4.059,3.9823,3.9786,1.2869,6881.83,7588.929,0.05119999999999969,上海,园区开发,19920327,
600604.SH,市北高新,20010417,3.9493,3.9786,4.0408,3.9128,3.9603,0.4621,7723.62,8409.529,0.018299999999999983,上海,园区开发,19920327,
600604.SH,市北高新,20010416,3.9859,3.9603,3.9932,3.9201,3.964,-0.0933,7446.42,8049.238,-0.0036999999999998145,上海,园区开发,19920327,
600604.SH,市北高新,20010413,4.0005,3.964,4.0005,3.9347,4.0042,-1.0039,6720.63,7266.215,-0.040200000000000014,上海,园区开发,19920327,
600604.SH,市北高新,20010412,4.0883,4.0042,4.0883,3.953,4.0883,-2.0571,8566.71,9390.181,-0.08410000000000029,上海,园区开发,19920327,
600604.SH,市北高新,20010411,4.0993,4.0883,4.1029,4.0225,4.0993,-0.2683,5575.56,6198.819,-0.01100000000000012,上海,园区开发,19920327,
600604.SH,市北高新,20010410,4.0883,4.0993,4.0993,4.0334,4.092,0.1784,5973.45,6639.039,0.00730000000000075,上海,园区开发,19920327,
600604.SH,市北高新,20010409,4.0371,4.092,4.1066,4.0078,4.0371,1.3599,7563.81,8410.88,0.05489999999999995,上海,园区开发,19920327,
600604.SH,市北高新,20010406,4.0773,4.0371,4.0883,3.9859,4.07,-0.8084,8407.7,9284.279,-0.032900000000000595,上海,园区开发,19920327,
600604.SH,市北高新,20010405,3.9018,4.07,4.07,3.8945,3.8945,4.5064,15194.9,16640.956,0.17550000000000043,上海,园区开发,19920327,
600604.SH,市北高新,20010404,3.9786,3.8945,4.0042,3.8689,3.9823,-2.2048,8569.45,9269.749,-0.0878000000000001,上海,园区开发,19920327,
600604.SH,市北高新,20010403,3.8762,3.9823,4.0042,3.8543,3.8616,3.1256,11931.0,12877.424,0.12069999999999981,上海,园区开发,19920327,
600604.SH,市北高新,20010402,3.8835,3.8616,3.8908,3.8323,3.8762,-0.3767,5354.19,5638.331,-0.014599999999999724,上海,园区开发,19920327,
600604.SH,市北高新,20010330,3.8396,3.8762,3.8762,3.814,3.8396,0.9532,5838.15,6112.279,0.036599999999999966,上海,园区开发,19920327,
600604.SH,市北高新,20010329,3.8981,3.8396,3.9128,3.8177,3.8981,-1.5007,6841.31,7211.272,-0.058499999999999996,上海,园区开发,19920327,
600604.SH,市北高新,20010328,3.9128,3.8981,3.9493,3.8762,3.9128,-0.3757,3963.76,4224.863,-0.014699999999999935,上海,园区开发,19920327,
600604.SH,市北高新,20010327,3.9018,3.9128,3.9164,3.8762,3.9018,0.2819,5890.44,6275.023,0.010999999999999677,上海,园区开发,19920327,
600604.SH,市北高新,20010326,3.8287,3.9018,3.9311,3.8031,3.8323,1.8135,3903.55,4132.58,0.06950000000000012,上海,园区开发,19920327,
600604.SH,市北高新,20010323,3.9311,3.8323,3.9676,3.825,3.9128,-2.0574,7037.0,7480.927,-0.0804999999999998,上海,园区开发,19920327,
600604.SH,市北高新,20010322,3.8799,3.9128,3.9128,3.8396,3.8799,0.848,8863.56,9428.788,0.03289999999999971,上海,园区开发,19920327,
600604.SH,市北高新,20010321,3.8872,3.8799,3.9055,3.8725,3.8872,-0.1878,5337.45,5673.842,-0.007299999999999862,上海,园区开发,19920327,
600604.SH,市北高新,20010320,3.9128,3.8872,3.9201,3.8323,3.8835,0.0953,5428.65,5754.146,0.0036999999999998145,上海,园区开发,19920327,
600604.SH,市北高新,20010319,3.7848,3.8835,3.8945,3.7665,3.7848,2.6078,8570.9,9044.125,0.09870000000000001,上海,园区开发,19920327,
600604.SH,市北高新,20010316,3.7994,3.7848,3.8031,3.7372,3.8031,-0.4812,4421.8,4562.447,-0.018299999999999983,上海,园区开发,19920327,
600604.SH,市北高新,20010315,3.7775,3.8031,3.8287,3.7775,3.7628,1.071,7864.75,8180.938,0.040300000000000225,上海,园区开发,19920327,
600604.SH,市北高新,20010314,3.7043,3.7628,3.7665,3.6861,3.708,1.4779,4489.9,4599.874,0.05479999999999974,上海,园区开发,19920327,
600604.SH,市北高新,20010313,3.6568,3.708,3.7592,3.6531,3.6531,1.5028,4607.14,4677.158,0.05490000000000039,上海,园区开发,19920327,
600604.SH,市北高新,20010312,3.6934,3.6531,3.6934,3.6275,3.6934,-1.0911,3980.05,3977.666,-0.040300000000000225,上海,园区开发,19920327,
600604.SH,市北高新,20010309,3.7116,3.6934,3.7116,3.6641,3.7116,-0.4904,3870.1,3901.148,-0.018199999999999772,上海,园区开发,19920327,
600604.SH,市北高新,20010308,3.6678,3.7116,3.7263,3.6495,3.6678,1.1942,2979.34,3008.563,0.04379999999999962,上海,园区开发,19920327,
600604.SH,市北高新,20010307,3.6861,3.6678,3.6934,3.6385,3.6605,0.1994,3203.63,3206.315,0.007300000000000306,上海,园区开发,19920327,
600604.SH,市北高新,20010306,3.6897,3.6605,3.6934,3.6385,3.6897,-0.7914,3803.42,3802.575,-0.029200000000000337,上海,园区开发,19920327,
600604.SH,市北高新,20010305,3.7263,3.6897,3.7665,3.6568,3.7226,-0.8838,3016.86,3051.96,-0.03289999999999971,上海,园区开发,19920327,
600604.SH,市北高新,20010302,3.7007,3.7226,3.7592,3.6934,3.7007,0.5918,3256.01,3311.249,0.02190000000000003,上海,园区开发,19920327,
600604.SH,市北高新,20010301,3.7007,3.7007,3.7226,3.6678,3.6934,0.1976,3121.21,3153.103,0.007299999999999862,上海,园区开发,19920327,
600604.SH,市北高新,20010228,3.7811,3.6934,3.8287,3.6751,3.7665,-1.9408,3887.69,3962.885,-0.07310000000000016,上海,园区开发,19920327,
600604.SH,市北高新,20010227,3.6202,3.7665,3.7665,3.6202,3.6129,4.2514,7212.81,7337.865,0.1536000000000004,上海,园区开发,19920327,
600604.SH,市北高新,20010226,3.6641,3.6129,3.6861,3.5763,3.6641,-1.3973,4826.78,4778.187,-0.051200000000000134,上海,园区开发,19920327,
600604.SH,市北高新,20010223,3.6019,3.6641,3.6751,3.5763,3.5763,2.4551,4611.59,4577.576,0.0878000000000001,上海,园区开发,19920327,
600604.SH,市北高新,20010222,3.5654,3.5763,3.6751,3.4922,3.5763,0.0,5946.09,5849.828,0.0,上海,园区开发,19920327,
600604.SH,市北高新,20010221,3.7372,3.5763,3.7372,3.5471,3.7628,-4.9564,13603.57,13413.636,-0.1865000000000001,上海,园区开发,19920327,
600604.SH,市北高新,20010220,3.8543,3.7628,3.9055,3.7482,3.8177,-1.438,8925.51,9361.634,-0.05489999999999995,上海,园区开发,19920327,
600604.SH,市北高新,20010219,3.6641,3.8177,3.9493,3.5983,3.6641,4.192,5735.63,5864.714,0.15359999999999996,上海,园区开发,19920327,
600604.SH,市北高新,20010216,3.708,3.6641,3.7116,3.591,3.7226,-1.5715,4820.45,4805.738,-0.058499999999999996,上海,园区开发,19920327,
600604.SH,市北高新,20010215,3.7628,3.7226,3.7848,3.7043,3.7628,-1.0684,2215.78,2267.156,-0.040200000000000014,上海,园区开发,19920327,
600604.SH,市北高新,20010214,3.7958,3.7628,3.7958,3.7592,3.7958,-0.8694,1830.0,1889.661,-0.03299999999999992,上海,园区开发,19920327,
600604.SH,市北高新,20010213,3.8323,3.7958,3.8323,3.7884,3.8031,-0.1919,2371.33,2468.489,-0.007300000000000306,上海,园区开发,19920327,
600604.SH,市北高新,20010212,3.7665,3.8031,3.8214,3.6934,3.7519,1.3646,3869.17,3954.571,0.051200000000000134,上海,园区开发,19920327,
600604.SH,市北高新,20010209,3.7226,3.7519,3.8177,3.7116,3.7043,1.285,4499.87,4636.872,0.04760000000000009,上海,园区开发,19920327,
600604.SH,市北高新,20010208,3.8762,3.7043,3.9128,3.6897,3.8762,-4.4348,4297.56,4454.493,-0.17189999999999994,上海,园区开发,19920327,
600604.SH,市北高新,20010207,3.8579,3.8762,3.942,3.8579,3.8579,0.4744,3614.11,3843.884,0.018299999999999983,上海,园区开发,19920327,
600604.SH,市北高新,20010206,3.9823,3.8579,3.9823,3.814,3.9932,-3.3883,5657.43,5978.978,-0.13529999999999998,上海,园区开发,19920327,
600604.SH,市北高新,20010205,4.1249,3.9932,4.1687,3.9859,4.1212,-3.1059,5625.1,6226.093,-0.1280000000000001,上海,园区开发,19920327,
600604.SH,市北高新,20010119,4.1322,4.1212,4.1614,4.1102,4.1102,0.2676,5051.08,5703.175,0.01100000000000012,上海,园区开发,19920327,
600604.SH,市北高新,20010118,4.1212,4.1102,4.187,4.0956,4.1578,-1.1448,6667.2,7540.069,-0.04760000000000009,上海,园区开发,19920327,
600604.SH,市北高新,20010117,4.2419,4.1578,4.2419,4.1468,4.2199,-1.4716,2988.12,3411.669,-0.062100000000000044,上海,园区开发,19920327,
600604.SH,市北高新,20010116,4.1505,4.2199,4.2236,4.0956,4.1797,0.9618,5028.66,5706.421,0.04019999999999957,上海,园区开发,19920327,
600604.SH,市北高新,20010115,4.3077,4.1797,4.3077,4.1505,4.3077,-2.9714,8684.05,10027.703,-0.12799999999999923,上海,园区开发,19920327,
600604.SH,市北高新,20010112,3.9786,4.3077,4.4979,3.7519,4.1687,3.3344,26627.49,31685.926,0.13899999999999935,上海,园区开发,19920327,
600604.SH,市北高新,20010111,4.2236,4.1687,4.2236,4.1687,4.1943,-0.6104,5703.06,6546.013,-0.025599999999999845,上海,园区开发,19920327,
600604.SH,市北高新,20010110,4.1724,4.1943,4.2382,4.1176,4.1724,0.5249,7247.74,8256.886,0.021900000000000475,上海,园区开发,19920327,
600604.SH,市北高新,20010109,4.2017,4.1724,4.2346,4.0956,4.2163,-1.0412,5683.87,6468.922,-0.043900000000000716,上海,园区开发,19920327,
600604.SH,市北高新,20010108,4.3516,4.2163,4.3589,4.198,4.3333,-2.7,8821.78,10234.666,-0.11699999999999999,上海,园区开发,19920327,
600604.SH,市北高新,20010105,4.2565,4.3333,4.3516,4.2346,4.2565,1.8043,10617.93,12478.843,0.07680000000000042,上海,园区开发,19920327,
600604.SH,市北高新,20010104,4.2894,4.2565,4.304,4.2309,4.2711,-0.3418,8329.3,9701.094,-0.014599999999999724,上海,园区开发,19920327,
600604.SH,市北高新,20010103,4.1578,4.2711,4.2711,4.1578,4.1578,2.725,9034.43,10460.368,0.11329999999999973,上海,园区开发,19920327,
600604.SH,市北高新,20010102,4.1212,4.1578,4.198,4.081,4.1139,1.0671,10147.3,11447.858,0.04389999999999983,上海,园区开发,19920327,
600604.SH,市北高新,20001229,4.1541,4.1139,4.2236,4.0773,4.1468,-0.7934,9352.65,10559.155,-0.03289999999999971,上海,园区开发,19920327,
600604.SH,市北高新,20001228,4.1724,4.1468,4.2382,4.1322,4.187,-0.9601,9402.01,10701.009,-0.04020000000000046,上海,园区开发,19920327,
600604.SH,市北高新,20001227,4.2967,4.187,4.3443,4.1797,4.2967,-2.5531,7008.5,8138.291,-0.10970000000000013,上海,园区开发,19920327,
600604.SH,市北高新,20001226,4.1943,4.2967,4.3077,4.1797,4.1943,2.4414,5982.32,6936.53,0.10240000000000027,上海,园区开发,19920327,
600604.SH,市北高新,20001225,4.2858,4.1943,4.2858,4.1322,4.2931,-2.3014,11386.34,13067.014,-0.09879999999999978,上海,园区开发,19920327,
600604.SH,市北高新,20001222,4.2821,4.2931,4.3735,4.2602,4.2821,0.2569,9598.46,11293.82,0.01100000000000012,上海,园区开发,19920327,
600604.SH,市北高新,20001221,4.2967,4.2821,4.3699,4.2785,4.2711,0.2575,7476.6,8836.668,0.01100000000000012,上海,园区开发,19920327,
600604.SH,市北高新,20001220,4.2419,4.2711,4.315,4.198,4.2419,0.6884,8004.78,9329.12,0.02919999999999945,上海,园区开发,19920327,
600604.SH,市北高新,20001219,4.2346,4.2419,4.315,4.1651,4.2492,-0.1718,7368.3,8542.846,-0.007299999999999862,上海,园区开发,19920327,
600604.SH,市北高新,20001218,4.2492,4.2492,4.315,4.1249,4.2931,-1.0226,13728.22,15797.507,-0.04389999999999983,上海,园区开发,19920327,
600604.SH,市北高新,20001215,4.4796,4.2931,4.4979,4.2711,4.4576,-3.6903,19554.36,23344.167,-0.1645000000000003,上海,园区开发,19920327,
600604.SH,市北高新,20001214,4.5527,4.4576,4.6039,4.443,4.5454,-1.9316,8935.86,11014.78,-0.08779999999999966,上海,园区开发,19920327,
600604.SH,市北高新,20001213,4.4979,4.5454,4.6185,4.4905,4.4905,1.2226,10023.18,12493.033,0.05489999999999995,上海,园区开发,19920327,
600604.SH,市北高新,20001212,4.4979,4.4905,4.5673,4.4247,4.4979,-0.1645,15286.47,18680.098,-0.007399999999999629,上海,园区开发,19920327,
600604.SH,市北高新,20001211,4.571,4.4979,4.699,4.4613,4.5966,-2.1472,17745.64,22133.615,-0.09870000000000001,上海,园区开发,19920327,
600604.SH,市北高新,20001208,4.571,4.5966,4.7319,4.571,4.571,0.5601,21958.4,27963.682,0.025599999999999845,上海,园区开发,19920327,
600604.SH,市北高新,20001207,4.5381,4.571,4.6002,4.4247,4.5527,0.402,21060.86,25985.561,0.018299999999999983,上海,园区开发,19920327,
600604.SH,市北高新,20001206,4.6295,4.5527,4.6807,4.5344,4.6258,-1.5803,22348.0,28121.158,-0.07310000000000016,上海,园区开发,19920327,
600604.SH,市北高新,20001205,4.7538,4.6258,4.7685,4.5929,4.7319,-2.2422,22001.05,27979.943,-0.10610000000000053,上海,园区开发,19920327,
600604.SH,市北高新,20001204,4.6149,4.7319,4.7794,4.6149,4.6149,2.5353,30581.97,39439.264,0.11700000000000088,上海,园区开发,19920327,
600604.SH,市北高新,20001201,4.6076,4.6149,4.7465,4.5527,4.582,0.718,35020.84,44739.803,0.03289999999999971,上海,园区开发,19920327,
600604.SH,市北高新,20001130,4.5344,4.582,4.6076,4.4467,4.5344,1.0498,16545.49,20458.056,0.04760000000000009,上海,园区开发,19920327,
600604.SH,市北高新,20001129,4.5015,4.5344,4.6368,4.4796,4.5015,0.7309,35165.93,43781.83,0.03289999999999971,上海,园区开发,19920327,
600604.SH,市北高新,20001128,4.3004,4.5015,4.5527,4.3004,4.2967,4.7664,34018.48,41624.484,0.20479999999999965,上海,园区开发,19920327,
600604.SH,市北高新,20001127,4.2419,4.2967,4.3845,4.209,4.2967,0.0,18897.8,22313.196,0.0,上海,园区开发,19920327,
600604.SH,市北高新,20001124,4.4905,4.2967,4.6258,4.2638,4.4905,-4.3158,41471.0,50562.325,-0.19379999999999953,上海,园区开发,19920327,
600604.SH,市北高新,20001123,4.3552,4.4905,4.5527,4.3516,4.3552,3.1066,48529.2,59459.167,0.13529999999999998,上海,园区开发,19920327,
600604.SH,市北高新,20001122,4.315,4.3552,4.3626,4.2638,4.3223,0.7612,11680.74,13814.327,0.03289999999999971,上海,园区开发,19920327,
600604.SH,市北高新,20001121,4.4174,4.3223,4.4284,4.3004,4.3808,-1.3354,18679.46,22320.322,-0.05849999999999955,上海,园区开发,19920327,
600604.SH,市北高新,20001120,4.1907,4.3808,4.4357,4.1505,4.1907,4.5362,35983.73,42743.15,0.19010000000000016,上海,园区开发,19920327,
600604.SH,市北高新,20001117,4.2931,4.1907,4.315,4.1651,4.2931,-2.3852,16509.0,19129.102,-0.10240000000000027,上海,园区开发,19920327,
600604.SH,市北高新,20001116,4.1505,4.2931,4.3845,4.1285,4.1505,3.4357,32976.0,38539.191,0.14259999999999984,上海,园区开发,19920327,
600604.SH,市北高新,20001115,4.2273,4.1505,4.2675,4.1285,4.2273,-1.8168,15734.0,17985.855,-0.07679999999999954,上海,园区开发,19920327,
600604.SH,市北高新,20001114,4.3077,4.2273,4.315,4.187,4.2858,-1.365,16997.0,19612.708,-0.05850000000000044,上海,园区开发,19920327,
600604.SH,市北高新,20001113,4.1651,4.2858,4.3735,4.1541,4.0993,4.5496,35059.0,40975.757,0.18649999999999967,上海,园区开发,19920327,
600604.SH,市北高新,20001109,4.0773,4.0993,4.1907,4.0773,4.0773,0.5396,11299.0,12734.021,0.02200000000000024,上海,园区开发,19920327,
600604.SH,市北高新,20001108,4.1322,4.0773,4.1505,4.07,4.1322,-1.3286,9788.0,10954.018,-0.05489999999999995,上海,园区开发,19920327,
600604.SH,市北高新,20001107,4.0956,4.1322,4.1505,4.0664,4.1029,0.7141,7544.0,8456.778,0.029300000000000104,上海,园区开发,19920327,
600604.SH,市北高新,20001106,3.9859,4.1029,4.1322,3.9786,3.9932,2.7472,11394.0,12656.001,0.10970000000000013,上海,园区开发,19920327,
600604.SH,市北高新,20001103,4.059,3.9932,4.1139,3.9713,4.0627,-1.7107,17852.0,19646.547,-0.06950000000000056,上海,园区开发,19920327,
600604.SH,市北高新,20001102,4.1505,4.0627,4.1614,4.059,4.1468,-2.0281,13601.0,15256.996,-0.0840999999999994,上海,园区开发,19920327,
600604.SH,市北高新,20001101,4.092,4.1468,4.1614,4.0298,4.0956,1.2501,18059.0,20220.745,0.05119999999999969,上海,园区开发,19920327,
600604.SH,市北高新,20001031,4.2748,4.0956,4.2967,4.0737,4.2748,-4.192,24763.0,28230.216,-0.1791999999999998,上海,园区开发,19920327,
600604.SH,市北高新,20001030,4.2163,4.2748,4.3552,4.1687,4.2163,1.3875,40811.0,47698.633,0.05849999999999955,上海,园区开发,19920327,
600604.SH,市北高新,20001027,4.2053,4.2163,4.3114,4.1505,4.2346,-0.4322,42154.0,48737.419,-0.018299999999999983,上海,园区开发,19920327,
600604.SH,市北高新,20001026,4.0225,4.2346,4.2419,3.9457,4.0225,5.2728,44420.0,49848.132,0.2121000000000004,上海,园区开发,19920327,
600604.SH,市北高新,20001025,4.0042,4.0225,4.0883,3.8762,4.0042,0.457,22577.0,24815.365,0.018299999999999983,上海,园区开发,19920327,
600604.SH,市北高新,20001024,4.0773,4.0042,4.0956,3.942,4.0627,-1.4399,18571.0,20290.057,-0.05850000000000044,上海,园区开发,19920327,
600604.SH,市北高新,20001023,4.0115,4.0627,4.1139,3.9493,4.0115,1.2763,37525.0,41560.361,0.05120000000000058,上海,园区开发,19920327,
600604.SH,市北高新,20001020,3.8689,4.0115,4.0773,3.8506,3.8469,4.2788,68618.0,75077.171,0.16459999999999964,上海,园区开发,19920327,
600604.SH,市北高新,20001019,3.8799,3.8469,3.9128,3.8104,3.8762,-0.7559,15180.0,16088.633,-0.02929999999999966,上海,园区开发,19920327,
600604.SH,市北高新,20001018,3.7409,3.8762,3.9347,3.7409,3.7153,4.3307,20404.0,21622.006,0.16089999999999982,上海,园区开发,19920327,
600604.SH,市北高新,20001017,3.7153,3.7153,3.7665,3.6605,3.7116,0.0997,2703.0,2750.477,0.0037000000000002586,上海,园区开发,19920327,
600604.SH,市北高新,20001016,3.7665,3.7116,3.7958,3.6568,3.7482,-0.9765,5681.0,5767.223,-0.03660000000000041,上海,园区开发,19920327,
600604.SH,市北高新,20001013,3.8725,3.7482,3.8945,3.7299,3.8725,-3.2098,8956.0,9334.956,-0.12429999999999986,上海,园区开发,19920327,
600604.SH,市北高新,20001012,3.8031,3.8725,3.8762,3.8031,3.7958,2.0207,12550.0,13211.369,0.07670000000000021,上海,园区开发,19920327,
600604.SH,市北高新,20001011,3.8031,3.7958,3.8945,3.7665,3.7921,0.0976,10577.0,11082.983,0.0036999999999998145,上海,园区开发,19920327,
600604.SH,市北高新,20001010,3.7665,3.7921,3.8031,3.7226,3.7482,1.1712,5745.0,5925.976,0.04389999999999983,上海,园区开发,19920327,
600604.SH,市北高新,20001009,3.6861,3.7482,3.7482,3.6605,3.6202,3.5357,4687.0,4752.436,0.1280000000000001,上海,园区开发,19920327,
600604.SH,市北高新,20000929,3.5763,3.6202,3.6385,3.5763,3.5763,1.2275,3307.0,3258.815,0.04390000000000027,上海,园区开发,19920327,
600604.SH,市北高新,20000928,3.6861,3.5763,3.7007,3.5763,3.6861,-2.9788,5571.0,5489.061,-0.10980000000000034,上海,园区开发,19920327,
600604.SH,市北高新,20000927,3.6458,3.6861,3.7007,3.6458,3.6422,1.2053,3573.0,3589.099,0.04390000000000027,上海,园区开发,19920327,
600604.SH,市北高新,20000926,3.5654,3.6422,3.6605,3.5654,3.5654,2.154,3887.0,3842.782,0.07679999999999998,上海,园区开发,19920327,
600604.SH,市北高新,20000925,3.7043,3.5654,3.7299,3.5471,3.7007,-3.6561,9549.0,9447.376,-0.13529999999999998,上海,园区开发,19920327,
600604.SH,市北高新,20000922,3.6751,3.7007,3.7665,3.6568,3.7848,-2.222,12273.0,12406.964,-0.08410000000000029,上海,园区开发,19920327,
600604.SH,市北高新,20000921,3.9786,3.7848,3.9786,3.7665,3.953,-4.255,14379.0,15135.165,-0.16819999999999968,上海,园区开发,19920327,
600604.SH,市北高新,20000920,3.9274,3.953,4.0042,3.8469,3.9055,1.2162,33481.0,36057.957,0.047499999999999876,上海,园区开发,19920327,
600604.SH,市北高新,20000919,3.6934,3.9055,3.9274,3.6495,3.7482,4.1967,15717.0,16315.765,0.15729999999999977,上海,园区开发,19920327,
600604.SH,市北高新,20000918,3.9091,3.7482,3.9493,3.7446,3.9091,-4.116,8048.0,8460.825,-0.16089999999999982,上海,园区开发,19920327,
600604.SH,市北高新,20000915,3.9493,3.9091,3.9493,3.8469,3.9493,-1.0179,13768.0,14698.702,-0.040200000000000014,上海,园区开发,19920327,
600604.SH,市北高新,20000914,3.8067,3.9493,3.964,3.8031,3.8067,3.746,22333.0,23796.625,0.14259999999999984,上海,园区开发,19920327,
600604.SH,市北高新,20000913,3.8323,3.8067,3.8543,3.7665,3.8214,-0.3847,6807.0,7097.451,-0.014699999999999935,上海,园区开发,19920327,
600604.SH,市北高新,20000912,3.8799,3.8214,3.8945,3.7519,3.8689,-1.2277,8584.0,8945.956,-0.047499999999999876,上海,园区开发,19920327,
600604.SH,市北高新,20000911,3.6751,3.8689,3.8945,3.6751,3.6751,5.2733,20507.0,21402.393,0.19379999999999997,上海,园区开发,19920327,
600604.SH,市北高新,20000908,3.5471,3.6751,3.708,3.5471,3.5361,3.9309,5545.0,5482.292,0.13900000000000023,上海,园区开发,19920327,
600604.SH,市北高新,20000907,3.4922,3.5361,3.591,3.4922,3.474,1.7876,3974.0,3840.746,0.0620999999999996,上海,园区开发,19920327,
600604.SH,市北高新,20000906,3.5471,3.474,3.6129,3.4666,3.5873,-3.1584,6617.66,6404.097,-0.11329999999999973,上海,园区开发,19920327,
600604.SH,市北高新,20000905,3.6568,3.5873,3.7153,3.5837,3.6385,-1.4072,6320.0,6327.363,-0.051200000000000134,上海,园区开发,19920327,
600604.SH,市北高新,20000904,3.6568,3.6385,3.6605,3.5837,3.6568,-0.5004,8478.0,8411.49,-0.018299999999999983,上海,园区开发,19920327,
600604.SH,市北高新,20000901,3.6751,3.6568,3.7153,3.6202,3.7043,-1.2823,10234.0,10277.718,-0.047499999999999876,上海,园区开发,19920327,
600604.SH,市北高新,20000831,3.7628,3.7043,3.8177,3.6934,3.8396,-3.5238,14149.0,14475.555,-0.13529999999999998,上海,园区开发,19920327,
600604.SH,市北高新,20000830,3.9128,3.8396,3.9567,3.8214,3.9567,-2.9595,9878.0,10438.028,-0.1171000000000002,上海,园区开发,19920327,
600604.SH,市北高新,20000829,3.9493,3.9567,4.0225,3.9493,3.9567,0.0,12493.0,13625.79,0.0,上海,园区开发,19920327,
600604.SH,市北高新,20000828,3.8323,3.9567,3.9713,3.825,3.814,3.7415,13554.0,14543.799,0.14270000000000005,上海,园区开发,19920327,
600604.SH,市北高新,20000825,3.7994,3.814,3.8616,3.7665,3.7958,0.4795,8382.0,8731.497,0.018200000000000216,上海,园区开发,19920327,
600604.SH,市北高新,20000824,3.7848,3.7958,3.8433,3.7299,3.7958,0.0,16242.0,16817.426,0.0,上海,园区开发,19920327,
600604.SH,市北高新,20000823,3.8689,3.7958,3.9128,3.5471,3.8872,-2.3513,25290.0,26034.574,-0.09140000000000015,上海,园区开发,19920327,
600604.SH,市北高新,20000822,4.0956,3.8872,4.1285,3.8396,4.0956,-5.0884,26271.0,28667.828,-0.20840000000000014,上海,园区开发,19920327,
600604.SH,市北高新,20000821,4.0956,4.0956,4.1797,4.059,4.092,0.088,23074.0,25978.769,0.0036000000000004917,上海,园区开发,19920327,
600604.SH,市北高新,20000818,4.0444,4.092,4.1029,3.9603,4.0444,1.1769,23888.0,26283.281,0.0475999999999992,上海,园区开发,19920327,
600604.SH,市北高新,20000817,3.8214,4.0444,4.1505,3.8214,3.814,6.0409,50186.0,55139.992,0.23040000000000038,上海,园区开发,19920327,
600604.SH,市北高新,20000816,3.8762,3.814,3.942,3.7665,3.8725,-1.5107,11331.0,11943.37,-0.058499999999999996,上海,园区开发,19920327,
600604.SH,市北高新,20000815,3.8433,3.8725,3.9237,3.8396,3.8433,0.7598,17206.0,18306.041,0.029199999999999893,上海,园区开发,19920327,
600604.SH,市北高新,20000814,3.7226,3.8433,3.8616,3.7226,3.7226,3.2424,13065.0,13660.177,0.12070000000000025,上海,园区开发,19920327,
600604.SH,市北高新,20000811,3.7665,3.7226,3.7848,3.7153,3.7628,-1.0684,8200.0,8376.945,-0.040200000000000014,上海,园区开发,19920327,
600604.SH,市北高新,20000810,3.7665,3.7628,3.8396,3.7336,3.7811,-0.484,9243.0,9569.555,-0.018299999999999983,上海,园区开发,19920327,
600604.SH,市北高新,20000809,3.7848,3.7811,3.836,3.7482,3.8177,-0.9587,8679.0,8942.425,-0.036599999999999966,上海,园区开发,19920327,
600604.SH,市北高新,20000808,3.7738,3.8177,3.8908,3.7555,3.7702,1.2599,8568.0,8970.659,0.047499999999999876,上海,园区开发,19920327,
600604.SH,市北高新,20000807,3.7482,3.7702,3.7884,3.6678,3.7482,0.5869,9010.0,9214.832,0.021999999999999797,上海,园区开发,19920327,
600604.SH,市北高新,20000804,3.7738,3.7482,3.8323,3.7336,3.7884,-1.0611,9856.0,10149.849,-0.040200000000000014,上海,园区开发,19920327,
600604.SH,市北高新,20000803,3.8104,3.7884,3.8762,3.7263,3.814,-0.6712,14473.0,15065.058,-0.025599999999999845,上海,园区开发,19920327,
600604.SH,市北高新,20000802,3.8799,3.814,3.9128,3.7665,3.8762,-1.6047,14421.0,15090.737,-0.06219999999999981,上海,园区开发,19920327,
600604.SH,市北高新,20000801,3.9201,3.8762,3.9859,3.8616,3.8981,-0.5618,25478.0,27327.417,-0.02190000000000003,上海,园区开发,19920327,
600604.SH,市北高新,20000731,3.7299,3.8981,3.9128,3.7116,3.7116,5.0248,26732.0,28119.786,0.1865000000000001,上海,园区开发,19920327,
600604.SH,市北高新,20000728,3.7994,3.7116,3.7994,3.6714,3.7628,-1.3607,12002.0,12225.557,-0.051200000000000134,上海,园区开发,19920327,
600604.SH,市北高新,20000727,3.7921,3.7628,3.8214,3.7299,3.7665,-0.0982,22075.0,22720.024,-0.0037000000000002586,上海,园区开发,19920327,
600604.SH,市北高新,20000726,3.6129,3.7665,3.7994,3.5654,3.6129,4.2514,30897.0,31362.726,0.1536000000000004,上海,园区开发,19920327,
600604.SH,市北高新,20000725,3.4776,3.6129,3.6202,3.4776,3.474,3.9983,15188.0,14910.97,0.13889999999999958,上海,园区开发,19920327,
600604.SH,市北高新,20000724,3.5325,3.474,3.5471,3.4703,3.5325,-1.6561,5899.0,5619.463,-0.058499999999999996,上海,园区开发,19920327,
600604.SH,市北高新,20000721,3.5178,3.5325,3.5654,3.4484,3.5032,0.8364,6736.0,6420.741,0.029300000000000104,上海,园区开发,19920327,
600604.SH,市北高新,20000720,3.4813,3.5032,3.5288,3.474,3.4776,0.7361,6452.0,6174.558,0.02560000000000029,上海,园区开发,19920327,
600604.SH,市北高新,20000719,3.5471,3.4776,3.5837,3.474,3.5471,-1.9593,7620.0,7312.192,-0.06950000000000012,上海,园区开发,19920327,
600604.SH,市北高新,20000718,3.5946,3.5471,3.6275,3.474,3.6056,-1.6225,7842.0,7624.193,-0.058499999999999996,上海,园区开发,19920327,
600604.SH,市北高新,20000717,3.5471,3.6056,3.6385,3.5471,3.5434,1.7554,13779.0,13556.467,0.06219999999999981,上海,园区开发,19920327,
600604.SH,市北高新,20000714,3.5654,3.5434,3.6349,3.5105,3.5727,-0.8201,12351.0,12032.615,-0.029300000000000104,上海,园区开发,19920327,
600604.SH,市北高新,20000713,3.4374,3.5727,3.6495,3.3935,3.4337,4.0481,27733.0,26911.899,0.13900000000000023,上海,园区开发,19920327,
600604.SH,市北高新,20000712,3.4008,3.4337,3.4557,3.3643,3.4008,0.9674,10637.0,9898.905,0.03290000000000015,上海,园区开发,19920327,
600604.SH,市北高新,20000711,3.3643,3.4008,3.4191,3.3277,3.3752,0.7585,12431.0,11457.729,0.025599999999999845,上海,园区开发,19920327,
600604.SH,市北高新,20000710,3.4374,3.3752,3.4374,3.335,3.4447,-2.0176,11811.0,10840.715,-0.06950000000000012,上海,园区开发,19920327,
600604.SH,市北高新,20000707,3.3862,3.4447,3.463,3.3423,3.346,2.9498,6274.0,5826.22,0.09870000000000001,上海,园区开发,19920327,
600604.SH,市北高新,20000706,3.4008,3.346,3.4008,3.3204,3.4008,-1.6114,7213.0,6606.022,-0.05479999999999974,上海,园区开发,19920327,
600604.SH,市北高新,20000705,3.4557,3.4008,3.4886,3.4008,3.4557,-1.5887,6387.0,6001.679,-0.05490000000000039,上海,园区开发,19920327,
600604.SH,市北高新,20000704,3.3204,3.4557,3.4557,3.2948,3.335,3.6192,7424.0,6846.22,0.12070000000000025,上海,园区开发,19920327,
600604.SH,市北高新,20000703,3.4374,3.335,3.4374,3.3131,3.4557,-3.4928,15121.0,13806.875,-0.12070000000000025,上海,园区开发,19920327,
600604.SH,市北高新,20000630,3.5471,3.4557,3.5617,3.4484,3.5654,-3.0768,14203.0,13475.663,-0.10969999999999969,上海,园区开发,19920327,
600604.SH,市北高新,20000629,3.5763,3.5654,3.6019,3.441,3.5727,-0.2043,20661.0,19790.221,-0.007300000000000306,上海,园区开发,19920327,
600604.SH,市北高新,20000628,3.5837,3.5727,3.6531,3.5507,3.58,-0.2039,18568.0,18181.571,-0.007299999999999862,上海,园区开发,19920327,
600604.SH,市北高新,20000627,3.6605,3.58,3.6714,3.5727,3.6568,-2.1002,12719.0,12502.549,-0.07679999999999998,上海,园区开发,19920327,
600604.SH,市北高新,20000626,3.6056,3.6568,3.7116,3.5471,3.6056,1.42,13995.0,13920.546,0.051200000000000134,上海,园区开发,19920327,
600604.SH,市北高新,20000623,3.5471,3.6056,3.6385,3.5471,3.569,1.0255,13271.0,13014.907,0.036599999999999966,上海,园区开发,19920327,
600604.SH,市北高新,20000622,3.6495,3.569,3.6495,3.5471,3.6495,-2.2058,16754.0,16376.557,-0.08050000000000024,上海,园区开发,19920327,
600604.SH,市北高新,20000621,3.5983,3.6495,3.708,3.5873,3.5983,1.4229,13156.0,13114.466,0.051200000000000134,上海,园区开发,19920327,
600604.SH,市北高新,20000620,3.7372,3.5983,3.7775,3.5471,3.7811,-4.8346,30220.0,30215.575,-0.18279999999999985,上海,园区开发,19920327,
600604.SH,市北高新,20000619,3.9676,3.7811,3.9786,3.7665,3.9493,-4.259,15657.0,16505.874,-0.16820000000000013,上海,园区开发,19920327,
600604.SH,市北高新,20000616,3.8762,3.9493,3.9896,3.8287,3.8762,1.8859,22658.0,24364.251,0.07310000000000016,上海,园区开发,19920327,
600604.SH,市北高新,20000615,3.7848,3.8762,3.9128,3.7519,3.7848,2.4149,15902.0,16802.096,0.0913999999999997,上海,园区开发,19920327,
600604.SH,市北高新,20000614,3.8872,3.7848,3.9055,3.7628,3.8725,-2.2647,15480.0,16109.207,-0.08769999999999989,上海,园区开发,19920327,
600604.SH,市北高新,20000613,3.8214,3.8725,3.9128,3.7519,3.8214,1.3372,15013.0,15723.555,0.05109999999999992,上海,园区开发,19920327,
600604.SH,市北高新,20000612,3.7116,3.8214,3.8287,3.6641,3.7299,2.4531,17143.0,17624.147,0.09149999999999991,上海,园区开发,19920327,
600604.SH,市北高新,20000609,3.8945,3.7299,3.9237,3.697,3.8945,-4.2265,37090.0,38277.993,-0.16459999999999964,上海,园区开发,19920327,
600604.SH,市北高新,20000608,3.9493,3.8945,4.0152,3.8835,3.9493,-1.3876,24227.0,26153.928,-0.05480000000000018,上海,园区开发,19920327,
600604.SH,市北高新,20000607,3.964,3.9493,4.059,3.8981,3.964,-0.3708,21503.0,23386.688,-0.014699999999999935,上海,园区开发,19920327,
600604.SH,市北高新,20000606,3.9237,3.964,4.0225,3.8469,3.9786,-0.367,37348.0,39965.734,-0.014600000000000168,上海,园区开发,19920327,
600604.SH,市北高新,20000605,4.315,3.9786,4.3187,3.8945,4.315,-7.7961,74044.0,82969.777,-0.33640000000000025,上海,园区开发,19920327,
600604.SH,市北高新,20000602,4.3516,4.315,4.5344,4.2785,4.3882,-1.6681,49006.0,58552.623,-0.07319999999999993,上海,园区开发,19920327,
600604.SH,市北高新,20000601,4.1505,4.3882,4.5491,4.0993,4.1834,4.8955,76851.0,91117.979,0.20480000000000054,上海,园区开发,19920327,
600604.SH,市北高新,20000531,4.2419,4.1834,4.3516,4.1249,4.2419,-1.3791,48080.0,56037.726,-0.05850000000000044,上海,园区开发,19920327,
600604.SH,市北高新,20000530,4.0773,4.2419,4.315,3.9493,4.0773,4.037,51015.0,56938.89,0.16460000000000008,上海,园区开发,19920327,
600604.SH,市北高新,20000529,3.9128,4.0773,4.2017,3.8835,4.0152,1.5466,61244.0,68163.131,0.062100000000000044,上海,园区开发,19920327,
600604.SH,市北高新,20000526,4.2785,4.0152,4.3808,3.953,4.2858,-6.3139,73899.0,84433.506,-0.27059999999999995,上海,园区开发,19920327,
600604.SH,市北高新,20000525,4.2858,4.2858,4.4796,4.209,4.337,-1.1805,95504.0,113086.828,-0.05119999999999969,上海,园区开发,19920327,
600604.SH,市北高新,20000524,4.1505,4.337,4.5527,4.0225,4.1431,4.6801,153552.0,181110.801,0.19390000000000018,上海,园区开发,19920327,
600604.SH,市北高新,20000523,3.7482,4.1431,4.1431,3.5983,3.7665,9.9987,127612.0,135460.142,0.3765999999999994,上海,园区开发,19920327,
600604.SH,市北高新,20000522,3.8214,3.7665,4.0737,3.7336,3.7226,1.1793,174216.0,184787.142,0.04390000000000027,上海,园区开发,19920327,
600604.SH,市北高新,20000518,3.3862,3.7226,3.7226,3.346,3.3825,10.0547,137077.0,135299.326,0.34010000000000007,上海,园区开发,19920327,
600604.SH,市北高新,20000517,3.4374,3.3825,3.5105,3.324,3.4557,-2.1182,59287.0,55531.022,-0.07320000000000038,上海,园区开发,19920327,
600604.SH,市北高新,20000516,3.346,3.4557,3.5288,3.2582,3.3533,3.0537,106828.0,100338.307,0.10240000000000027,上海,园区开发,19920327,
600604.SH,市北高新,20000515,3.3643,3.3533,3.5032,3.2216,3.3204,0.9908,131103.0,121191.953,0.03290000000000015,上海,园区开发,19920327,
600604.SH,市北高新,20000512,3.0169,3.3204,3.3204,3.0169,3.0169,10.06,103077.0,91262.019,0.30349999999999966,上海,园区开发,19920327,
600604.SH,市北高新,20000511,3.1448,3.0169,3.207,2.9986,3.1595,-4.5134,27964.0,23687.688,-0.14259999999999984,上海,园区开发,19920327,
600604.SH,市北高新,20000510,3.0278,3.1595,3.2838,3.0169,3.0351,4.0987,114677.0,99500.929,0.12440000000000007,上海,园区开发,19920327,
600604.SH,市北高新,20000509,2.9657,3.0351,3.0717,2.951,2.9657,2.3401,9228.0,7590.832,0.0693999999999999,上海,园区开发,19920327,
600604.SH,市北高新,20000508,3.0059,2.9657,3.0059,2.9474,3.0059,-1.3374,7290.0,5904.65,-0.040200000000000014,上海,园区开发,19920327,
600604.SH,市北高新,20000428,2.962,3.0059,3.0059,2.9437,2.9839,0.7373,8114.0,6603.637,0.021999999999999797,上海,园区开发,19920327,
600604.SH,市北高新,20000427,3.0351,2.9839,3.079,2.9839,3.0315,-1.5702,9679.0,7996.092,-0.04759999999999964,上海,园区开发,19920327,
600604.SH,市北高新,20000426,3.0681,3.0315,3.1448,3.0278,3.0681,-1.1929,12358.0,10403.477,-0.036599999999999966,上海,园区开发,19920327,
600604.SH,市北高新,20000425,3.1997,3.0681,3.207,3.0534,3.1741,-3.3395,14788.0,12490.318,-0.10600000000000032,上海,园区开发,19920327,
600604.SH,市北高新,20000424,3.1046,3.1741,3.218,3.0717,3.0681,3.4549,36603.0,31515.333,0.10600000000000032,上海,园区开发,19920327,
600604.SH,市北高新,20000421,2.9986,3.0681,3.1814,2.9986,2.9949,2.4442,46968.0,39907.328,0.07319999999999993,上海,园区开发,19920327,
600604.SH,市北高新,20000420,2.9803,2.9949,3.0315,2.9803,3.0022,-0.2432,12445.0,10219.608,-0.007300000000000306,上海,园区开发,19920327,
600604.SH,市北高新,20000419,2.9839,3.0022,3.0607,2.9657,2.9839,0.6133,16952.0,14010.225,0.018299999999999983,上海,园区开发,19920327,
600604.SH,市北高新,20000418,2.9291,2.9839,3.0315,2.8925,2.8889,3.2884,8331.0,6827.284,0.0950000000000002,上海,园区开发,19920327,
600604.SH,市北高新,20000417,2.9291,2.8889,2.9364,2.8486,2.9474,-1.9848,11716.0,9259.378,-0.058499999999999996,上海,园区开发,19920327,
600604.SH,市北高新,20000414,2.9839,2.9474,2.9839,2.9108,2.9839,-1.2232,12646.0,10159.866,-0.0365000000000002,上海,园区开发,19920327,
600604.SH,市北高新,20000413,2.9766,2.9839,2.9913,2.9291,2.9474,1.2384,11196.0,9047.934,0.0365000000000002,上海,园区开发,19920327,
600604.SH,市北高新,20000412,3.0132,2.9474,3.0315,2.9291,3.0169,-2.3037,8455.0,6851.476,-0.06950000000000012,上海,园区开发,19920327,
600604.SH,市北高新,20000411,2.9986,3.0169,3.0644,2.9986,2.9986,0.6103,15674.0,13025.403,0.018299999999999983,上海,园区开发,19920327,
600604.SH,市北高新,20000410,3.0205,2.9986,3.0534,2.9766,3.0205,-0.725,11500.0,9482.992,-0.02190000000000003,上海,园区开发,19920327,
600604.SH,市北高新,20000407,2.9803,3.0205,3.0425,2.962,2.9803,1.3489,12190.0,9992.307,0.040200000000000014,上海,园区开发,19920327,
600604.SH,市北高新,20000406,2.9072,2.9803,2.9913,2.9072,2.9072,2.5144,7644.0,6187.746,0.07310000000000016,上海,园区开发,19920327,
600604.SH,市北高新,20000405,2.8669,2.9072,2.9254,2.8523,2.8742,1.1481,8861.0,7018.008,0.03299999999999992,上海,园区开发,19920327,
600604.SH,市北高新,20000404,2.9986,2.8742,2.9986,2.8742,3.0132,-4.613,15041.0,12017.935,-0.1389999999999998,上海,园区开发,19920327,
600604.SH,市北高新,20000403,3.0534,3.0132,3.1083,3.0022,3.0351,-0.7216,14941.0,12515.927,-0.02190000000000003,上海,园区开发,19920327,
600604.SH,市北高新,20000331,3.1083,3.0351,3.1083,3.0022,3.1266,-2.9265,17234.0,14369.214,-0.09149999999999991,上海,园区开发,19920327,
600604.SH,市北高新,20000330,2.962,3.1266,3.1741,2.962,2.9583,5.6891,41868.0,35436.526,0.1682999999999999,上海,园区开发,19920327,
600604.SH,市北高新,20000329,2.9986,2.9583,3.0351,2.8925,2.9986,-1.344,11285.0,9161.241,-0.040300000000000225,上海,园区开发,19920327,
600604.SH,市北高新,20000328,2.9913,2.9986,3.0534,2.9693,2.9583,1.3623,19355.0,15934.771,0.040300000000000225,上海,园区开发,19920327,
600604.SH,市北高新,20000327,2.8816,2.9583,2.962,2.8523,2.856,3.5819,14786.0,11882.927,0.10230000000000006,上海,园区开发,19920327,
600604.SH,市北高新,20000324,2.9913,2.856,2.9986,2.8157,2.9693,-3.8157,15560.0,12501.722,-0.11330000000000018,上海,园区开发,19920327,
600604.SH,市北高新,20000323,2.8596,2.9693,2.9876,2.8523,2.8596,3.8362,19866.0,15944.538,0.10970000000000013,上海,园区开发,19920327,
600604.SH,市北高新,20000322,2.8816,2.8596,2.8816,2.834,2.8962,-1.2637,8592.0,6707.794,-0.036599999999999966,上海,园区开发,19920327,
600604.SH,市北高新,20000321,2.834,2.8962,2.9108,2.7792,2.834,2.1948,11043.0,8583.118,0.06219999999999981,上海,园区开发,19920327,
600604.SH,市北高新,20000320,2.7974,2.834,2.8523,2.7463,2.7974,1.3084,9850.0,7597.416,0.036599999999999966,上海,园区开发,19920327,
600604.SH,市北高新,20000317,2.7426,2.7974,2.8157,2.7353,2.7426,1.9981,9288.0,7067.685,0.05480000000000018,上海,园区开发,19920327,
600604.SH,市北高新,20000316,2.9181,2.7426,2.9254,2.6877,2.8962,-5.3035,9525.0,7304.301,-0.15359999999999996,上海,园区开发,19920327,
600604.SH,市北高新,20000315,2.8706,2.8962,2.9291,2.845,2.834,2.1948,9735.0,7666.12,0.06219999999999981,上海,园区开发,19920327,
600604.SH,市北高新,20000314,2.8925,2.834,2.8925,2.7499,2.8925,-2.0225,13701.0,10588.103,-0.058499999999999996,上海,园区开发,19920327,
600604.SH,市北高新,20000313,2.8596,2.8925,2.9181,2.834,2.8596,1.1505,11358.0,8892.757,0.03290000000000015,上海,园区开发,19920327,
600604.SH,市北高新,20000310,2.9364,2.8596,2.9364,2.8596,2.9364,-2.6154,12994.0,10283.65,-0.07679999999999998,上海,园区开发,19920327,
600604.SH,市北高新,20000309,2.9839,2.9364,2.9913,2.8962,2.9839,-1.5919,11108.0,8895.25,-0.04750000000000032,上海,园区开发,19920327,
600604.SH,市北高新,20000308,2.9072,2.9839,2.9839,2.8816,2.8889,3.2884,13882.0,11157.824,0.0950000000000002,上海,园区开发,19920327,
600604.SH,市北高新,20000307,2.9291,2.8889,2.9547,2.8523,2.962,-2.4679,19722.0,15604.486,-0.07310000000000016,上海,园区开发,19920327,
600604.SH,市北高新,20000306,3.1302,2.962,3.1631,2.9401,3.101,-4.4824,25027.0,20937.004,-0.1389999999999998,上海,园区开发,19920327,
600604.SH,市北高新,20000303,3.0644,3.101,3.2545,3.0607,3.0607,1.3167,27383.0,23622.652,0.04029999999999978,上海,园区开发,19920327,
600604.SH,市北高新,20000302,3.1083,3.0607,3.1448,2.9986,3.1229,-1.9917,26062.0,21887.772,-0.06219999999999981,上海,园区开发,19920327,
600604.SH,市北高新,20000301,3.1083,3.1229,3.218,3.09,3.09,1.0647,29945.0,25828.569,0.03290000000000015,上海,园区开发,19920327,
600604.SH,市北高新,20000229,3.2911,3.09,3.2984,3.0388,3.2363,-4.5206,49171.0,42295.208,-0.1463000000000001,上海,园区开发,19920327,
600604.SH,市北高新,20000228,3.2216,3.2363,3.3825,3.1522,3.1412,3.0275,102919.0,91861.032,0.09509999999999996,上海,园区开发,19920327,
600604.SH,市北高新,20000225,3.0169,3.1412,3.1448,2.9803,3.0132,4.248,59291.0,50151.666,0.1280000000000001,上海,园区开发,19920327,
600604.SH,市北高新,20000224,2.962,3.0132,3.1339,2.962,2.9803,1.1039,44065.0,36727.109,0.03289999999999971,上海,园区开发,19920327,
600604.SH,市北高新,20000223,2.8523,2.9803,3.0242,2.8267,2.8889,3.1638,21374.0,17119.417,0.09140000000000015,上海,园区开发,19920327,
600604.SH,市北高新,20000222,3.0351,2.8889,3.1083,2.8523,3.0169,-4.2428,27998.0,22890.332,-0.1280000000000001,上海,园区开发,19920327,
600604.SH,市北高新,20000221,2.8889,3.0169,3.0351,2.8889,2.8779,4.8299,34587.0,28095.142,0.13900000000000023,上海,园区开发,19920327,
600604.SH,市北高新,20000218,2.9766,2.8779,3.0351,2.8157,2.9803,-3.4359,25444.0,20150.375,-0.10240000000000027,上海,园区开发,19920327,
600604.SH,市北高新,20000217,2.9291,2.9803,3.1448,2.8486,2.9181,2.1315,71542.0,58805.974,0.062200000000000255,上海,园区开发,19920327,
600604.SH,市北高新,20000216,2.9254,2.9181,2.9583,2.8157,2.951,-1.1149,33329.0,26303.419,-0.03290000000000015,上海,园区开发,19920327,
600604.SH,市北高新,20000215,3.09,2.951,3.2472,2.9254,3.09,-4.4984,51092.0,42743.442,-0.1389999999999998,上海,园区开发,19920327,
600604.SH,市北高新,20000214,2.8889,3.09,3.101,2.834,2.8267,9.3147,31163.0,25461.0,0.26329999999999965,上海,园区开发,19920327,
600604.SH,市北高新,20000128,2.7682,2.8267,2.8377,2.6987,2.7609,2.3833,21952.0,16630.408,0.0658000000000003,上海,园区开发,19920327,
600604.SH,市北高新,20000127,2.8157,2.7609,2.834,2.7353,2.7938,-1.1776,15597.0,11768.42,-0.03290000000000015,上海,园区开发,19920327,
600604.SH,市北高新,20000126,2.834,2.7938,2.8889,2.7792,2.823,-1.0344,8302.0,6383.647,-0.029199999999999893,上海,园区开发,19920327,
600604.SH,市北高新,20000125,2.7609,2.823,2.9218,2.7426,2.7353,3.2062,19521.0,15207.549,0.08769999999999989,上海,园区开发,19920327,
600604.SH,市北高新,20000124,2.8413,2.7353,2.8413,2.706,2.8413,-3.7307,16917.0,12688.199,-0.10599999999999987,上海,园区开发,19920327,
600604.SH,市北高新,20000121,2.834,2.8413,2.8669,2.7426,2.8157,0.9092,17188.0,13148.177,0.025599999999999845,上海,园区开发,19920327,
600604.SH,市北高新,20000120,2.7865,2.8157,2.834,2.7426,2.7865,1.0479,9733.0,7433.981,0.029199999999999893,上海,园区开发,19920327,
600604.SH,市北高新,20000119,2.7645,2.7865,2.8121,2.7353,2.7828,0.133,7990.0,6045.918,0.0037000000000002586,上海,园区开发,19920327,
600604.SH,市北高新,20000118,2.8779,2.7828,2.8889,2.7719,2.8816,-3.4287,9065.0,6986.468,-0.09880000000000022,上海,园区开发,19920327,
600604.SH,市北高新,20000117,2.8523,2.8816,2.8816,2.7097,2.845,1.2865,12995.0,9913.758,0.036599999999999966,上海,园区开发,19920327,
600604.SH,市北高新,20000114,2.8852,2.845,2.9401,2.8304,2.8669,-0.7639,11850.0,9333.474,-0.021899999999999586,上海,园区开发,19920327,
600604.SH,市北高新,20000113,2.8706,2.8669,2.9254,2.8084,2.8706,-0.1289,16856.0,13227.863,-0.0037000000000002586,上海,园区开发,19920327,
600604.SH,市北高新,20000112,2.9986,2.8706,3.0754,2.8523,3.0571,-6.1006,44492.0,35879.209,-0.1865000000000001,上海,园区开发,19920327,
600604.SH,市北高新,20000111,3.4008,3.0571,3.4008,2.9803,3.1046,-1.53,145672.0,128423.23,-0.047499999999999876,上海,园区开发,19920327,
600604.SH,市北高新,20000110,3.1046,3.1046,3.1046,3.1046,2.823,9.9752,29242.0,24826.611,0.2816000000000001,上海,园区开发,19920327,
600604.SH,市北高新,20000107,2.6402,2.823,2.8267,2.6329,2.6329,7.2202,27901.0,20977.849,0.19010000000000016,上海,园区开发,19920327,
600604.SH,市北高新,20000106,2.5415,2.6329,2.6402,2.4939,2.5598,2.8557,7961.0,5633.875,0.07309999999999972,上海,园区开发,19920327,
600604.SH,市北高新,20000105,2.5159,2.5598,2.578,2.461,2.5159,1.7449,9155.0,6357.645,0.04390000000000027,上海,园区开发,19920327,
600604.SH,市北高新,20000104,2.461,2.5159,2.5415,2.4135,2.461,2.2308,5835.0,3961.312,0.05489999999999995,上海,园区开发,19920327,
