数据由w0x7ce整理
股票代码,股票名称,交易日期,开盘价,收盘价,最高价,最低价,前收盘价,复权因子,成交量,成交额,波动,地区,行业,上市日期,退市日期
600657.SH,信达地产,20200618,4.13,4.15,4.17,4.09,4.12,0.7282,97929.01,40564.061,0.03000000000000025,北京,全国地产,19930524,
600657.SH,信达地产,20200617,4.06,4.12,4.12,4.04,4.06,1.4778,164404.1,67241.704,0.0600000000000005,北京,全国地产,19930524,
600657.SH,信达地产,20200616,3.94,4.06,4.07,3.94,3.93,3.3079,121093.63,48617.948,0.12999999999999945,北京,全国地产,19930524,
600657.SH,信达地产,20200615,3.94,3.93,4.0,3.91,3.93,0.0,95017.47,37553.809,0.0,北京,全国地产,19930524,
600657.SH,信达地产,20200612,3.9,3.93,3.96,3.88,3.96,-0.7576,102744.32,40415.737,-0.029999999999999805,北京,全国地产,19930524,
600657.SH,信达地产,20200611,4.07,3.96,4.08,3.94,4.09,-3.1785,129288.18,51699.159,-0.1299999999999999,北京,全国地产,19930524,
600657.SH,信达地产,20200610,4.08,4.09,4.14,4.03,4.09,0.0,87891.36,35786.313,0.0,北京,全国地产,19930524,
600657.SH,信达地产,20200609,4.02,4.09,4.18,4.02,4.04,1.2376,147732.14,60715.728,0.04999999999999982,北京,全国地产,19930524,
600657.SH,信达地产,20200608,3.97,4.04,4.06,3.94,3.97,1.7632,122878.76,49242.185,0.06999999999999984,北京,全国地产,19930524,
600657.SH,信达地产,20200605,3.94,3.97,3.98,3.92,3.94,0.7614,71839.97,28375.87,0.03000000000000025,北京,全国地产,19930524,
600657.SH,信达地产,20200604,3.99,3.94,4.01,3.91,3.99,-1.2531,81750.0,32306.001,-0.050000000000000266,北京,全国地产,19930524,
600657.SH,信达地产,20200603,4.02,3.99,4.1,3.97,4.01,-0.4988,110835.0,44660.464,-0.019999999999999574,北京,全国地产,19930524,
600657.SH,信达地产,20200602,3.95,4.01,4.02,3.95,3.95,1.519,115736.04,46192.826,0.05999999999999961,北京,全国地产,19930524,
600657.SH,信达地产,20200601,3.87,3.95,3.95,3.86,3.85,2.5974,107443.86,42087.201,0.10000000000000009,北京,全国地产,19930524,
600657.SH,信达地产,20200529,3.9,3.85,3.93,3.84,3.94,-2.2843,106398.62,41256.922,-0.08999999999999986,北京,全国地产,19930524,
600657.SH,信达地产,20200528,3.93,3.94,3.98,3.9,3.93,0.2545,101439.38,39919.514,0.009999999999999787,北京,全国地产,19930524,
600657.SH,信达地产,20200527,3.99,3.93,3.99,3.92,4.0,-1.75,101724.0,40130.351,-0.06999999999999984,北京,全国地产,19930524,
600657.SH,信达地产,20200526,4.09,4.0,4.09,3.93,4.09,-2.2005,195694.06,78237.253,-0.08999999999999986,北京,全国地产,19930524,
600657.SH,信达地产,20200525,3.92,4.09,4.18,3.91,3.91,4.6036,229263.3,93442.219,0.17999999999999972,北京,全国地产,19930524,
600657.SH,信达地产,20200522,3.94,3.91,3.97,3.88,3.95,-1.0127,85917.11,33697.98,-0.040000000000000036,北京,全国地产,19930524,
600657.SH,信达地产,20200521,3.94,3.95,4.01,3.89,3.93,0.5089,101642.55,40132.535,0.020000000000000018,北京,全国地产,19930524,
600657.SH,信达地产,20200520,3.89,3.93,3.96,3.86,3.89,1.0283,80576.67,31547.066,0.040000000000000036,北京,全国地产,19930524,
600657.SH,信达地产,20200519,3.91,3.89,3.93,3.88,3.89,0.0,54279.08,21207.37,0.0,北京,全国地产,19930524,
600657.SH,信达地产,20200518,3.93,3.89,3.94,3.81,3.93,-1.0178,76519.18,29825.569,-0.040000000000000036,北京,全国地产,19930524,
600657.SH,信达地产,20200515,3.9,3.93,3.97,3.89,3.9,0.7692,86492.73,34073.94,0.03000000000000025,北京,全国地产,19930524,
600657.SH,信达地产,20200514,3.93,3.9,3.94,3.88,3.95,-1.2658,84380.16,32978.822,-0.050000000000000266,北京,全国地产,19930524,
600657.SH,信达地产,20200513,3.95,3.95,3.96,3.91,3.95,0.0,63097.61,24835.048,0.0,北京,全国地产,19930524,
600657.SH,信达地产,20200512,3.96,3.95,3.97,3.89,3.96,-0.2525,105681.88,41705.834,-0.009999999999999787,北京,全国地产,19930524,
600657.SH,信达地产,20200511,3.98,3.96,4.0,3.91,3.98,-0.5025,118569.96,46814.754,-0.020000000000000018,北京,全国地产,19930524,
600657.SH,信达地产,20200508,3.95,3.98,4.01,3.91,3.93,1.2723,156984.34,62274.075,0.04999999999999982,北京,全国地产,19930524,
600657.SH,信达地产,20200507,4.06,3.93,4.06,3.93,4.01,-1.995,188160.64,74605.355,-0.07999999999999963,北京,全国地产,19930524,
600657.SH,信达地产,20200506,3.97,4.01,4.07,3.9,3.94,1.7766,365287.64,146452.488,0.06999999999999984,北京,全国地产,19930524,
600657.SH,信达地产,20200430,4.01,3.94,4.05,3.91,3.94,0.0,472983.74,188954.779,0.0,北京,全国地产,19930524,
600657.SH,信达地产,20200429,3.74,3.94,3.94,3.74,3.58,10.0559,333687.76,129190.342,0.3599999999999999,北京,全国地产,19930524,
600657.SH,信达地产,20200428,3.62,3.58,3.65,3.5,3.61,-0.831,93655.7,33533.948,-0.029999999999999805,北京,全国地产,19930524,
600657.SH,信达地产,20200427,3.61,3.61,3.66,3.58,3.61,0.0,70586.52,25607.745,0.0,北京,全国地产,19930524,
600657.SH,信达地产,20200424,3.67,3.61,3.67,3.59,3.68,-1.9022,76361.6,27718.243,-0.07000000000000028,北京,全国地产,19930524,
600657.SH,信达地产,20200423,3.68,3.68,3.7,3.64,3.67,0.2725,60671.7,22250.497,0.010000000000000231,北京,全国地产,19930524,
600657.SH,信达地产,20200422,3.64,3.67,3.69,3.62,3.67,0.0,70865.45,25913.247,0.0,北京,全国地产,19930524,
600657.SH,信达地产,20200421,3.72,3.67,3.74,3.63,3.7,-0.8108,116450.33,42949.364,-0.03000000000000025,北京,全国地产,19930524,
600657.SH,信达地产,20200420,3.67,3.7,3.75,3.64,3.67,0.8174,97626.0,36097.949,0.03000000000000025,北京,全国地产,19930524,
600657.SH,信达地产,20200417,3.68,3.67,3.73,3.66,3.67,0.0,67067.0,24796.462,0.0,北京,全国地产,19930524,
600657.SH,信达地产,20200416,3.68,3.67,3.69,3.62,3.68,-0.2717,82189.89,30015.93,-0.010000000000000231,北京,全国地产,19930524,
600657.SH,信达地产,20200415,3.74,3.68,3.75,3.67,3.74,-1.6043,58514.0,21702.317,-0.06000000000000005,北京,全国地产,19930524,
600657.SH,信达地产,20200414,3.72,3.74,3.76,3.68,3.67,1.9074,72648.0,27063.839,0.07000000000000028,北京,全国地产,19930524,
600657.SH,信达地产,20200413,3.68,3.67,3.69,3.62,3.69,-0.542,55836.96,20404.274,-0.020000000000000018,北京,全国地产,19930524,
600657.SH,信达地产,20200410,3.71,3.69,3.77,3.68,3.71,-0.5391,88883.97,33074.06,-0.020000000000000018,北京,全国地产,19930524,
600657.SH,信达地产,20200409,3.72,3.71,3.74,3.7,3.72,-0.2688,72386.37,26936.978,-0.010000000000000231,北京,全国地产,19930524,
600657.SH,信达地产,20200408,3.73,3.72,3.74,3.67,3.75,-0.8,84275.5,31252.1,-0.029999999999999805,北京,全国地产,19930524,
600657.SH,信达地产,20200407,3.81,3.75,3.83,3.73,3.76,-0.266,130867.24,49303.99,-0.009999999999999787,北京,全国地产,19930524,
600657.SH,信达地产,20200403,3.74,3.76,3.78,3.71,3.77,-0.2653,111105.03,41598.488,-0.010000000000000231,北京,全国地产,19930524,
600657.SH,信达地产,20200402,3.56,3.77,3.78,3.56,3.59,5.0139,190823.39,70676.716,0.18000000000000016,北京,全国地产,19930524,
600657.SH,信达地产,20200401,3.54,3.59,3.64,3.52,3.49,2.8653,160805.62,57836.211,0.09999999999999964,北京,全国地产,19930524,
600657.SH,信达地产,20200331,3.51,3.49,3.56,3.48,3.48,0.2874,60304.36,21182.687,0.010000000000000231,北京,全国地产,19930524,
600657.SH,信达地产,20200330,3.46,3.48,3.5,3.43,3.5,-0.5714,64934.33,22502.118,-0.020000000000000018,北京,全国地产,19930524,
600657.SH,信达地产,20200327,3.51,3.5,3.57,3.48,3.47,0.8646,73845.0,26049.918,0.029999999999999805,北京,全国地产,19930524,
600657.SH,信达地产,20200326,3.51,3.47,3.52,3.46,3.52,-1.4205,58335.1,20331.42,-0.04999999999999982,北京,全国地产,19930524,
600657.SH,信达地产,20200325,3.48,3.52,3.57,3.45,3.43,2.6239,97773.73,34314.059,0.08999999999999986,北京,全国地产,19930524,
600657.SH,信达地产,20200324,3.4,3.43,3.45,3.38,3.38,1.4793,55649.0,19043.927,0.050000000000000266,北京,全国地产,19930524,
600657.SH,信达地产,20200323,3.45,3.38,3.45,3.36,3.51,-3.7037,73722.29,25041.649,-0.1299999999999999,北京,全国地产,19930524,
600657.SH,信达地产,20200320,3.45,3.51,3.53,3.41,3.43,2.3324,78988.59,27396.511,0.07999999999999963,北京,全国地产,19930524,
600657.SH,信达地产,20200319,3.47,3.43,3.51,3.35,3.47,-1.1527,89245.74,30533.091,-0.040000000000000036,北京,全国地产,19930524,
600657.SH,信达地产,20200318,3.6,3.47,3.64,3.46,3.6,-3.6111,103135.89,36747.126,-0.1299999999999999,北京,全国地产,19930524,
600657.SH,信达地产,20200317,3.57,3.6,3.7,3.5,3.62,-0.5525,107748.03,38753.869,-0.020000000000000018,北京,全国地产,19930524,
600657.SH,信达地产,20200316,3.73,3.62,3.74,3.61,3.71,-2.4259,134838.44,49825.496,-0.08999999999999986,北京,全国地产,19930524,
600657.SH,信达地产,20200313,3.57,3.71,3.71,3.5,3.71,0.0,131713.1,47658.122,0.0,北京,全国地产,19930524,
600657.SH,信达地产,20200312,3.67,3.71,3.78,3.62,3.72,-0.2688,112158.55,41474.633,-0.010000000000000231,北京,全国地产,19930524,
600657.SH,信达地产,20200311,3.73,3.72,3.8,3.7,3.74,-0.5348,124568.71,46596.994,-0.020000000000000018,北京,全国地产,19930524,
600657.SH,信达地产,20200310,3.62,3.74,3.78,3.62,3.67,1.9074,141210.73,52216.884,0.07000000000000028,北京,全国地产,19930524,
600657.SH,信达地产,20200309,3.79,3.67,3.81,3.66,3.87,-5.168,202144.88,75329.615,-0.20000000000000018,北京,全国地产,19930524,
600657.SH,信达地产,20200306,3.93,3.87,3.96,3.8,4.02,-3.7313,236921.91,91811.703,-0.14999999999999947,北京,全国地产,19930524,
600657.SH,信达地产,20200305,3.94,4.02,4.1,3.85,3.95,1.7722,502187.19,201281.498,0.0699999999999994,北京,全国地产,19930524,
600657.SH,信达地产,20200304,3.58,3.95,3.95,3.57,3.59,10.0279,427981.71,164646.018,0.3600000000000003,北京,全国地产,19930524,
600657.SH,信达地产,20200303,3.61,3.59,3.65,3.55,3.58,0.2793,99148.35,35604.21,0.009999999999999787,北京,全国地产,19930524,
600657.SH,信达地产,20200302,3.44,3.58,3.62,3.44,3.47,3.17,117800.34,42145.018,0.10999999999999988,北京,全国地产,19930524,
600657.SH,信达地产,20200228,3.47,3.47,3.52,3.42,3.54,-1.9774,132159.17,45844.24,-0.06999999999999984,北京,全国地产,19930524,
600657.SH,信达地产,20200227,3.52,3.54,3.57,3.5,3.51,0.8547,108651.47,38436.471,0.03000000000000025,北京,全国地产,19930524,
600657.SH,信达地产,20200226,3.38,3.51,3.57,3.36,3.42,2.6316,140837.77,49341.948,0.08999999999999986,北京,全国地产,19930524,
600657.SH,信达地产,20200225,3.41,3.42,3.46,3.37,3.48,-1.7241,90441.81,30920.389,-0.06000000000000005,北京,全国地产,19930524,
600657.SH,信达地产,20200224,3.54,3.48,3.54,3.46,3.54,-1.6949,89349.9,31163.526,-0.06000000000000005,北京,全国地产,19930524,
600657.SH,信达地产,20200221,3.55,3.54,3.57,3.52,3.55,-0.2817,77792.59,27586.63,-0.009999999999999787,北京,全国地产,19930524,
600657.SH,信达地产,20200220,3.51,3.55,3.56,3.48,3.51,1.1396,87486.68,30752.493,0.040000000000000036,北京,全国地产,19930524,
600657.SH,信达地产,20200219,3.51,3.51,3.55,3.48,3.51,0.0,61710.19,21693.568,0.0,北京,全国地产,19930524,
600657.SH,信达地产,20200218,3.58,3.51,3.58,3.48,3.57,-1.6807,84928.55,29887.602,-0.06000000000000005,北京,全国地产,19930524,
600657.SH,信达地产,20200217,3.53,3.57,3.58,3.5,3.52,1.4205,113294.67,40134.825,0.04999999999999982,北京,全国地产,19930524,
600657.SH,信达地产,20200214,3.44,3.52,3.52,3.41,3.43,2.6239,92604.59,32155.471,0.08999999999999986,北京,全国地产,19930524,
600657.SH,信达地产,20200213,3.46,3.43,3.52,3.43,3.46,-0.8671,68547.25,23793.992,-0.029999999999999805,北京,全国地产,19930524,
600657.SH,信达地产,20200212,3.44,3.46,3.48,3.4,3.43,0.8746,59175.2,20374.086,0.029999999999999805,北京,全国地产,19930524,
600657.SH,信达地产,20200211,3.43,3.43,3.51,3.41,3.43,0.0,69918.55,24164.928,0.0,北京,全国地产,19930524,
600657.SH,信达地产,20200210,3.35,3.43,3.44,3.33,3.38,1.4793,75758.9,25702.089,0.050000000000000266,北京,全国地产,19930524,
600657.SH,信达地产,20200207,3.38,3.38,3.41,3.32,3.37,0.2967,70241.01,23592.34,0.009999999999999787,北京,全国地产,19930524,
600657.SH,信达地产,20200206,3.33,3.37,3.41,3.26,3.31,1.8127,75735.68,25304.229,0.06000000000000005,北京,全国地产,19930524,
600657.SH,信达地产,20200205,3.28,3.31,3.36,3.24,3.25,1.8462,91297.37,30220.983,0.06000000000000005,北京,全国地产,19930524,
600657.SH,信达地产,20200204,3.05,3.25,3.29,3.05,3.31,-1.8127,153149.69,49494.972,-0.06000000000000005,北京,全国地产,19930524,
600657.SH,信达地产,20200203,3.31,3.31,3.31,3.31,3.68,-10.0543,49974.0,16541.394,-0.3700000000000001,北京,全国地产,19930524,
600657.SH,信达地产,20200123,3.81,3.68,3.82,3.66,3.84,-4.1667,78162.01,29211.54,-0.1599999999999997,北京,全国地产,19930524,
600657.SH,信达地产,20200122,3.83,3.84,3.86,3.75,3.84,0.0,45438.73,17307.4,0.0,北京,全国地产,19930524,
600657.SH,信达地产,20200121,3.89,3.84,3.89,3.82,3.9,-1.5385,60104.93,23075.232,-0.06000000000000005,北京,全国地产,19930524,
600657.SH,信达地产,20200120,3.85,3.9,3.9,3.82,3.86,1.0363,47574.97,18339.842,0.040000000000000036,北京,全国地产,19930524,
600657.SH,信达地产,20200117,3.88,3.86,3.92,3.85,3.89,-0.7712,34095.46,13228.349,-0.03000000000000025,北京,全国地产,19930524,
600657.SH,信达地产,20200116,3.91,3.89,3.93,3.87,3.91,-0.5115,47011.29,18318.847,-0.020000000000000018,北京,全国地产,19930524,
600657.SH,信达地产,20200115,3.94,3.91,3.95,3.91,3.95,-1.0127,40945.85,16053.601,-0.040000000000000036,北京,全国地产,19930524,
600657.SH,信达地产,20200114,3.96,3.95,4.0,3.94,3.98,-0.7538,56977.0,22575.721,-0.029999999999999805,北京,全国地产,19930524,
600657.SH,信达地产,20200113,3.94,3.98,3.98,3.9,3.94,1.0152,92354.74,36329.724,0.040000000000000036,北京,全国地产,19930524,
600657.SH,信达地产,20200110,3.99,3.94,3.99,3.91,3.97,-0.7557,62362.66,24592.899,-0.03000000000000025,北京,全国地产,19930524,
600657.SH,信达地产,20200109,3.96,3.97,4.01,3.94,3.94,0.7614,59659.9,23696.302,0.03000000000000025,北京,全国地产,19930524,
600657.SH,信达地产,20200108,4.01,3.94,4.01,3.92,4.02,-1.99,75279.8,29815.629,-0.07999999999999963,北京,全国地产,19930524,
600657.SH,信达地产,20200107,3.98,4.02,4.03,3.98,3.98,1.005,54610.33,21867.643,0.03999999999999959,北京,全国地产,19930524,
600657.SH,信达地产,20200106,4.01,3.98,4.03,3.96,4.03,-1.2407,80650.84,32181.139,-0.050000000000000266,北京,全国地产,19930524,
600657.SH,信达地产,20200103,4.04,4.03,4.06,4.01,4.03,0.0,62545.26,25211.465,0.0,北京,全国地产,19930524,
600657.SH,信达地产,20200102,4.03,4.03,4.08,4.02,3.99,1.0025,79536.25,32198.036,0.040000000000000036,北京,全国地产,19930524,
600657.SH,信达地产,20191231,3.98,3.99,3.99,3.94,3.98,0.2513,48328.97,19167.36,0.010000000000000231,北京,全国地产,19930524,
600657.SH,信达地产,20191230,3.93,3.98,3.98,3.91,3.93,1.2723,97821.63,38667.656,0.04999999999999982,北京,全国地产,19930524,
600657.SH,信达地产,20191227,3.92,3.93,3.98,3.9,3.92,0.2551,89451.23,35345.772,0.010000000000000231,北京,全国地产,19930524,
600657.SH,信达地产,20191226,3.86,3.92,3.93,3.85,3.83,2.3499,75524.2,29446.182,0.08999999999999986,北京,全国地产,19930524,
600657.SH,信达地产,20191225,3.89,3.83,3.89,3.82,3.89,-1.5424,60490.34,23290.225,-0.06000000000000005,北京,全国地产,19930524,
600657.SH,信达地产,20191224,3.83,3.89,3.89,3.82,3.82,1.8325,44508.2,17177.822,0.07000000000000028,北京,全国地产,19930524,
600657.SH,信达地产,20191223,3.96,3.82,3.96,3.81,3.96,-3.5354,85308.7,33185.806,-0.14000000000000012,北京,全国地产,19930524,
600657.SH,信达地产,20191220,3.91,3.96,3.98,3.91,3.92,1.0204,85402.64,33741.319,0.040000000000000036,北京,全国地产,19930524,
600657.SH,信达地产,20191219,3.88,3.92,3.93,3.86,3.88,1.0309,61405.87,23932.626,0.040000000000000036,北京,全国地产,19930524,
600657.SH,信达地产,20191218,3.86,3.88,3.93,3.85,3.87,0.2584,83547.4,32476.082,0.009999999999999787,北京,全国地产,19930524,
600657.SH,信达地产,20191217,3.78,3.87,3.92,3.76,3.78,2.381,121703.53,46885.436,0.0900000000000003,北京,全国地产,19930524,
600657.SH,信达地产,20191216,3.75,3.78,3.79,3.73,3.75,0.8,61124.45,22964.906,0.029999999999999805,北京,全国地产,19930524,
600657.SH,信达地产,20191213,3.72,3.75,3.76,3.71,3.71,1.0782,64681.63,24159.163,0.040000000000000036,北京,全国地产,19930524,
600657.SH,信达地产,20191212,3.78,3.71,3.78,3.7,3.76,-1.3298,36512.0,13590.635,-0.04999999999999982,北京,全国地产,19930524,
600657.SH,信达地产,20191211,3.77,3.76,3.79,3.75,3.76,0.0,41400.76,15583.017,0.0,北京,全国地产,19930524,
600657.SH,信达地产,20191210,3.74,3.76,3.77,3.73,3.73,0.8043,59135.23,22177.833,0.029999999999999805,北京,全国地产,19930524,
600657.SH,信达地产,20191209,3.73,3.73,3.76,3.72,3.72,0.2688,67031.88,25023.736,0.009999999999999787,北京,全国地产,19930524,
600657.SH,信达地产,20191206,3.74,3.72,3.74,3.7,3.73,-0.2681,46239.9,17179.014,-0.009999999999999787,北京,全国地产,19930524,
600657.SH,信达地产,20191205,3.72,3.73,3.75,3.71,3.72,0.2688,48788.28,18178.093,0.009999999999999787,北京,全国地产,19930524,
600657.SH,信达地产,20191204,3.75,3.72,3.78,3.69,3.74,-0.5348,47899.29,17838.185,-0.020000000000000018,北京,全国地产,19930524,
600657.SH,信达地产,20191203,3.73,3.74,3.76,3.71,3.75,-0.2667,30906.64,11558.829,-0.009999999999999787,北京,全国地产,19930524,
600657.SH,信达地产,20191202,3.71,3.75,3.78,3.71,3.7,1.3514,49684.48,18589.829,0.04999999999999982,北京,全国地产,19930524,
600657.SH,信达地产,20191129,3.66,3.7,3.72,3.64,3.66,1.0929,69941.86,25819.069,0.040000000000000036,北京,全国地产,19930524,
600657.SH,信达地产,20191128,3.68,3.66,3.7,3.65,3.68,-0.5435,34021.18,12477.679,-0.020000000000000018,北京,全国地产,19930524,
600657.SH,信达地产,20191127,3.65,3.68,3.71,3.64,3.65,0.8219,56882.15,20920.727,0.03000000000000025,北京,全国地产,19930524,
600657.SH,信达地产,20191126,3.67,3.65,3.69,3.64,3.68,-0.8152,48194.02,17651.325,-0.03000000000000025,北京,全国地产,19930524,
600657.SH,信达地产,20191125,3.62,3.68,3.71,3.59,3.61,1.9391,94311.21,34572.354,0.07000000000000028,北京,全国地产,19930524,
600657.SH,信达地产,20191122,3.61,3.61,3.66,3.58,3.62,-0.2762,52290.85,18941.353,-0.010000000000000231,北京,全国地产,19930524,
600657.SH,信达地产,20191121,3.6,3.62,3.63,3.59,3.61,0.277,31976.76,11546.367,0.010000000000000231,北京,全国地产,19930524,
600657.SH,信达地产,20191120,3.64,3.61,3.64,3.61,3.64,-0.8242,39926.04,14468.03,-0.03000000000000025,北京,全国地产,19930524,
600657.SH,信达地产,20191119,3.6,3.64,3.65,3.58,3.6,1.1111,53423.6,19361.996,0.040000000000000036,北京,全国地产,19930524,
600657.SH,信达地产,20191118,3.6,3.6,3.62,3.56,3.6,0.0,50435.43,18129.207,0.0,北京,全国地产,19930524,
600657.SH,信达地产,20191115,3.63,3.6,3.64,3.59,3.63,-0.8264,38694.81,13964.777,-0.029999999999999805,北京,全国地产,19930524,
600657.SH,信达地产,20191114,3.64,3.63,3.66,3.62,3.64,-0.2747,46930.52,17088.889,-0.010000000000000231,北京,全国地产,19930524,
600657.SH,信达地产,20191113,3.65,3.64,3.65,3.61,3.65,-0.274,50752.52,18414.404,-0.009999999999999787,北京,全国地产,19930524,
600657.SH,信达地产,20191112,3.67,3.65,3.68,3.63,3.67,-0.545,49599.91,18104.221,-0.020000000000000018,北京,全国地产,19930524,
600657.SH,信达地产,20191111,3.76,3.67,3.76,3.65,3.79,-3.1662,83004.45,30694.019,-0.1200000000000001,北京,全国地产,19930524,
600657.SH,信达地产,20191108,3.84,3.79,3.87,3.79,3.84,-1.3021,57666.24,22030.027,-0.04999999999999982,北京,全国地产,19930524,
600657.SH,信达地产,20191107,3.82,3.84,3.87,3.81,3.83,0.2611,50171.0,19253.572,0.009999999999999787,北京,全国地产,19930524,
600657.SH,信达地产,20191106,3.86,3.83,3.89,3.8,3.86,-0.7772,67733.67,25973.592,-0.029999999999999805,北京,全国地产,19930524,
600657.SH,信达地产,20191105,3.84,3.86,3.88,3.81,3.83,0.7833,63266.15,24362.141,0.029999999999999805,北京,全国地产,19930524,
600657.SH,信达地产,20191104,3.89,3.83,3.91,3.82,3.89,-1.5424,68517.78,26434.277,-0.06000000000000005,北京,全国地产,19930524,
600657.SH,信达地产,20191101,3.82,3.89,3.89,3.81,3.83,1.5666,67878.37,26178.208,0.06000000000000005,北京,全国地产,19930524,
600657.SH,信达地产,20191031,3.89,3.83,3.9,3.83,3.89,-1.5424,70804.4,27369.159,-0.06000000000000005,北京,全国地产,19930524,
600657.SH,信达地产,20191030,4.0,3.89,4.0,3.86,4.04,-3.7129,102170.17,40012.864,-0.1499999999999999,北京,全国地产,19930524,
600657.SH,信达地产,20191029,4.07,4.04,4.08,4.01,4.08,-0.9804,61184.98,24744.897,-0.040000000000000036,北京,全国地产,19930524,
600657.SH,信达地产,20191028,4.09,4.08,4.12,4.06,4.09,-0.2445,76680.96,31300.278,-0.009999999999999787,北京,全国地产,19930524,
600657.SH,信达地产,20191025,4.08,4.09,4.1,4.03,4.08,0.2451,38448.11,15654.051,0.009999999999999787,北京,全国地产,19930524,
600657.SH,信达地产,20191024,4.04,4.08,4.09,4.02,4.03,1.2407,40851.07,16581.58,0.04999999999999982,北京,全国地产,19930524,
600657.SH,信达地产,20191023,4.08,4.03,4.1,4.01,4.08,-1.2255,51283.96,20823.164,-0.04999999999999982,北京,全国地产,19930524,
600657.SH,信达地产,20191022,4.09,4.08,4.12,4.04,4.07,0.2457,45415.65,18528.747,0.009999999999999787,北京,全国地产,19930524,
600657.SH,信达地产,20191021,4.06,4.07,4.1,4.03,4.03,0.9926,59056.61,23990.491,0.040000000000000036,北京,全国地产,19930524,
600657.SH,信达地产,20191018,4.18,4.03,4.19,4.03,4.15,-2.8916,74426.08,30458.467,-0.1200000000000001,北京,全国地产,19930524,
600657.SH,信达地产,20191017,4.21,4.15,4.21,4.12,4.18,-0.7177,74255.86,30972.475,-0.02999999999999936,北京,全国地产,19930524,
600657.SH,信达地产,20191016,4.22,4.18,4.28,4.17,4.19,-0.2387,98893.49,41832.757,-0.010000000000000675,北京,全国地产,19930524,
600657.SH,信达地产,20191015,4.2,4.19,4.24,4.18,4.2,-0.2381,64123.16,26943.85,-0.009999999999999787,北京,全国地产,19930524,
600657.SH,信达地产,20191014,4.16,4.2,4.25,4.16,4.14,1.4493,96673.78,40716.155,0.0600000000000005,北京,全国地产,19930524,
600657.SH,信达地产,20191011,4.07,4.14,4.14,4.06,4.07,1.7199,71688.7,29483.612,0.0699999999999994,北京,全国地产,19930524,
600657.SH,信达地产,20191010,4.05,4.07,4.09,4.01,4.06,0.2463,74178.33,30109.276,0.010000000000000675,北京,全国地产,19930524,
600657.SH,信达地产,20191009,3.86,4.06,4.06,3.85,3.87,4.9096,99527.23,39631.561,0.1899999999999995,北京,全国地产,19930524,
600657.SH,信达地产,20191008,3.84,3.87,3.91,3.84,3.84,0.7813,57879.82,22472.384,0.03000000000000025,北京,全国地产,19930524,
600657.SH,信达地产,20190930,3.9,3.84,3.91,3.84,3.91,-1.7903,35726.82,13839.332,-0.07000000000000028,北京,全国地产,19930524,
600657.SH,信达地产,20190927,3.93,3.91,3.94,3.89,3.91,0.0,38263.78,14968.67,0.0,北京,全国地产,19930524,
600657.SH,信达地产,20190926,3.95,3.91,3.99,3.9,3.94,-0.7614,74678.37,29496.151,-0.029999999999999805,北京,全国地产,19930524,
600657.SH,信达地产,20190925,4.01,3.94,4.01,3.94,4.01,-1.7456,58779.34,23332.181,-0.06999999999999984,北京,全国地产,19930524,
600657.SH,信达地产,20190924,4.03,4.01,4.08,4.01,4.04,-0.7426,73949.15,29901.877,-0.03000000000000025,北京,全国地产,19930524,
600657.SH,信达地产,20190923,4.14,4.04,4.14,4.0,4.13,-2.1792,101545.2,41018.379,-0.08999999999999986,北京,全国地产,19930524,
600657.SH,信达地产,20190920,4.18,4.13,4.18,4.09,4.15,-0.4819,78511.34,32451.081,-0.020000000000000462,北京,全国地产,19930524,
600657.SH,信达地产,20190919,4.15,4.15,4.18,4.13,4.15,0.0,54571.43,22671.301,0.0,北京,全国地产,19930524,
600657.SH,信达地产,20190918,4.05,4.15,4.2,4.03,4.03,2.9777,125100.15,51790.193,0.1200000000000001,北京,全国地产,19930524,
600657.SH,信达地产,20190917,4.12,4.03,4.14,4.01,4.13,-2.4213,76219.0,30983.843,-0.09999999999999964,北京,全国地产,19930524,
600657.SH,信达地产,20190916,4.13,4.13,4.19,4.11,4.12,0.2427,80509.5,33369.008,0.009999999999999787,北京,全国地产,19930524,
600657.SH,信达地产,20190912,4.09,4.12,4.13,4.08,4.09,0.7335,57185.84,23493.011,0.03000000000000025,北京,全国地产,19930524,
600657.SH,信达地产,20190911,4.1,4.09,4.12,4.05,4.1,-0.2439,49478.97,20201.309,-0.009999999999999787,北京,全国地产,19930524,
600657.SH,信达地产,20190910,4.11,4.1,4.13,4.07,4.11,-0.2433,39933.0,16338.355,-0.010000000000000675,北京,全国地产,19930524,
600657.SH,信达地产,20190909,4.11,4.11,4.14,4.07,4.07,0.9828,73865.0,30331.901,0.040000000000000036,北京,全国地产,19930524,
600657.SH,信达地产,20190906,4.07,4.07,4.1,4.02,4.05,0.4938,54994.85,22302.372,0.020000000000000462,北京,全国地产,19930524,
600657.SH,信达地产,20190905,4.03,4.05,4.12,4.02,3.99,1.5038,123934.18,50567.817,0.05999999999999961,北京,全国地产,19930524,
600657.SH,信达地产,20190904,3.94,3.99,3.99,3.9,3.92,1.7857,67532.42,26631.602,0.07000000000000028,北京,全国地产,19930524,
600657.SH,信达地产,20190903,3.94,3.92,3.96,3.89,3.94,-0.5076,40257.94,15783.955,-0.020000000000000018,北京,全国地产,19930524,
600657.SH,信达地产,20190902,3.82,3.94,3.96,3.8,3.81,3.4121,77614.62,30301.639,0.1299999999999999,北京,全国地产,19930524,
600657.SH,信达地产,20190830,3.91,3.81,3.94,3.81,3.89,-2.0566,68122.19,26379.59,-0.08000000000000007,北京,全国地产,19930524,
600657.SH,信达地产,20190829,3.91,3.89,3.95,3.88,3.91,-0.5115,50985.02,19949.674,-0.020000000000000018,北京,全国地产,19930524,
600657.SH,信达地产,20190828,3.92,3.91,3.96,3.9,3.95,-1.0127,31115.0,12192.983,-0.040000000000000036,北京,全国地产,19930524,
600657.SH,信达地产,20190827,3.88,3.95,3.97,3.87,3.85,2.5974,53177.9,20921.645,0.10000000000000009,北京,全国地产,19930524,
600657.SH,信达地产,20190826,3.77,3.85,3.89,3.77,3.87,-0.5168,54236.53,20821.737,-0.020000000000000018,北京,全国地产,19930524,
600657.SH,信达地产,20190823,3.87,3.87,3.9,3.84,3.87,0.0,35193.68,13613.888,0.0,北京,全国地产,19930524,
600657.SH,信达地产,20190822,3.86,3.87,3.88,3.82,3.84,0.7813,43093.0,16601.212,0.03000000000000025,北京,全国地产,19930524,
600657.SH,信达地产,20190821,3.83,3.84,3.88,3.81,3.82,0.5236,52665.57,20278.696,0.020000000000000018,北京,全国地产,19930524,
600657.SH,信达地产,20190820,3.76,3.82,3.87,3.76,3.78,1.0582,71067.68,27182.525,0.040000000000000036,北京,全国地产,19930524,
600657.SH,信达地产,20190819,3.66,3.78,3.78,3.66,3.66,3.2787,72119.91,26932.355,0.11999999999999966,北京,全国地产,19930524,
600657.SH,信达地产,20190816,3.66,3.66,3.68,3.64,3.66,0.0,36961.86,13530.558,0.0,北京,全国地产,19930524,
600657.SH,信达地产,20190815,3.6,3.66,3.66,3.57,3.66,0.0,36988.69,13356.13,0.0,北京,全国地产,19930524,
600657.SH,信达地产,20190814,3.67,3.66,3.69,3.64,3.64,0.5495,35467.0,13021.268,0.020000000000000018,北京,全国地产,19930524,
600657.SH,信达地产,20190813,3.66,3.64,3.66,3.62,3.67,-0.8174,37339.0,13593.939,-0.029999999999999805,北京,全国地产,19930524,
600657.SH,信达地产,20190812,3.62,3.67,3.68,3.61,3.62,1.3812,37783.02,13766.688,0.04999999999999982,北京,全国地产,19930524,
600657.SH,信达地产,20190809,3.68,3.62,3.69,3.61,3.66,-1.0929,32599.4,11903.306,-0.040000000000000036,北京,全国地产,19930524,
600657.SH,信达地产,20190808,3.67,3.66,3.68,3.64,3.65,0.274,43225.82,15813.182,0.010000000000000231,北京,全国地产,19930524,
600657.SH,信达地产,20190807,3.68,3.65,3.7,3.64,3.67,-0.545,52346.07,19135.479,-0.020000000000000018,北京,全国地产,19930524,
600657.SH,信达地产,20190806,3.69,3.67,3.71,3.57,3.75,-2.1333,109472.26,39856.084,-0.08000000000000007,北京,全国地产,19930524,
600657.SH,信达地产,20190805,3.79,3.75,3.84,3.74,3.83,-2.0888,88644.69,33335.644,-0.08000000000000007,北京,全国地产,19930524,
600657.SH,信达地产,20190802,3.9,3.83,3.9,3.8,3.95,-3.038,85680.64,32935.063,-0.1200000000000001,北京,全国地产,19930524,
600657.SH,信达地产,20190801,4.02,3.95,4.05,3.94,4.04,-2.2277,80370.19,32009.507,-0.08999999999999986,北京,全国地产,19930524,
600657.SH,信达地产,20190731,4.08,4.04,4.08,4.04,4.1,-1.4634,61669.03,25003.635,-0.05999999999999961,北京,全国地产,19930524,
600657.SH,信达地产,20190730,4.06,4.1,4.13,4.06,4.04,1.4851,59400.32,24346.093,0.05999999999999961,北京,全国地产,19930524,
600657.SH,信达地产,20190729,4.11,4.04,4.11,4.04,4.11,-1.7032,58178.0,23616.155,-0.07000000000000028,北京,全国地产,19930524,
600657.SH,信达地产,20190726,4.11,4.11,4.12,4.09,4.11,0.0,28347.12,11634.899,0.0,北京,全国地产,19930524,
600657.SH,信达地产,20190725,4.12,4.11,4.14,4.1,4.12,-0.2427,38190.32,15712.892,-0.009999999999999787,北京,全国地产,19930524,
600657.SH,信达地产,20190724,4.12,4.12,4.18,4.11,4.11,0.2433,54992.46,22775.978,0.009999999999999787,北京,全国地产,19930524,
600657.SH,信达地产,20190723,4.14,4.11,4.15,4.08,4.13,-0.4843,44652.39,18363.26,-0.019999999999999574,北京,全国地产,19930524,
600657.SH,信达地产,20190722,4.16,4.13,4.18,4.09,4.17,-0.9592,58261.91,24142.615,-0.040000000000000036,北京,全国地产,19930524,
600657.SH,信达地产,20190719,4.13,4.17,4.21,4.13,4.12,1.2136,66901.81,27933.344,0.04999999999999982,北京,全国地产,19930524,
600657.SH,信达地产,20190718,4.14,4.12,4.16,4.1,4.16,-0.9615,44252.64,18246.911,-0.040000000000000036,北京,全国地产,19930524,
600657.SH,信达地产,20190717,4.17,4.16,4.19,4.15,4.18,-0.4785,45794.09,19109.041,-0.019999999999999574,北京,全国地产,19930524,
600657.SH,信达地产,20190716,4.12,4.18,4.18,4.12,4.14,0.9662,54927.74,22789.07,0.040000000000000036,北京,全国地产,19930524,
600657.SH,信达地产,20190715,4.11,4.14,4.17,4.05,4.13,0.2421,60131.07,24742.75,0.009999999999999787,北京,全国地产,19930524,
600657.SH,信达地产,20190712,4.12,4.13,4.14,4.08,4.13,0.0,51245.6,21101.29,0.0,北京,全国地产,19930524,
600657.SH,信达地产,20190711,4.15,4.13,4.17,4.11,4.13,0.0,34636.86,14356.117,0.0,北京,全国地产,19930524,
600657.SH,信达地产,20190710,4.12,4.13,4.16,4.1,4.11,0.4866,48494.75,20034.328,0.019999999999999574,北京,全国地产,19930524,
600657.SH,信达地产,20190709,4.09,4.11,4.14,4.08,4.1,0.2439,48635.97,20006.057,0.010000000000000675,北京,全国地产,19930524,
600657.SH,信达地产,20190708,4.22,4.1,4.26,4.09,4.24,-3.3019,80719.54,33537.356,-0.14000000000000057,北京,全国地产,19930524,
600657.SH,信达地产,20190705,4.25,4.24,4.3,4.22,4.27,-0.7026,72036.41,30600.52,-0.02999999999999936,北京,全国地产,19930524,
600657.SH,信达地产,20190704,4.21,4.27,4.4,4.21,4.22,1.1848,114568.78,49280.327,0.04999999999999982,北京,全国地产,19930524,
600657.SH,信达地产,20190703,4.2,4.22,4.24,4.15,4.2,0.4762,80956.61,33976.502,0.019999999999999574,北京,全国地产,19930524,
600657.SH,信达地产,20190702,4.22,4.2,4.23,4.17,4.22,-0.4739,59799.0,25096.901,-0.019999999999999574,北京,全国地产,19930524,
600657.SH,信达地产,20190701,4.17,4.22,4.23,4.16,4.12,2.4272,69418.02,29157.329,0.09999999999999964,北京,全国地产,19930524,
600657.SH,信达地产,20190628,4.16,4.12,4.17,4.11,4.16,-0.9615,34988.63,14458.756,-0.040000000000000036,北京,全国地产,19930524,
600657.SH,信达地产,20190627,4.16,4.16,4.22,4.15,4.15,0.241,50067.66,20922.221,0.009999999999999787,北京,全国地产,19930524,
600657.SH,信达地产,20190626,4.2,4.15,4.2,4.14,4.18,-0.7177,56270.0,23462.163,-0.02999999999999936,北京,全国地产,19930524,
600657.SH,信达地产,20190625,4.24,4.18,4.24,4.1,4.23,-1.182,78621.23,32721.615,-0.05000000000000071,北京,全国地产,19930524,
600657.SH,信达地产,20190624,4.26,4.23,4.26,4.19,4.24,-0.2358,66507.31,28051.792,-0.009999999999999787,北京,全国地产,19930524,
600657.SH,信达地产,20190621,4.16,4.24,4.26,4.16,4.17,1.6787,74296.63,31383.014,0.07000000000000028,北京,全国地产,19930524,
600657.SH,信达地产,20190620,4.09,4.17,4.2,4.06,4.08,2.2059,100571.66,41601.397,0.08999999999999986,北京,全国地产,19930524,
600657.SH,信达地产,20190619,4.1093,4.0801,4.1287,4.0704,4.0413,0.9601,90328.97,38149.952,0.03880000000000017,北京,全国地产,19930524,
600657.SH,信达地产,20190618,4.0801,4.0413,4.0995,4.0121,4.0704,-0.7149,67330.89,28042.512,-0.02910000000000057,北京,全国地产,19930524,
600657.SH,信达地产,20190617,4.0898,4.0704,4.1384,4.051,4.0995,-0.7098,98041.59,41337.896,-0.02909999999999968,北京,全国地产,19930524,
600657.SH,信达地产,20190614,4.0704,4.0995,4.1481,4.0607,4.0704,0.7149,108175.07,45763.06,0.02909999999999968,北京,全国地产,19930524,
600657.SH,信达地产,20190613,4.0704,4.0704,4.0898,4.0315,4.0607,0.2389,44678.1,18683.313,0.009700000000000486,北京,全国地产,19930524,
600657.SH,信达地产,20190612,4.0801,4.0607,4.119,4.0413,4.0801,-0.4755,67492.0,28311.28,-0.019400000000000084,北京,全国地产,19930524,
600657.SH,信达地产,20190611,3.9538,4.0801,4.0898,3.9538,3.9635,2.9418,89829.39,37360.509,0.11660000000000004,北京,全国地产,19930524,
600657.SH,信达地产,20190610,3.915,3.9635,3.9927,3.8761,3.9052,1.4929,61387.35,24959.709,0.05830000000000002,北京,全国地产,19930524,
600657.SH,信达地产,20190606,3.9344,3.9052,3.9635,3.8955,3.9344,-0.7422,69700.7,28239.401,-0.029200000000000337,北京,全国地产,19930524,
600657.SH,信达地产,20190605,3.9441,3.9344,4.0121,3.9344,3.915,0.4955,77390.68,31594.935,0.019400000000000084,北京,全国地产,19930524,
600657.SH,信达地产,20190604,3.9247,3.915,3.9538,3.915,3.9441,-0.7378,52575.21,21267.562,-0.029100000000000126,北京,全国地产,19930524,
600657.SH,信达地产,20190603,3.9635,3.9441,3.983,3.8955,3.9635,-0.4895,66143.56,26827.066,-0.01939999999999964,北京,全国地产,19930524,
600657.SH,信达地产,20190531,3.9927,3.9635,4.0218,3.9635,3.9927,-0.7313,52868.0,21705.43,-0.029200000000000337,北京,全国地产,19930524,
600657.SH,信达地产,20190530,3.9927,3.9927,4.0024,3.9538,3.9927,0.0,76684.76,31380.884,0.0,北京,全国地产,19930524,
600657.SH,信达地产,20190529,4.0024,3.9927,4.0413,3.9927,4.0121,-0.4835,63999.0,26444.243,-0.019400000000000084,北京,全国地产,19930524,
600657.SH,信达地产,20190528,4.0218,4.0121,4.0704,4.0024,4.0315,-0.4812,64160.27,26644.061,-0.019400000000000084,北京,全国地产,19930524,
600657.SH,信达地产,20190527,3.9733,4.0315,4.0315,3.9344,3.9441,2.216,83130.14,34165.254,0.08740000000000014,北京,全国地产,19930524,
600657.SH,信达地产,20190524,3.9538,3.9441,3.9927,3.9441,3.9538,-0.2453,60061.65,24538.256,-0.009700000000000042,北京,全国地产,19930524,
600657.SH,信达地产,20190523,4.0413,3.9538,4.0413,3.9344,4.0413,-2.1651,115064.95,47054.847,-0.08749999999999947,北京,全国地产,19930524,
600657.SH,信达地产,20190522,4.119,4.0413,4.1384,4.0218,4.1384,-2.3463,109434.95,45847.987,-0.09710000000000019,北京,全国地产,19930524,
600657.SH,信达地产,20190521,4.051,4.1384,4.1773,4.0315,4.0607,1.9135,142566.86,60422.957,0.0777000000000001,北京,全国地产,19930524,
600657.SH,信达地产,20190520,4.0898,4.0607,4.0995,3.9635,4.0898,-0.7115,123962.77,51264.321,-0.02910000000000057,北京,全国地产,19930524,
600657.SH,信达地产,20190517,4.2453,4.0898,4.2453,4.0704,4.2258,-3.2183,136816.6,58136.856,-0.13599999999999923,北京,全国地产,19930524,
600657.SH,信达地产,20190516,4.1384,4.2258,4.2258,4.1287,4.1384,2.1119,108251.86,46540.914,0.0873999999999997,北京,全国地产,19930524,
600657.SH,信达地产,20190515,4.0995,4.1384,4.1578,4.0898,4.0801,1.4289,93498.14,39723.337,0.05830000000000002,北京,全国地产,19930524,
600657.SH,信达地产,20190514,4.1093,4.0801,4.1384,4.0413,4.1287,-1.1771,128259.28,53989.421,-0.04860000000000042,北京,全国地产,19930524,
600657.SH,信达地产,20190513,4.1773,4.1287,4.1967,4.1093,4.255,-2.9683,142694.05,60921.58,-0.12629999999999963,北京,全国地产,19930524,
600657.SH,信达地产,20190510,4.1481,4.255,4.255,4.0995,4.1384,2.8175,162734.7,70328.094,0.11660000000000004,北京,全国地产,19930524,
600657.SH,信达地产,20190509,4.1384,4.1384,4.1967,4.0898,4.1675,-0.6983,139875.93,59658.741,-0.02910000000000057,北京,全国地产,19930524,
600657.SH,信达地产,20190508,4.1773,4.1675,4.2453,4.119,4.255,-2.0564,155253.57,66889.518,-0.08749999999999947,北京,全国地产,19930524,
600657.SH,信达地产,20190507,4.2744,4.255,4.2841,4.1675,4.2161,0.9227,143767.2,62592.478,0.038899999999999935,北京,全国地产,19930524,
600657.SH,信达地产,20190506,4.4881,4.2161,4.4881,4.119,4.5756,-7.8569,244593.13,108417.864,-0.3594999999999997,北京,全国地产,19930524,
600657.SH,信达地产,20190430,4.6338,4.5756,4.6824,4.527,4.6338,-1.256,154088.53,73065.555,-0.05820000000000025,北京,全国地产,19930524,
600657.SH,信达地产,20190429,4.8767,4.6338,4.8767,4.5658,4.8961,-5.3573,203839.11,98157.626,-0.26229999999999976,北京,全国地产,19930524,
600657.SH,信达地产,20190426,4.8573,4.8961,4.9447,4.8184,4.8573,0.7988,125601.61,63118.79,0.03879999999999928,北京,全国地产,19930524,
600657.SH,信达地产,20190425,5.0516,4.8573,5.1196,4.8476,5.0516,-3.8463,116020.28,59609.102,-0.19429999999999925,北京,全国地产,19930524,
600657.SH,信达地产,20190424,5.0904,5.0516,5.0904,4.9544,5.0321,0.3875,93824.85,48514.554,0.01949999999999985,北京,全国地产,19930524,
600657.SH,信达地产,20190423,5.0904,5.0321,5.139,5.003,5.1001,-1.3333,99096.84,51665.382,-0.0680000000000005,北京,全国地产,19930524,
600657.SH,信达地产,20190422,5.3041,5.1001,5.3139,5.071,5.2944,-3.6699,174883.39,92595.249,-0.19430000000000014,北京,全国地产,19930524,
600657.SH,信达地产,20190419,5.3041,5.2944,5.3527,5.1584,5.3041,-0.1829,117871.3,63716.418,-0.009699999999999598,北京,全国地产,19930524,
600657.SH,信达地产,20190418,5.3916,5.3041,5.4401,5.2847,5.4013,-1.7996,92234.75,50753.344,-0.09719999999999995,北京,全国地产,19930524,
600657.SH,信达地产,20190417,5.4304,5.4013,5.5082,5.3819,5.4401,-0.7132,104475.97,58348.521,-0.03880000000000017,北京,全国地产,19930524,
600657.SH,信达地产,20190416,5.3819,5.4401,5.4693,5.1973,5.4207,0.3579,168751.05,92590.009,0.019400000000000084,北京,全国地产,19930524,
600657.SH,信达地产,20190415,5.547,5.4207,5.5859,5.3721,5.4887,-1.2389,150258.4,84826.861,-0.06799999999999962,北京,全国地产,19930524,
600657.SH,信达地产,20190412,5.4596,5.4887,5.547,5.4207,5.4499,0.7119,109061.62,61540.37,0.03879999999999928,北京,全国地产,19930524,
600657.SH,信达地产,20190411,5.5956,5.4499,5.6247,5.411,5.5762,-2.265,105617.91,59772.308,-0.12629999999999963,北京,全国地产,19930524,
600657.SH,信达地产,20190410,5.5956,5.5762,5.615,5.4693,5.5956,-0.3467,150021.09,85586.411,-0.019400000000000084,北京,全国地产,19930524,
600657.SH,信达地产,20190409,5.5276,5.5956,5.683,5.5082,5.4984,1.7678,188024.28,108550.344,0.09719999999999995,北京,全国地产,19930524,
600657.SH,信达地产,20190408,5.6539,5.4984,5.7219,5.411,5.6636,-2.9169,225420.31,128877.411,-0.16519999999999957,北京,全国地产,19930524,
600657.SH,信达地产,20190404,5.7024,5.6636,5.7316,5.5567,5.6247,0.6916,170150.03,98872.896,0.038899999999999935,北京,全国地产,19930524,
600657.SH,信达地产,20190403,5.4887,5.6247,5.6344,5.4499,5.4887,2.4778,173453.32,99459.177,0.13600000000000012,北京,全国地产,19930524,
600657.SH,信达地产,20190402,5.5859,5.4887,5.6636,5.479,5.5664,-1.3959,205491.62,117485.178,-0.0777000000000001,北京,全国地产,19930524,
600657.SH,信达地产,20190401,5.5276,5.5664,5.7122,5.411,5.4304,2.5044,350501.55,200925.88,0.13600000000000012,北京,全国地产,19930524,
600657.SH,信达地产,20190329,5.0419,5.4304,5.5082,5.0321,5.0127,8.3328,324171.62,177311.162,0.41769999999999996,北京,全国地产,19930524,
600657.SH,信达地产,20190328,5.139,5.0127,5.1681,5.003,5.139,-2.4577,112766.62,58936.706,-0.12630000000000052,北京,全国地产,19930524,
600657.SH,信达地产,20190327,5.1196,5.139,5.1681,4.9933,5.0807,1.1475,108377.62,56907.107,0.05830000000000002,北京,全国地产,19930524,
600657.SH,信达地产,20190326,5.1293,5.0807,5.2167,5.0419,5.0904,-0.1906,146862.31,77693.919,-0.009699999999999598,北京,全国地产,19930524,
600657.SH,信达地产,20190325,5.1293,5.0904,5.275,5.0807,5.2167,-2.4211,138584.85,73956.278,-0.12630000000000052,北京,全国地产,19930524,
600657.SH,信达地产,20190322,5.1001,5.2167,5.2167,5.0613,5.1001,2.2862,132453.69,70184.734,0.11660000000000004,北京,全国地产,19930524,
600657.SH,信达地产,20190321,5.1099,5.1001,5.1487,5.0419,5.1099,-0.1918,115555.23,60779.428,-0.009799999999999365,北京,全国地产,19930524,
600657.SH,信达地产,20190320,5.0321,5.1099,5.1293,4.9544,5.0321,1.5461,131744.54,68477.348,0.07779999999999987,北京,全国地产,19930524,
600657.SH,信达地产,20190319,5.1001,5.0321,5.1779,5.003,5.1001,-1.3333,105785.13,55417.898,-0.0680000000000005,北京,全国地产,19930524,
600657.SH,信达地产,20190318,4.9836,5.1001,5.1001,4.9544,4.9641,2.7397,157122.44,81367.744,0.13600000000000012,北京,全国地产,19930524,
600657.SH,信达地产,20190315,4.7893,4.9641,5.0127,4.7893,4.799,3.4403,122749.55,62323.428,0.1650999999999998,北京,全国地产,19930524,
600657.SH,信达地产,20190314,4.9156,4.799,5.003,4.7213,4.9156,-2.372,141830.25,70920.561,-0.11660000000000004,北京,全国地产,19930524,
600657.SH,信达地产,20190313,4.8864,4.9156,4.9933,4.867,4.9058,0.1998,144688.92,73375.995,0.009800000000000253,北京,全国地产,19930524,
600657.SH,信达地产,20190312,4.9447,4.9058,5.0321,4.867,4.9253,-0.3959,125370.56,63866.493,-0.01949999999999985,北京,全国地产,19930524,
600657.SH,信达地产,20190311,4.731,4.9253,4.9447,4.663,4.7213,4.3208,114483.36,57129.439,0.20399999999999974,北京,全国地产,19930524,
600657.SH,信达地产,20190308,5.0127,4.7213,5.0224,4.6921,5.0419,-6.3587,208191.61,103987.355,-0.3205999999999998,北京,全国地产,19930524,
600657.SH,信达地产,20190307,4.9544,5.0419,5.0904,4.9544,4.9641,1.5673,129257.34,66844.764,0.07779999999999987,北京,全国地产,19930524,
600657.SH,信达地产,20190306,4.8961,4.9641,4.9641,4.8573,4.8767,1.7922,127870.12,64670.324,0.08740000000000059,北京,全国地产,19930524,
600657.SH,信达地产,20190305,4.8184,4.8767,4.8961,4.7796,4.8184,1.2099,107073.99,53406.128,0.05830000000000002,北京,全国地产,19930524,
600657.SH,信达地产,20190304,4.7698,4.8184,4.9156,4.7504,4.7407,1.639,150618.04,74928.206,0.07769999999999921,北京,全国地产,19930524,
600657.SH,信达地产,20190301,4.663,4.7407,4.7504,4.6436,4.6436,2.0911,119290.64,57771.86,0.09710000000000019,北京,全国地产,19930524,
600657.SH,信达地产,20190228,4.663,4.6436,4.7407,4.6241,4.6824,-0.8286,92923.4,44778.982,-0.03880000000000017,北京,全国地产,19930524,
600657.SH,信达地产,20190227,4.6338,4.6824,4.7504,4.6241,4.6533,0.6254,111852.66,53945.003,0.02910000000000057,北京,全国地产,19930524,
600657.SH,信达地产,20190226,4.7018,4.6533,4.7407,4.6241,4.7018,-1.0315,153437.23,73909.795,-0.048500000000000654,北京,全国地产,19930524,
600657.SH,信达地产,20190225,4.4201,4.7018,4.7116,4.4104,4.4201,6.3732,165184.42,77871.152,0.2817000000000007,北京,全国地产,19930524,
600657.SH,信达地产,20190222,4.3715,4.4201,4.4298,4.3424,4.391,0.6627,61719.52,27875.812,0.02909999999999968,北京,全国地产,19930524,
600657.SH,信达地产,20190221,4.4396,4.391,4.4784,4.3521,4.4396,-1.0947,86823.36,39424.157,-0.04860000000000042,北京,全国地产,19930524,
600657.SH,信达地产,20190220,4.459,4.4396,4.459,4.3813,4.3813,1.3307,77448.09,35261.06,0.05830000000000002,北京,全国地产,19930524,
600657.SH,信达地产,20190219,4.4493,4.3813,4.4687,4.3035,4.4493,-1.5283,96986.03,43969.687,-0.06799999999999962,北京,全国地产,19930524,
600657.SH,信达地产,20190218,4.3035,4.4493,4.4687,4.2938,4.2841,3.8561,124548.74,56218.053,0.16520000000000046,北京,全国地产,19930524,
600657.SH,信达地产,20190215,4.3035,4.2841,4.3618,4.2744,4.3133,-0.677,65738.01,29246.098,-0.029200000000000337,北京,全国地产,19930524,
600657.SH,信达地产,20190214,4.3133,4.3133,4.3715,4.2744,4.3133,0.0,68912.88,30699.797,0.0,北京,全国地产,19930524,
600657.SH,信达地产,20190213,4.2258,4.3133,4.3327,4.1967,4.255,1.3702,106920.54,47015.287,0.05830000000000002,北京,全国地产,19930524,
600657.SH,信达地产,20190212,4.2355,4.255,4.255,4.1675,4.2258,0.691,82809.94,35961.86,0.029200000000000337,北京,全国地产,19930524,
600657.SH,信达地产,20190211,4.1287,4.2258,4.255,4.1093,4.1287,2.3518,77942.86,33542.68,0.0970999999999993,北京,全国地产,19930524,
600657.SH,信达地产,20190201,4.0995,4.1287,4.1384,4.0413,4.0801,1.1911,73559.09,30990.728,0.04860000000000042,北京,全国地产,19930524,
600657.SH,信达地产,20190131,4.0898,4.0801,4.1481,4.0218,4.0995,-0.4732,81798.13,34452.442,-0.019400000000000084,北京,全国地产,19930524,
600657.SH,信达地产,20190130,4.2064,4.0995,4.2161,4.0607,4.2064,-2.5414,117044.57,49789.035,-0.10690000000000044,北京,全国地产,19930524,
600657.SH,信达地产,20190129,4.1578,4.2064,4.3715,4.1093,4.0898,2.851,133507.65,57768.605,0.11660000000000004,北京,全国地产,19930524,
600657.SH,信达地产,20190128,4.1481,4.0898,4.2064,4.0607,4.1481,-1.4055,63562.55,26996.458,-0.05830000000000002,北京,全国地产,19930524,
600657.SH,信达地产,20190125,4.1578,4.1481,4.2258,4.1384,4.1481,0.0,55565.27,23918.916,0.0,北京,全国地产,19930524,
600657.SH,信达地产,20190124,4.2161,4.1481,4.255,4.0898,4.255,-2.5123,77799.0,33230.898,-0.10689999999999955,北京,全国地产,19930524,
600657.SH,信达地产,20190123,4.1578,4.255,4.2647,4.1578,4.1481,2.5771,70995.85,30834.472,0.10689999999999955,北京,全国地产,19930524,
600657.SH,信达地产,20190122,4.2744,4.1481,4.2744,4.1093,4.2258,-1.8387,58885.62,25417.055,-0.07769999999999921,北京,全国地产,19930524,
600657.SH,信达地产,20190121,4.255,4.2258,4.2841,4.2064,4.2064,0.4612,74210.2,32463.783,0.019399999999999196,北京,全国地产,19930524,
600657.SH,信达地产,20190118,4.1578,4.2064,4.2453,4.1287,4.1093,2.3629,107395.1,46503.999,0.09710000000000019,北京,全国地产,19930524,
600657.SH,信达地产,20190117,4.187,4.1093,4.1967,4.0898,4.1675,-1.3965,46042.07,19601.792,-0.05820000000000025,北京,全国地产,19930524,
600657.SH,信达地产,20190116,4.1481,4.1675,4.187,4.1287,4.1675,0.0,46062.11,19723.294,0.0,北京,全国地产,19930524,
600657.SH,信达地产,20190115,4.187,4.1675,4.187,4.0607,4.1675,0.0,72916.8,30973.581,0.0,北京,全国地产,19930524,
600657.SH,信达地产,20190114,4.1578,4.1675,4.1967,4.1093,4.119,1.1775,70194.65,30052.312,0.048500000000000654,北京,全国地产,19930524,
600657.SH,信达地产,20190111,4.051,4.119,4.1578,4.0121,4.051,1.6786,75895.72,31997.555,0.06799999999999962,北京,全国地产,19930524,
600657.SH,信达地产,20190110,4.051,4.051,4.0801,4.0121,4.0121,0.9696,66486.93,27748.667,0.038899999999999935,北京,全国地产,19930524,
600657.SH,信达地产,20190109,4.0121,4.0121,4.119,4.0024,4.0315,-0.4812,78781.93,32975.749,-0.019400000000000084,北京,全国地产,19930524,
600657.SH,信达地产,20190108,3.9538,4.0315,4.0607,3.915,3.9538,1.9652,86968.25,35835.705,0.0777000000000001,北京,全国地产,19930524,
600657.SH,信达地产,20190107,3.915,3.9538,3.9927,3.8858,3.8955,1.4966,97125.55,39508.187,0.05830000000000002,北京,全国地产,19930524,
600657.SH,信达地产,20190104,3.7887,3.8955,3.915,3.7498,3.8372,1.5193,96159.98,37947.111,0.05830000000000002,北京,全国地产,19930524,
600657.SH,信达地产,20190103,3.7012,3.8372,3.8955,3.6721,3.7012,3.6745,110127.27,43296.834,0.13600000000000012,北京,全国地产,19930524,
600657.SH,信达地产,20190102,3.8178,3.7012,3.8372,3.6721,3.8178,-3.0541,70565.01,27092.074,-0.11660000000000004,北京,全国地产,19930524,
600657.SH,信达地产,20181228,3.711,3.8178,3.8178,3.711,3.6915,3.4214,84182.26,32697.333,0.12630000000000008,北京,全国地产,19930524,
600657.SH,信达地产,20181227,3.847,3.6915,3.8664,3.6818,3.7887,-2.5655,106054.06,41261.272,-0.09719999999999995,北京,全国地产,19930524,
600657.SH,信达地产,20181226,3.8567,3.7887,3.8761,3.7887,3.8372,-1.2639,49486.7,19513.009,-0.04850000000000021,北京,全国地产,19930524,
600657.SH,信达地产,20181225,3.9052,3.8372,3.983,3.7984,3.983,-3.6606,74641.75,29651.317,-0.14579999999999993,北京,全国地产,19930524,
600657.SH,信达地产,20181224,3.9052,3.983,4.0121,3.8955,3.9344,1.2353,66168.69,26970.434,0.04859999999999998,北京,全国地产,19930524,
600657.SH,信达地产,20181221,3.9927,3.9344,4.0218,3.8858,3.9733,-0.979,84812.35,34406.858,-0.038899999999999935,北京,全国地产,19930524,
600657.SH,信达地产,20181220,4.051,3.9733,4.0995,3.9441,4.0607,-2.1523,105980.33,43805.348,-0.0873999999999997,北京,全国地产,19930524,
600657.SH,信达地产,20181219,4.0024,4.0607,4.1675,4.0024,3.9538,2.7037,113320.56,47763.571,0.10689999999999955,北京,全国地产,19930524,
600657.SH,信达地产,20181218,4.1093,3.9538,4.119,3.9538,4.0607,-2.6326,104661.47,43362.034,-0.10689999999999955,北京,全国地产,19930524,
600657.SH,信达地产,20181217,4.1675,4.0607,4.1773,4.0413,4.1384,-1.8775,88802.01,37498.957,-0.0777000000000001,北京,全国地产,19930524,
600657.SH,信达地产,20181214,4.2258,4.1384,4.3133,4.1384,4.2647,-2.9615,95117.41,41177.87,-0.12630000000000052,北京,全国地产,19930524,
600657.SH,信达地产,20181213,4.1287,4.2647,4.2841,4.0898,4.0704,4.7735,165143.0,71882.061,0.19430000000000014,北京,全国地产,19930524,
600657.SH,信达地产,20181212,4.0801,4.0704,4.1481,4.0413,4.051,0.4789,64945.75,27438.916,0.019400000000000084,北京,全国地产,19930524,
600657.SH,信达地产,20181211,3.9733,4.051,4.0704,3.9635,3.9733,1.9556,53028.43,21976.993,0.0777000000000001,北京,全国地产,19930524,
600657.SH,信达地产,20181210,4.0024,3.9733,4.0315,3.9052,4.0121,-0.9671,108064.72,44222.979,-0.03880000000000017,北京,全国地产,19930524,
600657.SH,信达地产,20181207,4.0801,4.0121,4.0801,4.0024,4.1093,-2.3654,73083.95,30321.593,-0.09719999999999995,北京,全国地产,19930524,
600657.SH,信达地产,20181206,4.0801,4.1093,4.1287,4.051,4.0607,1.1968,102820.88,43405.08,0.04860000000000042,北京,全国地产,19930524,
600657.SH,信达地产,20181205,4.0704,4.0607,4.1287,4.0413,4.1287,-1.647,71290.09,29953.711,-0.0680000000000005,北京,全国地产,19930524,
600657.SH,信达地产,20181204,4.0413,4.1287,4.1481,4.0413,4.0607,1.6746,89143.69,37659.81,0.0680000000000005,北京,全国地产,19930524,
600657.SH,信达地产,20181203,4.0315,4.0607,4.1384,4.0121,3.9927,1.7031,108104.79,45347.73,0.06799999999999962,北京,全国地产,19930524,
600657.SH,信达地产,20181130,3.9344,3.9927,3.9927,3.9052,3.9247,1.7326,58041.8,23649.041,0.06800000000000006,北京,全国地产,19930524,
600657.SH,信达地产,20181129,4.0315,3.9247,4.0704,3.915,4.0315,-2.6491,116308.27,47939.844,-0.10680000000000023,北京,全国地产,19930524,
600657.SH,信达地产,20181128,3.9247,4.0315,4.0801,3.8567,3.9247,2.7212,94136.15,38551.271,0.10680000000000023,北京,全国地产,19930524,
600657.SH,信达地产,20181127,3.983,3.9247,3.983,3.8858,3.9344,-0.2465,62231.96,25207.412,-0.009700000000000042,北京,全国地产,19930524,
600657.SH,信达地产,20181126,3.9052,3.9344,3.9733,3.8955,3.8858,1.2507,79974.56,32443.305,0.04859999999999998,北京,全国地产,19930524,
600657.SH,信达地产,20181123,4.0218,3.8858,4.0607,3.8567,4.0218,-3.3816,124246.86,50543.412,-0.13599999999999968,北京,全国地产,19930524,
600657.SH,信达地产,20181122,4.1675,4.0218,4.1773,3.9927,4.1384,-2.8175,101203.74,42264.241,-0.11660000000000004,北京,全国地产,19930524,
600657.SH,信达地产,20181121,3.9344,4.1384,4.1481,3.9344,3.983,3.9016,194361.88,81424.41,0.15539999999999976,北京,全国地产,19930524,
600657.SH,信达地产,20181120,4.187,3.983,4.2355,3.983,4.2064,-5.311,129389.95,54381.664,-0.22340000000000027,北京,全国地产,19930524,
600657.SH,信达地产,20181119,4.1287,4.2064,4.2161,4.1093,4.1093,2.3629,97369.34,41740.105,0.09710000000000019,北京,全国地产,19930524,
600657.SH,信达地产,20181116,4.051,4.1093,4.1481,4.0218,4.0704,0.9557,93409.73,39351.055,0.038899999999999935,北京,全国地产,19930524,
600657.SH,信达地产,20181115,4.0218,4.0704,4.0801,4.0121,4.0121,1.4531,82285.44,34275.58,0.05830000000000002,北京,全国地产,19930524,
600657.SH,信达地产,20181114,4.0413,4.0121,4.1287,4.0024,4.0315,-0.4812,99615.86,41539.213,-0.019400000000000084,北京,全国地产,19930524,
600657.SH,信达地产,20181113,3.9441,4.0315,4.051,3.9441,4.0121,0.4835,107983.54,44451.641,0.019400000000000084,北京,全国地产,19930524,
600657.SH,信达地产,20181112,3.983,4.0121,4.0607,3.915,3.9344,1.9749,117197.46,48205.938,0.0777000000000001,北京,全国地产,19930524,
600657.SH,信达地产,20181109,3.8275,3.9344,4.0121,3.8178,3.8081,3.3166,158063.84,63791.463,0.12630000000000008,北京,全国地产,19930524,
600657.SH,信达地产,20181108,3.8664,3.8081,3.8761,3.8081,3.8178,-0.2541,76648.26,30287.617,-0.009700000000000042,北京,全国地产,19930524,
600657.SH,信达地产,20181107,3.8372,3.8178,3.8567,3.779,3.847,-0.759,75661.48,29783.177,-0.029199999999999893,北京,全国地产,19930524,
600657.SH,信达地产,20181106,3.7692,3.847,3.8567,3.7401,3.7595,2.3274,115933.28,45304.173,0.08749999999999991,北京,全国地产,19930524,
600657.SH,信达地产,20181105,3.7207,3.7595,3.8081,3.6818,3.7304,0.7801,112893.79,43499.859,0.029100000000000126,北京,全国地产,19930524,
600657.SH,信达地产,20181102,3.7304,3.7304,3.779,3.6915,3.6721,1.5876,136122.04,52178.797,0.05830000000000002,北京,全国地产,19930524,
600657.SH,信达地产,20181101,3.6527,3.6721,3.7498,3.6332,3.6527,0.5311,158629.27,60543.334,0.019400000000000084,北京,全国地产,19930524,
600657.SH,信达地产,20181031,3.575,3.6527,3.6721,3.5361,3.5652,2.4543,133177.21,49571.991,0.08749999999999991,北京,全国地产,19930524,
600657.SH,信达地产,20181030,3.4875,3.5652,3.6138,3.4195,3.4681,2.7998,172684.15,62984.637,0.09709999999999974,北京,全国地产,19930524,
600657.SH,信达地产,20181029,3.507,3.4681,3.5555,3.439,3.4681,0.0,153796.81,55225.481,0.0,北京,全国地产,19930524,
600657.SH,信达地产,20181026,3.3321,3.4681,3.6235,3.3127,3.3418,3.7794,187005.21,66921.114,0.12630000000000008,北京,全国地产,19930524,
600657.SH,信达地产,20181025,3.1572,3.3418,3.3418,3.1184,3.2155,3.9278,114706.35,38631.172,0.12630000000000008,北京,全国地产,19930524,
600657.SH,信达地产,20181024,3.1669,3.2155,3.2738,3.1669,3.1767,1.2214,67331.62,22361.872,0.03880000000000017,北京,全国地产,19930524,
600657.SH,信达地产,20181023,3.2252,3.1767,3.2447,3.1669,3.2252,-1.5038,64108.75,21115.929,-0.04850000000000021,北京,全国地产,19930524,
600657.SH,信达地产,20181022,3.0989,3.2252,3.2738,3.0892,3.0892,4.4024,99743.12,32827.295,0.13600000000000012,北京,全国地产,19930524,
600657.SH,信达地产,20181019,2.9921,3.0892,3.0892,2.9629,3.0212,2.2508,63878.56,19918.71,0.06800000000000006,北京,全国地产,19930524,
600657.SH,信达地产,20181018,3.0795,3.0212,3.0795,3.0018,3.0698,-1.5832,60816.98,18966.65,-0.04859999999999998,北京,全国地产,19930524,
600657.SH,信达地产,20181017,3.0601,3.0698,3.0795,3.0212,3.0212,1.6086,47353.95,14909.199,0.04859999999999998,北京,全国地产,19930524,
600657.SH,信达地产,20181016,3.0989,3.0212,3.1281,3.0115,3.1087,-2.8147,82141.49,25985.074,-0.08749999999999991,北京,全国地产,19930524,
600657.SH,信达地产,20181015,3.1669,3.1087,3.1864,3.0989,3.1669,-1.8378,69794.88,22551.147,-0.05820000000000025,北京,全国地产,19930524,
600657.SH,信达地产,20181012,3.2058,3.1669,3.2155,3.0504,3.2155,-1.5114,102118.14,33044.703,-0.04859999999999998,北京,全国地产,19930524,
600657.SH,信达地产,20181011,3.4584,3.2155,3.4681,3.1961,3.5555,-9.5626,118537.01,40557.812,-0.33999999999999986,北京,全国地产,19930524,
600657.SH,信达地产,20181010,3.5652,3.5555,3.5847,3.5264,3.575,-0.5455,51118.97,18703.021,-0.019500000000000295,北京,全国地产,19930524,
600657.SH,信达地产,20181009,3.5847,3.575,3.6041,3.5458,3.575,0.0,45743.82,16836.236,0.0,北京,全国地产,19930524,
600657.SH,信达地产,20181008,3.6624,3.575,3.6624,3.5652,3.6915,-3.1559,59154.0,21960.81,-0.11649999999999983,北京,全国地产,19930524,
600657.SH,信达地产,20180928,3.6527,3.6915,3.7012,3.6527,3.6527,1.0622,47493.23,17986.279,0.03880000000000017,北京,全国地产,19930524,
600657.SH,信达地产,20180927,3.711,3.6527,3.711,3.643,3.711,-1.571,63591.85,24034.278,-0.05830000000000002,北京,全国地产,19930524,
600657.SH,信达地产,20180926,3.7207,3.711,3.7498,3.7012,3.7207,-0.2607,53179.96,20375.364,-0.009700000000000042,北京,全国地产,19930524,
600657.SH,信达地产,20180925,3.7012,3.7207,3.7401,3.6915,3.7887,-1.7948,71794.07,27439.555,-0.06800000000000006,北京,全国地产,19930524,
600657.SH,信达地产,20180921,3.7207,3.7887,3.8081,3.6915,3.7207,1.8276,96147.22,37219.637,0.06800000000000006,北京,全国地产,19930524,
600657.SH,信达地产,20180920,3.6818,3.7207,3.7304,3.6721,3.7012,0.5269,73124.1,27861.095,0.01949999999999985,北京,全国地产,19930524,
600657.SH,信达地产,20180919,3.5847,3.7012,3.7692,3.575,3.5944,2.9713,114636.39,43621.314,0.10680000000000023,北京,全国地产,19930524,
600657.SH,信达地产,20180918,3.5264,3.5944,3.6138,3.5264,3.5458,1.3706,53270.13,19510.602,0.04859999999999998,北京,全国地产,19930524,
600657.SH,信达地产,20180917,3.6235,3.5458,3.6332,3.5264,3.6332,-2.4056,65961.13,24166.871,-0.08740000000000014,北京,全国地产,19930524,
600657.SH,信达地产,20180914,3.6527,3.6332,3.6624,3.6235,3.6624,-0.7973,45649.66,17117.447,-0.029199999999999893,北京,全国地产,19930524,
600657.SH,信达地产,20180913,3.6527,3.6624,3.6624,3.6235,3.6332,0.8037,31063.73,11654.713,0.029199999999999893,北京,全国地产,19930524,
600657.SH,信达地产,20180912,3.6332,3.6332,3.6527,3.6138,3.6235,0.2677,41936.53,15681.689,0.009700000000000042,北京,全国地产,19930524,
600657.SH,信达地产,20180911,3.6818,3.6235,3.6818,3.6138,3.6915,-1.8421,48944.81,18357.709,-0.06800000000000006,北京,全国地产,19930524,
600657.SH,信达地产,20180910,3.7012,3.6915,3.711,3.6527,3.6915,0.0,38335.71,14544.737,0.0,北京,全国地产,19930524,
600657.SH,信达地产,20180907,3.7012,3.6915,3.7498,3.6624,3.7012,-0.2621,44934.83,17157.183,-0.009700000000000042,北京,全国地产,19930524,
600657.SH,信达地产,20180906,3.7304,3.7012,3.779,3.6915,3.7401,-1.0401,47154.11,18085.837,-0.038899999999999935,北京,全国地产,19930524,
600657.SH,信达地产,20180905,3.7595,3.7401,3.8275,3.7401,3.7595,-0.516,67560.09,26288.256,-0.019400000000000084,北京,全国地产,19930524,
600657.SH,信达地产,20180904,3.6915,3.7595,3.7887,3.6915,3.711,1.3069,57286.83,22085.193,0.04850000000000021,北京,全国地产,19930524,
600657.SH,信达地产,20180903,3.6624,3.711,3.711,3.6527,3.6527,1.5961,55379.38,20992.106,0.05830000000000002,北京,全国地产,19930524,
600657.SH,信达地产,20180831,3.7012,3.6527,3.7207,3.6235,3.711,-1.571,61607.3,23284.615,-0.05830000000000002,北京,全国地产,19930524,
600657.SH,信达地产,20180830,3.7595,3.711,3.7692,3.7012,3.7984,-2.301,59089.04,22704.376,-0.08740000000000014,北京,全国地产,19930524,
600657.SH,信达地产,20180829,3.7498,3.7984,3.8081,3.7498,3.7595,1.0347,48687.76,18955.406,0.038899999999999935,北京,全国地产,19930524,
600657.SH,信达地产,20180828,3.7595,3.7595,3.7692,3.7401,3.7595,0.0,33317.2,12887.094,0.0,北京,全国地产,19930524,
600657.SH,信达地产,20180827,3.6818,3.7595,3.7692,3.6818,3.6915,1.8421,55123.5,21191.147,0.06800000000000006,北京,全国地产,19930524,
600657.SH,信达地产,20180824,3.6624,3.6915,3.7012,3.643,3.6624,0.7946,40851.1,15445.692,0.029100000000000126,北京,全国地产,19930524,
600657.SH,信达地产,20180823,3.6624,3.6624,3.6915,3.643,3.6624,0.0,33142.26,12508.448,0.0,北京,全国地产,19930524,
600657.SH,信达地产,20180822,3.6721,3.6624,3.6818,3.643,3.6818,-0.5269,32600.36,12304.224,-0.019400000000000084,北京,全国地产,19930524,
600657.SH,信达地产,20180821,3.6527,3.6818,3.7012,3.6332,3.6527,0.7967,44271.91,16735.271,0.029100000000000126,北京,全国地产,19930524,
600657.SH,信达地产,20180820,3.643,3.6527,3.6721,3.575,3.6527,0.0,49657.01,18518.415,0.0,北京,全国地产,19930524,
600657.SH,信达地产,20180817,3.7012,3.6527,3.7207,3.643,3.6915,-1.0511,56289.03,21330.329,-0.03880000000000017,北京,全国地产,19930524,
600657.SH,信达地产,20180816,3.7207,3.6915,3.7401,3.643,3.7401,-1.2994,59225.03,22504.083,-0.04859999999999998,北京,全国地产,19930524,
600657.SH,信达地产,20180815,3.8275,3.7401,3.8275,3.7304,3.8178,-2.0352,54218.0,21051.292,-0.0777000000000001,北京,全国地产,19930524,
600657.SH,信达地产,20180814,3.8275,3.8178,3.847,3.7984,3.8372,-0.5056,47450.02,18645.446,-0.019400000000000084,北京,全国地产,19930524,
600657.SH,信达地产,20180813,3.847,3.8372,3.847,3.779,3.8858,-1.2507,71592.01,28091.994,-0.04859999999999998,北京,全国地产,19930524,
600657.SH,信达地产,20180810,3.8567,3.8858,3.9538,3.8567,3.8761,0.2503,95156.84,38218.627,0.009700000000000042,北京,全国地产,19930524,
600657.SH,信达地产,20180809,3.7984,3.8761,3.8858,3.7887,3.8081,1.7857,72256.39,28632.059,0.06800000000000006,北京,全国地产,19930524,
600657.SH,信达地产,20180808,3.8664,3.8081,3.8664,3.7887,3.847,-1.0112,60105.3,23629.061,-0.038899999999999935,北京,全国地产,19930524,
600657.SH,信达地产,20180807,3.779,3.847,3.8567,3.7304,3.7692,2.0641,59912.48,23467.348,0.07779999999999987,北京,全国地产,19930524,
600657.SH,信达地产,20180806,3.8178,3.7692,3.8275,3.7304,3.8372,-1.7721,69365.7,26993.307,-0.06800000000000006,北京,全国地产,19930524,
600657.SH,信达地产,20180803,3.847,3.8372,3.8761,3.8081,3.8567,-0.5056,60823.07,24027.207,-0.01949999999999985,北京,全国地产,19930524,
600657.SH,信达地产,20180802,4.0024,3.8567,4.0121,3.7984,4.0315,-4.3359,96280.15,38471.279,-0.1748000000000003,北京,全国地产,19930524,
600657.SH,信达地产,20180801,4.1773,4.0315,4.1773,4.0218,4.187,-3.7139,98561.51,41390.435,-0.15549999999999997,北京,全国地产,19930524,
600657.SH,信达地产,20180731,4.1773,4.187,4.2064,4.1481,4.1773,0.2322,44505.46,19148.166,0.009700000000000486,北京,全国地产,19930524,
600657.SH,信达地产,20180730,4.2258,4.1773,4.2453,4.1675,4.2453,-1.6018,42228.78,18287.497,-0.0680000000000005,北京,全国地产,19930524,
600657.SH,信达地产,20180727,4.1773,4.2453,4.255,4.1578,4.1773,1.6278,57848.61,25134.382,0.0680000000000005,北京,全国地产,19930524,
600657.SH,信达地产,20180726,4.1481,4.1773,4.2258,4.1384,4.1481,0.7039,65771.07,28386.299,0.02919999999999945,北京,全国地产,19930524,
600657.SH,信达地产,20180725,4.1384,4.1481,4.1675,4.119,4.1578,-0.2333,50865.0,21699.347,-0.009699999999999598,北京,全国地产,19930524,
600657.SH,信达地产,20180724,4.0607,4.1578,4.1773,4.0413,4.0704,2.1472,83983.05,35838.56,0.0873999999999997,北京,全国地产,19930524,
600657.SH,信达地产,20180723,4.0024,4.0704,4.0801,3.983,4.0218,1.2084,45136.2,18754.782,0.04860000000000042,北京,全国地产,19930524,
600657.SH,信达地产,20180720,3.9441,4.0218,4.0413,3.9052,3.9441,1.97,58671.37,24084.492,0.07769999999999966,北京,全国地产,19930524,
600657.SH,信达地产,20180719,3.9635,3.9441,3.9733,3.9344,3.9635,-0.4895,38277.0,15575.909,-0.01939999999999964,北京,全国地产,19930524,
600657.SH,信达地产,20180718,3.9927,3.9635,3.9927,3.9344,3.983,-0.4896,46484.56,18978.722,-0.019500000000000295,北京,全国地产,19930524,
600657.SH,信达地产,20180717,3.9733,3.983,3.9927,3.9247,3.9635,0.492,44574.69,18156.328,0.019500000000000295,北京,全国地产,19930524,
600657.SH,信达地产,20180716,4.0121,3.9635,4.0121,3.9441,4.0024,-0.9719,34466.28,14062.042,-0.038899999999999935,北京,全国地产,19930524,
600657.SH,信达地产,20180713,4.0121,4.0024,4.051,3.983,3.983,0.4871,38528.12,15884.442,0.01939999999999964,北京,全国地产,19930524,
600657.SH,信达地产,20180712,3.8955,3.983,3.9927,3.8858,3.8955,2.2462,43477.78,17744.798,0.08749999999999991,北京,全国地产,19930524,
600657.SH,信达地产,20180711,3.9441,3.8955,3.9441,3.8664,3.9927,-2.4344,48370.0,19395.39,-0.09719999999999995,北京,全国地产,19930524,
600657.SH,信达地产,20180710,3.9538,3.9927,4.0121,3.9344,3.9538,0.9839,53143.58,21734.924,0.038899999999999935,北京,全国地产,19930524,
600657.SH,信达地产,20180709,3.8955,3.9538,3.9733,3.8761,3.8858,1.75,47507.46,19223.359,0.06800000000000006,北京,全国地产,19930524,
600657.SH,信达地产,20180706,3.9247,3.8858,3.9441,3.8081,3.915,-0.7458,80280.74,32049.145,-0.029199999999999893,北京,全国地产,19930524,
600657.SH,信达地产,20180705,4.0413,3.915,4.0413,3.8858,4.0315,-2.8897,63265.0,25756.993,-0.11650000000000027,北京,全国地产,19930524,
600657.SH,信达地产,20180704,4.0413,4.0315,4.0898,4.0121,4.0413,-0.2425,50726.6,21130.436,-0.009799999999999365,北京,全国地产,19930524,
600657.SH,信达地产,20180703,4.0024,4.0413,4.051,3.9635,3.9927,1.2172,58530.7,24157.489,0.04859999999999953,北京,全国地产,19930524,
600657.SH,信达地产,20180702,4.119,3.9927,4.119,3.9635,4.1287,-3.294,99978.44,41682.502,-0.13600000000000012,北京,全国地产,19930524,
600657.SH,信达地产,20180629,4.0121,4.1287,4.1384,4.0024,4.0024,3.1556,96707.77,40640.879,0.12630000000000052,北京,全国地产,19930524,
600657.SH,信达地产,20180628,4.0704,4.0024,4.0898,3.9927,4.051,-1.1997,70445.14,29339.726,-0.04860000000000042,北京,全国地产,19930524,
600657.SH,信达地产,20180627,4.0898,4.051,4.1093,4.0315,4.1093,-1.4187,116192.81,48697.379,-0.05830000000000002,北京,全国地产,19930524,
600657.SH,信达地产,20180626,4.0898,4.1093,4.1967,4.0218,4.3133,-4.7296,272055.73,114695.838,-0.20399999999999974,北京,全国地产,19930524,
600657.SH,信达地产,20180625,4.595,4.3133,4.595,4.2841,4.1773,3.2557,328615.46,152862.263,0.13600000000000012,北京,全国地产,19930524,
600657.SH,信达地产,20180622,4.0995,4.1773,4.1773,4.0607,4.0995,1.8978,74735.01,31778.779,0.07779999999999987,北京,全国地产,19930524,
600657.SH,信达地产,20180621,4.119,4.0995,4.2355,4.0801,4.1287,-0.7072,104276.4,44635.899,-0.029200000000000337,北京,全国地产,19930524,
600657.SH,信达地产,20180620,4.051,4.1287,4.1481,4.051,4.0704,1.4323,106781.48,45225.778,0.05830000000000002,北京,全国地产,19930524,
600657.SH,信达地产,20180619,4.3133,4.0704,4.323,4.0121,4.3618,-6.6807,112259.8,48348.517,-0.29139999999999944,北京,全国地产,19930524,
600657.SH,信达地产,20180615,4.3035,4.3618,4.4007,4.3035,4.323,0.8975,89098.01,39893.741,0.03879999999999928,北京,全国地产,19930524,
600657.SH,信达地产,20180614,4.2938,4.323,4.3424,4.2938,4.323,0.0,44092.5,19595.082,0.0,北京,全国地产,19930524,
600657.SH,信达地产,20180613,4.3521,4.323,4.391,4.3035,4.3521,-0.6686,67995.93,30458.364,-0.02909999999999968,北京,全国地产,19930524,
600657.SH,信达地产,20180612,4.323,4.3521,4.3715,4.3035,4.3133,0.8995,67237.0,30061.782,0.03880000000000017,北京,全国地产,19930524,
600657.SH,信达地产,20180611,4.3035,4.3133,4.3618,4.2744,4.323,-0.2244,83861.64,37260.418,-0.009700000000000486,北京,全国地产,19930524,
600657.SH,信达地产,20180608,4.4104,4.323,4.4201,4.2647,4.4104,-1.9817,88116.0,39345.201,-0.0873999999999997,北京,全国地产,19930524,
600657.SH,信达地产,20180607,4.4104,4.4104,4.4493,4.391,4.4104,0.0,64382.76,29295.719,0.0,北京,全国地产,19930524,
600657.SH,信达地产,20180606,4.4201,4.4104,4.4396,4.3813,4.4298,-0.4379,65306.79,29650.589,-0.019400000000000084,北京,全国地产,19930524,
600657.SH,信达地产,20180605,4.3813,4.4298,4.4298,4.3618,4.3813,1.107,91452.04,41454.28,0.048499999999999766,北京,全国地产,19930524,
600657.SH,信达地产,20180604,4.391,4.3813,4.4201,4.3521,4.3813,0.0,109721.88,49538.584,0.0,北京,全国地产,19930524,
600657.SH,信达地产,20180601,4.4687,4.3813,4.5076,4.323,4.459,-1.7425,134901.49,61240.642,-0.07769999999999921,北京,全国地产,19930524,
600657.SH,信达地产,20180531,4.5464,4.459,4.595,4.4104,4.7796,-6.7077,213221.12,98419.962,-0.32060000000000066,北京,全国地产,19930524,
600657.SH,信达地产,20180523,4.799,4.7796,4.8087,4.7116,4.799,-0.4043,90134.96,44112.669,-0.019400000000000084,北京,全国地产,19930524,
600657.SH,信达地产,20180522,4.7698,4.799,4.799,4.7504,4.7504,1.0231,61337.72,30144.732,0.04860000000000042,北京,全国地产,19930524,
600657.SH,信达地产,20180521,4.7116,4.7504,4.7893,4.6921,4.6727,1.6629,75726.01,36957.601,0.0777000000000001,北京,全国地产,19930524,
600657.SH,信达地产,20180518,4.6436,4.6727,4.6921,4.6241,4.663,0.208,48307.46,23171.443,0.009699999999999598,北京,全国地产,19930524,
600657.SH,信达地产,20180517,4.7213,4.663,4.7213,4.6338,4.7213,-1.2348,68125.0,32777.972,-0.05830000000000002,北京,全国地产,19930524,
600657.SH,信达地产,20180516,4.7116,4.7213,4.731,4.6921,4.7116,0.2059,54066.62,26207.596,0.009700000000000486,北京,全国地产,19930524,
600657.SH,信达地产,20180515,4.6727,4.7116,4.7213,4.663,4.6436,1.4644,56822.73,27485.305,0.06799999999999962,北京,全国地产,19930524,
600657.SH,信达地产,20180514,4.6824,4.6436,4.7018,4.5658,4.7018,-1.2378,63984.16,30625.93,-0.05820000000000025,北京,全国地产,19930524,
600657.SH,信达地产,20180511,4.7213,4.7018,4.731,4.6824,4.7116,-0.208,58295.49,28223.027,-0.009799999999999365,北京,全国地产,19930524,
600657.SH,信达地产,20180510,4.7018,4.7116,4.731,4.6824,4.6921,0.4156,66013.13,32003.689,0.01949999999999985,北京,全国地产,19930524,
600657.SH,信达地产,20180509,4.6824,4.6921,4.7116,4.6727,4.6824,0.2072,74459.44,35948.842,0.009699999999999598,北京,全国地产,19930524,
600657.SH,信达地产,20180508,4.663,4.6824,4.7116,4.6533,4.663,0.416,61034.33,29413.536,0.019400000000000084,北京,全国地产,19930524,
600657.SH,信达地产,20180507,4.6047,4.663,4.6921,4.595,4.6144,1.0532,92818.96,44455.736,0.04860000000000042,北京,全国地产,19930524,
600657.SH,信达地产,20180504,4.595,4.6144,4.6533,4.5756,4.5853,0.6346,99118.54,46996.951,0.02909999999999968,北京,全国地产,19930524,
600657.SH,信达地产,20180503,4.5758,4.5853,4.5948,4.5095,4.5758,0.2076,132655.58,63603.601,0.009500000000000064,北京,全国地产,19930524,
600657.SH,信达地产,20180502,4.6137,4.5758,4.6232,4.5379,4.6043,-0.619,186944.78,90025.777,-0.028500000000000192,北京,全国地产,19930524,
600657.SH,信达地产,20180427,4.6611,4.6043,4.68,4.5664,4.6516,-1.0169,124107.67,60378.262,-0.0472999999999999,北京,全国地产,19930524,
600657.SH,信达地产,20180426,4.8032,4.6516,4.8316,4.6516,4.8411,-3.9144,131101.25,65464.953,-0.18949999999999978,北京,全国地产,19930524,
600657.SH,信达地产,20180425,4.8127,4.8411,4.8506,4.7937,4.8222,0.3919,82062.57,41778.666,0.01890000000000036,北京,全国地产,19930524,
600657.SH,信达地产,20180424,4.7179,4.8222,4.879,4.699,4.699,2.6218,133990.62,68170.525,0.12319999999999975,北京,全国地产,19930524,
600657.SH,信达地产,20180423,4.7464,4.699,4.7464,4.6706,4.7369,-0.8001,86499.38,43016.019,-0.03790000000000049,北京,全国地产,19930524,
600657.SH,信达地产,20180420,4.8506,4.7369,4.8695,4.7085,4.8695,-2.7231,107960.53,54316.666,-0.13260000000000005,北京,全国地产,19930524,
600657.SH,信达地产,20180419,4.8032,4.8695,4.879,4.7843,4.8032,1.3803,84371.45,43147.386,0.06630000000000003,北京,全国地产,19930524,
600657.SH,信达地产,20180418,4.8032,4.8032,4.8127,4.7274,4.7464,1.1967,101395.97,51157.384,0.05679999999999996,北京,全国地产,19930524,
600657.SH,信达地产,20180417,4.8411,4.7464,4.8506,4.7369,4.8127,-1.3776,93311.0,47189.726,-0.06630000000000003,北京,全国地产,19930524,
600657.SH,信达地产,20180416,4.9169,4.8127,4.9358,4.7843,4.9169,-2.1192,106980.99,54768.091,-0.10419999999999963,北京,全国地产,19930524,
600657.SH,信达地产,20180413,4.9453,4.9169,4.9548,4.8885,4.9358,-0.3829,101180.21,52593.617,-0.01890000000000036,北京,全国地产,19930524,
600657.SH,信达地产,20180412,4.9832,4.9358,5.0022,4.8885,5.0022,-1.3274,102973.14,53658.348,-0.06639999999999979,北京,全国地产,19930524,
600657.SH,信达地产,20180411,4.9832,5.0022,5.0779,4.9453,4.9643,0.7635,129213.12,68225.583,0.03790000000000049,北京,全国地产,19930524,
600657.SH,信达地产,20180410,4.9169,4.9643,4.9832,4.879,4.9169,0.964,128320.57,66804.867,0.047399999999999665,北京,全国地产,19930524,
600657.SH,信达地产,20180409,4.8979,4.9169,4.9453,4.8601,4.9358,-0.3829,84937.31,43959.113,-0.01890000000000036,北京,全国地产,19930524,
600657.SH,信达地产,20180404,4.9832,4.9358,5.0116,4.8979,4.9453,-0.1921,83614.41,43779.783,-0.009499999999999176,北京,全国地产,19930524,
600657.SH,信达地产,20180403,5.0022,4.9453,5.0211,4.9074,5.0685,-2.4307,109677.67,57504.203,-0.12320000000000064,北京,全国地产,19930524,
600657.SH,信达地产,20180402,5.0211,5.0685,5.1253,5.0116,5.0306,0.7534,106060.79,56833.535,0.03790000000000049,北京,全国地产,19930524,
600657.SH,信达地产,20180330,5.0874,5.0306,5.0969,5.0116,5.0779,-0.9315,87054.11,46379.641,-0.0472999999999999,北京,全国地产,19930524,
600657.SH,信达地产,20180329,4.9927,5.0779,5.1348,4.9264,4.9453,2.6813,141425.27,75091.702,0.13260000000000005,北京,全国地产,19930524,
600657.SH,信达地产,20180328,4.9358,4.9453,5.0495,4.9074,4.9169,0.5776,129494.43,68199.223,0.028399999999999537,北京,全国地产,19930524,
600657.SH,信达地产,20180327,4.8222,4.9169,4.9264,4.8222,4.7843,2.7716,79430.78,40944.499,0.13260000000000005,北京,全国地产,19930524,
600657.SH,信达地产,20180326,4.7085,4.7843,4.7937,4.6516,4.7653,0.3987,92225.16,46025.092,0.019000000000000128,北京,全国地产,19930524,
600657.SH,信达地产,20180323,4.9927,4.7653,4.9927,4.6327,5.0874,-6.3313,163690.06,83736.781,-0.32209999999999983,北京,全国地产,19930524,
600657.SH,信达地产,20180322,5.0779,5.0874,5.1253,5.0685,5.1064,-0.3721,58759.96,31606.54,-0.019000000000000128,北京,全国地产,19930524,
600657.SH,信达地产,20180321,5.1348,5.1064,5.1727,5.0779,5.1253,-0.3688,93097.45,50503.582,-0.01890000000000036,北京,全国地产,19930524,
600657.SH,信达地产,20180320,5.1064,5.1253,5.1443,5.0685,5.1348,-0.185,86863.23,46804.104,-0.009500000000000064,北京,全国地产,19930524,
600657.SH,信达地产,20180319,5.2295,5.1348,5.2295,5.1158,5.2295,-1.8109,102929.06,56047.702,-0.09469999999999956,北京,全国地产,19930524,
600657.SH,信达地产,20180316,5.2864,5.2295,5.2864,5.2106,5.2674,-0.7195,80091.25,44412.068,-0.03790000000000049,北京,全国地产,19930524,
600657.SH,信达地产,20180315,5.2958,5.2674,5.3053,5.239,5.3053,-0.7144,74924.38,41687.999,-0.0378999999999996,北京,全国地产,19930524,
600657.SH,信达地产,20180314,5.3053,5.3053,5.3337,5.2579,5.3148,-0.1787,94102.15,52571.427,-0.009500000000000064,北京,全国地产,19930524,
600657.SH,信达地产,20180313,5.3148,5.3148,5.3337,5.2864,5.3337,-0.3544,106749.06,59872.182,-0.01890000000000036,北京,全国地产,19930524,
600657.SH,信达地产,20180312,5.3243,5.3337,5.3337,5.2769,5.3243,0.1765,122683.49,68720.056,0.009400000000000297,北京,全国地产,19930524,
600657.SH,信达地产,20180309,5.3243,5.3243,5.3432,5.2769,5.3243,0.0,95586.85,53616.092,0.0,北京,全国地产,19930524,
600657.SH,信达地产,20180308,5.2295,5.3243,5.3337,5.2295,5.239,1.6282,105848.64,59000.802,0.08530000000000015,北京,全国地产,19930524,
600657.SH,信达地产,20180307,5.3053,5.239,5.3432,5.2201,5.3337,-1.7755,111293.51,62041.038,-0.09470000000000045,北京,全国地产,19930524,
600657.SH,信达地产,20180306,5.2295,5.3337,5.3337,5.1822,5.2106,2.3625,137818.75,76487.614,0.12309999999999999,北京,全国地产,19930524,
600657.SH,信达地产,20180305,5.2769,5.2106,5.3337,5.1822,5.2769,-1.2564,127838.99,70590.591,-0.06630000000000003,北京,全国地产,19930524,
600657.SH,信达地产,20180302,5.3432,5.2769,5.3622,5.2674,5.4001,-2.2814,138591.0,77664.422,-0.12319999999999975,北京,全国地产,19930524,
600657.SH,信达地产,20180301,5.3716,5.4001,5.4285,5.3337,5.4095,-0.1738,147690.18,83834.29,-0.009400000000000297,北京,全国地产,19930524,
600657.SH,信达地产,20180228,5.2864,5.4095,5.4758,5.2674,5.3243,1.6002,142617.65,80998.733,0.08520000000000039,北京,全国地产,19930524,
600657.SH,信达地产,20180227,5.3243,5.3243,5.4474,5.2958,5.3337,-0.1762,125217.36,70838.166,-0.009400000000000297,北京,全国地产,19930524,
600657.SH,信达地产,20180226,5.3337,5.3337,5.3716,5.1916,5.3243,0.1765,155158.04,86512.312,0.009400000000000297,北京,全国地产,19930524,
600657.SH,信达地产,20180223,5.2769,5.3243,5.3716,5.2674,5.2769,0.8983,111686.54,62698.617,0.047399999999999665,北京,全国地产,19930524,
600657.SH,信达地产,20180222,5.2201,5.2769,5.2864,5.1916,5.1727,2.0144,95287.87,52761.466,0.10420000000000051,北京,全国地产,19930524,
600657.SH,信达地产,20180214,5.2295,5.1727,5.239,5.0874,5.2295,-1.0861,139177.9,75730.366,-0.05679999999999996,北京,全国地产,19930524,
600657.SH,信达地产,20180213,5.2674,5.2295,5.3622,5.1822,5.239,-0.1813,154255.0,85977.477,-0.009500000000000064,北京,全国地产,19930524,
600657.SH,信达地产,20180212,5.239,5.239,5.2769,5.1443,5.1916,0.913,125872.7,69478.212,0.047399999999999665,北京,全国地产,19930524,
600657.SH,信达地产,20180209,5.3811,5.1916,5.5137,5.1064,5.5611,-6.6444,217178.31,120803.489,-0.3694999999999995,北京,全国地产,19930524,
600657.SH,信达地产,20180208,5.4569,5.5611,5.618,5.4569,5.4853,1.3819,116685.04,68262.518,0.07580000000000009,北京,全国地产,19930524,
600657.SH,信达地产,20180207,5.6085,5.4853,5.7222,5.3243,5.5327,-0.8567,271843.65,159528.256,-0.04740000000000055,北京,全国地产,19930524,
600657.SH,信达地产,20180206,5.7695,5.5327,5.8832,5.4948,5.9022,-6.2604,263941.78,159050.916,-0.3694999999999995,北京,全国地产,19930524,
600657.SH,信达地产,20180205,5.6937,5.9022,5.9401,5.6653,5.7222,3.1456,205620.71,126550.997,0.17999999999999972,北京,全国地产,19930524,
600657.SH,信达地产,20180202,5.798,5.7222,5.8548,5.5801,5.9116,-3.2039,347826.8,210407.294,-0.1894,北京,全国地产,19930524,
600657.SH,信达地产,20180201,6.2811,5.9116,6.4422,5.8453,6.3569,-7.005,521105.1,340693.289,-0.4453000000000005,北京,全国地产,19930524,
600657.SH,信达地产,20180131,6.1106,6.3569,6.6222,6.0727,6.1011,4.1927,519097.71,346589.881,0.2558000000000007,北京,全国地产,19930524,
600657.SH,信达地产,20180130,6.0916,6.1011,6.2811,6.0632,6.1485,-0.7709,237222.94,154364.725,-0.04740000000000055,北京,全国地产,19930524,
600657.SH,信达地产,20180129,6.3001,6.1485,6.3759,6.0632,6.2811,-2.1111,350923.96,230163.583,-0.13260000000000005,北京,全国地产,19930524,
600657.SH,信达地产,20180126,5.959,6.2811,6.3001,5.9211,5.9306,5.91,431428.58,279710.122,0.35050000000000026,北京,全国地产,19930524,
600657.SH,信达地产,20180125,6.0727,5.9306,6.0916,5.8453,6.0443,-1.8811,193600.18,121308.049,-0.11369999999999969,北京,全国地产,19930524,
600657.SH,信达地产,20180124,6.139,6.0443,6.2243,6.0064,6.1011,-0.931,212647.77,136877.311,-0.05679999999999996,北京,全国地产,19930524,
600657.SH,信达地产,20180123,5.9685,6.1011,6.158,5.9401,5.978,2.0592,268279.02,172179.324,0.12309999999999999,北京,全国地产,19930524,
600657.SH,信达地产,20180122,5.8737,5.978,5.9874,5.8643,5.9401,0.638,123601.14,77499.274,0.0378999999999996,北京,全国地产,19930524,
600657.SH,信达地产,20180119,5.978,5.9401,6.0916,5.8927,5.9874,-0.79,222365.99,140365.703,-0.0472999999999999,北京,全国地产,19930524,
600657.SH,信达地产,20180118,5.8832,5.9874,6.0916,5.8643,5.9211,1.1197,196270.36,124166.82,0.06630000000000003,北京,全国地产,19930524,
600657.SH,信达地产,20180117,6.2148,5.9211,6.2148,5.8358,6.2053,-4.58,359489.24,227768.521,-0.28420000000000023,北京,全国地产,19930524,
600657.SH,信达地产,20180116,5.8453,6.2053,6.2527,5.8453,5.9116,4.9682,433085.53,277202.251,0.2937000000000003,北京,全国地产,19930524,
600657.SH,信达地产,20180115,5.8358,5.9116,6.1011,5.7506,5.9401,-0.4798,350467.25,219844.994,-0.028500000000000192,北京,全国地产,19930524,
600657.SH,信达地产,20180112,5.8548,5.9401,6.2053,5.8358,5.8832,0.9672,362631.19,231341.681,0.05689999999999973,北京,全国地产,19930524,
600657.SH,信达地产,20180111,5.8927,5.8832,5.9306,5.7316,5.8643,0.3223,243974.77,149565.912,0.01890000000000036,北京,全国地产,19930524,
600657.SH,信达地产,20180110,6.0159,5.8643,6.0253,5.8358,5.9874,-2.056,204334.13,127282.0,-0.12309999999999999,北京,全国地产,19930524,
600657.SH,信达地产,20180109,5.8832,5.9874,6.139,5.8548,5.9306,0.9577,245989.78,155601.818,0.05679999999999996,北京,全国地产,19930524,
600657.SH,信达地产,20180108,5.7222,5.9306,6.0916,5.7222,5.7222,3.642,372646.57,233570.354,0.20840000000000014,北京,全国地产,19930524,
600657.SH,信达地产,20180105,5.5043,5.7222,5.8832,5.4948,5.4758,4.4998,333967.28,202056.748,0.2464000000000004,北京,全国地产,19930524,
600657.SH,信达地产,20180104,5.4853,5.4758,5.4948,5.4474,5.4664,0.172,108589.07,62712.304,0.009399999999999409,北京,全国地产,19930524,
600657.SH,信达地产,20180103,5.4095,5.4664,5.5232,5.3906,5.4474,0.3488,149176.54,86076.156,0.019000000000000128,北京,全国地产,19930524,
600657.SH,信达地产,20180102,5.2864,5.4474,5.4758,5.2864,5.2864,3.0456,207560.23,118926.439,0.1609999999999996,北京,全国地产,19930524,
600657.SH,信达地产,20171229,5.2011,5.2864,5.2958,5.1916,5.1916,1.826,131497.48,73004.569,0.09480000000000022,北京,全国地产,19930524,
600657.SH,信达地产,20171228,5.1727,5.1916,5.2295,5.1632,5.1916,0.0,70818.66,38923.758,0.0,北京,全国地产,19930524,
600657.SH,信达地产,20171227,5.1916,5.1916,5.239,5.1727,5.239,-0.9048,60907.55,33500.787,-0.047399999999999665,北京,全国地产,19930524,
600657.SH,信达地产,20171226,5.2011,5.239,5.2485,5.1822,5.2011,0.7287,64063.53,35225.779,0.0378999999999996,北京,全国地产,19930524,
600657.SH,信达地产,20171225,5.1916,5.2011,5.3148,5.1822,5.1916,0.183,100616.8,55732.599,0.009500000000000064,北京,全国地产,19930524,
600657.SH,信达地产,20171222,5.1916,5.1916,5.2295,5.1727,5.1916,0.0,49469.41,27156.756,0.0,北京,全国地产,19930524,
600657.SH,信达地产,20171221,5.1443,5.1916,5.239,5.1064,5.1537,0.7354,86069.61,47020.738,0.03790000000000049,北京,全国地产,19930524,
600657.SH,信达地产,20171220,5.2295,5.1537,5.2485,5.1253,5.2485,-1.8062,76002.97,41666.629,-0.09480000000000022,北京,全国地产,19930524,
600657.SH,信达地产,20171219,5.1632,5.2485,5.2579,5.1537,5.1537,1.8395,87309.63,47989.124,0.09480000000000022,北京,全国地产,19930524,
600657.SH,信达地产,20171218,5.1443,5.1537,5.1727,5.1064,5.1348,0.3681,61921.53,33685.355,0.018899999999999473,北京,全国地产,19930524,
600657.SH,信达地产,20171215,5.2106,5.1348,5.2106,5.1158,5.1916,-1.0941,55602.7,30224.977,-0.05679999999999996,北京,全国地产,19930524,
600657.SH,信达地产,20171214,5.239,5.1916,5.2485,5.1822,5.2485,-1.0841,55813.0,30696.768,-0.05689999999999973,北京,全国地产,19930524,
600657.SH,信达地产,20171213,5.239,5.2485,5.2579,5.1916,5.2485,0.0,81799.75,45165.372,0.0,北京,全国地产,19930524,
600657.SH,信达地产,20171212,5.239,5.2485,5.2958,5.2011,5.2579,-0.1788,134906.62,74877.221,-0.009400000000000297,北京,全国地产,19930524,
600657.SH,信达地产,20171211,5.1916,5.2579,5.2674,5.1822,5.1916,1.2771,163183.01,89902.028,0.06630000000000003,北京,全国地产,19930524,
600657.SH,信达地产,20171208,5.1727,5.1916,5.2201,5.1537,5.1727,0.3654,70926.18,38829.411,0.01890000000000036,北京,全国地产,19930524,
600657.SH,信达地产,20171207,5.1916,5.1727,5.2769,5.1632,5.1916,-0.364,82463.52,45343.151,-0.01890000000000036,北京,全国地产,19930524,
600657.SH,信达地产,20171206,5.1916,5.1916,5.2295,5.1253,5.2295,-0.7247,101747.19,55568.563,-0.0378999999999996,北京,全国地产,19930524,
600657.SH,信达地产,20171205,5.2864,5.2295,5.3053,5.2106,5.3053,-1.4288,108967.55,60562.93,-0.07580000000000009,北京,全国地产,19930524,
600657.SH,信达地产,20171204,5.3432,5.3053,5.3622,5.2769,5.3527,-0.8855,111610.33,62733.469,-0.047399999999999665,北京,全国地产,19930524,
600657.SH,信达地产,20171201,5.3906,5.3527,5.4285,5.3337,5.4001,-0.8778,140718.12,79805.172,-0.04740000000000055,北京,全国地产,19930524,
600657.SH,信达地产,20171130,5.438,5.4001,5.4853,5.3906,5.438,-0.6969,141481.24,80912.687,-0.0378999999999996,北京,全国地产,19930524,
600657.SH,信达地产,20171129,5.3053,5.438,5.4948,5.2769,5.3148,2.3181,215219.9,122421.026,0.12319999999999975,北京,全国地产,19930524,
600657.SH,信达地产,20171128,5.2674,5.3148,5.3243,5.239,5.2674,0.8999,84779.32,47273.033,0.047399999999999665,北京,全国地产,19930524,
600657.SH,信达地产,20171127,5.3053,5.2674,5.3527,5.2579,5.3337,-1.243,93911.74,52546.178,-0.06630000000000003,北京,全国地产,19930524,
600657.SH,信达地产,20171124,5.3148,5.3337,5.3716,5.2769,5.3148,0.3556,87748.75,49244.894,0.01890000000000036,北京,全国地产,19930524,
600657.SH,信达地产,20171123,5.4095,5.3148,5.438,5.239,5.4285,-2.0945,100989.06,57284.24,-0.11369999999999969,北京,全国地产,19930524,
600657.SH,信达地产,20171122,5.4001,5.4285,5.4569,5.3906,5.419,0.1753,116113.17,66478.777,0.009500000000000064,北京,全国地产,19930524,
600657.SH,信达地产,20171121,5.3053,5.419,5.4664,5.2958,5.3053,2.1431,129369.97,73517.161,0.11369999999999969,北京,全国地产,19930524,
600657.SH,信达地产,20171120,5.2864,5.3053,5.3053,5.2011,5.3053,0.0,73262.27,40657.832,0.0,北京,全国地产,19930524,
600657.SH,信达地产,20171117,5.4474,5.3053,5.4569,5.2674,5.4569,-2.7781,122430.72,68936.007,-0.15160000000000018,北京,全国地产,19930524,
600657.SH,信达地产,20171116,5.4095,5.4569,5.5232,5.4095,5.419,0.6994,89741.04,51787.063,0.03790000000000049,北京,全国地产,19930524,
600657.SH,信达地产,20171115,5.3906,5.419,5.4664,5.3622,5.4001,0.35,55655.5,31819.202,0.018899999999999473,北京,全国地产,19930524,
600657.SH,信达地产,20171114,5.4569,5.4001,5.4664,5.3716,5.4664,-1.2129,71126.82,40689.595,-0.06630000000000003,北京,全国地产,19930524,
600657.SH,信达地产,20171113,5.4853,5.4664,5.5043,5.4474,5.4853,-0.3446,74746.28,43147.914,-0.018899999999999473,北京,全国地产,19930524,
600657.SH,信达地产,20171110,5.4948,5.4853,5.5516,5.438,5.5043,-0.3452,79166.6,45820.04,-0.019000000000000128,北京,全国地产,19930524,
600657.SH,信达地产,20171109,5.4853,5.5043,5.5043,5.4569,5.4948,0.1729,71989.95,41671.402,0.009500000000000064,北京,全国地产,19930524,
600657.SH,信达地产,20171108,5.4758,5.4948,5.5137,5.4569,5.4758,0.347,80007.56,46332.829,0.019000000000000128,北京,全国地产,19930524,
600657.SH,信达地产,20171107,5.4569,5.4758,5.4853,5.419,5.4569,0.3464,65068.49,37455.658,0.018899999999999473,北京,全国地产,19930524,
600657.SH,信达地产,20171106,5.5137,5.4569,5.5137,5.3716,5.5043,-0.8611,98281.44,56323.181,-0.047399999999999665,北京,全国地产,19930524,
600657.SH,信达地产,20171103,5.599,5.5043,5.618,5.4569,5.599,-1.6914,96550.42,56289.158,-0.09470000000000045,北京,全国地产,19930524,
600657.SH,信达地产,20171102,5.6748,5.599,5.6937,5.5895,5.7032,-1.827,115571.88,68784.846,-0.10419999999999963,北京,全国地产,19930524,
600657.SH,信达地产,20171101,5.7032,5.7032,5.7885,5.6937,5.7032,0.0,122001.53,73847.884,0.0,北京,全国地产,19930524,
600657.SH,信达地产,20171031,5.6843,5.7032,5.7127,5.6369,5.6843,0.3325,68392.37,41067.504,0.018899999999999473,北京,全国地产,19930524,
600657.SH,信达地产,20171030,5.798,5.6843,5.798,5.6464,5.7885,-1.8001,150890.29,90820.686,-0.10419999999999963,北京,全国地产,19930524,
600657.SH,信达地产,20171027,5.8358,5.7885,5.8643,5.7695,5.8453,-0.9717,77865.75,47797.99,-0.05679999999999996,北京,全国地产,19930524,
600657.SH,信达地产,20171026,5.8358,5.8453,5.8737,5.798,5.8737,-0.4835,92306.43,56859.596,-0.028400000000000425,北京,全国地产,19930524,
600657.SH,信达地产,20171025,5.8264,5.8737,5.978,5.8074,5.8453,0.4859,162584.41,101094.711,0.028400000000000425,北京,全国地产,19930524,
600657.SH,信达地产,20171024,5.7506,5.8453,5.8832,5.7127,5.7411,1.815,152341.52,93605.953,0.10419999999999963,北京,全国地产,19930524,
600657.SH,信达地产,20171023,5.7222,5.7411,5.7601,5.7032,5.7316,0.1657,66805.36,40422.881,0.009500000000000064,北京,全国地产,19930524,
600657.SH,信达地产,20171020,5.6748,5.7316,5.7316,5.6653,5.6937,0.6656,76562.09,46089.991,0.03790000000000049,北京,全国地产,19930524,
600657.SH,信达地产,20171019,5.7127,5.6937,5.7411,5.6464,5.6843,0.1654,97557.99,58734.595,0.009399999999999409,北京,全国地产,19930524,
600657.SH,信达地产,20171018,5.7885,5.6843,5.8169,5.6748,5.8074,-2.1197,108439.74,65698.948,-0.12309999999999999,北京,全国地产,19930524,
600657.SH,信达地产,20171017,5.8264,5.8074,5.8832,5.779,5.8548,-0.8096,70340.85,43274.864,-0.047399999999999665,北京,全国地产,19930524,
600657.SH,信达地产,20171016,5.9495,5.8548,5.978,5.8169,5.959,-1.7486,111149.63,68919.402,-0.10419999999999963,北京,全国地产,19930524,
600657.SH,信达地产,20171013,5.8643,5.959,5.9969,5.8264,5.8927,1.1251,128209.3,79907.451,0.06630000000000003,北京,全国地产,19930524,
600657.SH,信达地产,20171012,6.0159,5.8927,6.0443,5.8358,6.0348,-2.3547,105958.44,66479.589,-0.14210000000000012,北京,全国地产,19930524,
600657.SH,信达地产,20171011,6.0159,6.0348,6.0632,5.9874,6.0253,0.1577,113334.27,72110.549,0.009500000000000064,北京,全国地产,19930524,
600657.SH,信达地产,20171010,5.959,6.0253,6.0443,5.9022,5.9969,0.4736,122336.48,77107.238,0.028399999999999537,北京,全国地产,19930524,
600657.SH,信达地产,20171009,6.0632,5.9969,6.1106,5.959,5.9306,1.1179,202618.89,128925.738,0.06630000000000003,北京,全国地产,19930524,
600657.SH,信达地产,20170929,5.8643,5.9306,5.9969,5.8548,5.8737,0.9687,154863.51,97294.205,0.05689999999999973,北京,全国地产,19930524,
600657.SH,信达地产,20170928,5.9306,5.8737,5.9401,5.798,5.9116,-0.6411,180287.93,112142.649,-0.0378999999999996,北京,全国地产,19930524,
600657.SH,信达地产,20170927,5.7885,5.9116,5.959,5.7695,5.8074,1.7943,215203.36,133335.09,0.10419999999999963,北京,全国地产,19930524,
600657.SH,信达地产,20170926,5.779,5.8074,5.8453,5.7127,5.779,0.4914,207504.14,126611.836,0.028400000000000425,北京,全国地产,19930524,
600657.SH,信达地产,20170925,6.0916,5.779,6.139,5.7222,6.2243,-7.1542,401100.65,250074.725,-0.4453000000000005,北京,全国地产,19930524,
600657.SH,信达地产,20170922,6.319,6.2243,6.4043,6.139,6.3285,-1.6465,332733.87,219235.933,-0.10419999999999963,北京,全国地产,19930524,
600657.SH,信达地产,20170921,6.6127,6.3285,6.6222,6.2811,6.7359,-6.0482,521140.7,354117.803,-0.4074,北京,全国地产,19930524,
600657.SH,信达地产,20170920,6.5748,6.7359,6.7927,6.499,6.499,3.6452,946156.85,662855.56,0.23690000000000033,北京,全国地产,19930524,
600657.SH,信达地产,20170919,5.9401,6.499,6.499,5.9306,5.9116,9.9364,419245.22,283644.656,0.5873999999999997,北京,全国地产,19930524,
600657.SH,信达地产,20170918,5.8927,5.9116,6.0537,5.8737,5.8832,0.4827,172967.63,108401.311,0.028399999999999537,北京,全国地产,19930524,
600657.SH,信达地产,20170915,5.8074,5.8832,6.0443,5.779,5.8074,1.3052,344498.02,215967.153,0.07580000000000009,北京,全国地产,19930524,
600657.SH,信达地产,20170914,5.6558,5.8074,5.8358,5.6558,5.6558,2.6804,273679.24,166432.777,0.15160000000000018,北京,全国地产,19930524,
600657.SH,信达地产,20170913,5.6274,5.6558,5.6558,5.5895,5.6274,0.5047,69193.67,41098.216,0.028400000000000425,北京,全国地产,19930524,
600657.SH,信达地产,20170912,5.6653,5.6274,5.7127,5.618,5.6558,-0.5021,110879.0,66375.612,-0.028400000000000425,北京,全国地产,19930524,
600657.SH,信达地产,20170911,5.5895,5.6558,5.7127,5.5706,5.599,1.0145,134412.59,80299.969,0.05679999999999996,北京,全国地产,19930524,
600657.SH,信达地产,20170908,5.6369,5.599,5.6558,5.5706,5.6558,-1.0043,140546.8,83193.771,-0.05679999999999996,北京,全国地产,19930524,
600657.SH,信达地产,20170907,5.5895,5.6558,5.798,5.5706,5.599,1.0145,208256.95,125121.194,0.05679999999999996,北京,全国地产,19930524,
600657.SH,信达地产,20170906,5.5801,5.599,5.6085,5.5516,5.599,0.0,83777.87,49347.631,0.0,北京,全国地产,19930524,
600657.SH,信达地产,20170905,5.618,5.599,5.6464,5.5611,5.618,-0.3382,109711.86,64900.283,-0.019000000000000128,北京,全国地产,19930524,
600657.SH,信达地产,20170904,5.599,5.618,5.6369,5.5327,5.599,0.3393,163269.62,96423.668,0.019000000000000128,北京,全国地产,19930524,
600657.SH,信达地产,20170901,5.4664,5.599,5.6085,5.4664,5.4569,2.604,226112.33,132846.781,0.14210000000000012,北京,全国地产,19930524,
600657.SH,信达地产,20170831,5.4001,5.4569,5.4664,5.3906,5.4001,1.0518,162569.28,93286.465,0.05679999999999996,北京,全国地产,19930524,
600657.SH,信达地产,20170830,5.4095,5.4001,5.4474,5.3716,5.4095,-0.1738,111989.84,63968.752,-0.009400000000000297,北京,全国地产,19930524,
600657.SH,信达地产,20170829,5.3716,5.4095,5.4474,5.3527,5.3811,0.5278,98620.86,56299.257,0.028400000000000425,北京,全国地产,19930524,
600657.SH,信达地产,20170828,5.3432,5.3811,5.3811,5.3243,5.3243,1.0668,110109.84,62317.155,0.05679999999999996,北京,全国地产,19930524,
600657.SH,信达地产,20170825,5.2579,5.3243,5.3337,5.2579,5.2674,1.0802,99361.21,55635.099,0.05689999999999973,北京,全国地产,19930524,
600657.SH,信达地产,20170824,5.3337,5.2674,5.3527,5.2579,5.3337,-1.243,107846.0,60285.612,-0.06630000000000003,北京,全国地产,19930524,
600657.SH,信达地产,20170823,5.3337,5.3337,5.3811,5.3148,5.3337,0.0,96508.64,54409.793,0.0,北京,全国地产,19930524,
600657.SH,信达地产,20170822,5.3337,5.3337,5.3432,5.3053,5.3243,0.1765,96796.29,54367.251,0.009400000000000297,北京,全国地产,19930524,
600657.SH,信达地产,20170821,5.2958,5.3243,5.3811,5.2769,5.3148,0.1787,103081.81,57905.164,0.009500000000000064,北京,全国地产,19930524,
600657.SH,信达地产,20170818,5.2011,5.3148,5.3337,5.1822,5.2295,1.6311,159268.19,88486.743,0.08530000000000015,北京,全国地产,19930524,
600657.SH,信达地产,20170817,5.1822,5.2295,5.2295,5.1727,5.1822,0.9127,115794.49,63535.584,0.0472999999999999,北京,全国地产,19930524,
600657.SH,信达地产,20170816,5.1632,5.1822,5.2579,5.1348,5.1727,0.1837,153623.32,84044.983,0.009500000000000064,北京,全国地产,19930524,
600657.SH,信达地产,20170815,5.1727,5.1727,5.1916,5.1348,5.1822,-0.1833,126705.47,69098.467,-0.009500000000000064,北京,全国地产,19930524,
600657.SH,信达地产,20170814,5.1916,5.1822,5.2295,5.1443,5.1916,-0.1811,167539.2,91626.283,-0.009400000000000297,北京,全国地产,19930524,
600657.SH,信达地产,20170811,5.3527,5.1916,5.4095,5.1443,5.4758,-5.1901,312249.84,173367.478,-0.28419999999999934,北京,全国地产,19930524,
600657.SH,信达地产,20170810,5.8643,5.4758,5.8643,5.4285,5.4569,0.3464,589306.75,350906.793,0.018899999999999473,北京,全国地产,19930524,
600657.SH,信达地产,20170217,5.5031,5.4567,5.5403,5.4196,5.5124,-1.0104,116882.33,69108.087,-0.05570000000000075,北京,全国地产,19930524,
600657.SH,信达地产,20170216,5.4753,5.5124,5.5681,5.4567,5.4846,0.5069,144436.93,85700.503,0.027800000000000047,北京,全国地产,19930524,
600657.SH,信达地产,20170215,5.4846,5.4846,5.5495,5.4475,5.4753,0.1699,165161.09,97893.774,0.00930000000000053,北京,全国地产,19930524,
600657.SH,信达地产,20170214,5.5031,5.4753,5.5031,5.4475,5.5124,-0.673,101606.43,59831.598,-0.03710000000000058,北京,全国地产,19930524,
600657.SH,信达地产,20170213,5.4753,5.5124,5.531,5.4289,5.5031,0.169,140282.08,83181.313,0.00930000000000053,北京,全国地产,19930524,
600657.SH,信达地产,20170210,5.5124,5.5031,5.5403,5.4753,5.5031,0.0,134716.42,79876.532,0.0,北京,全国地产,19930524,
600657.SH,信达地产,20170209,5.5495,5.5031,5.5495,5.4753,5.4939,0.1675,122713.77,72780.976,0.009199999999999875,北京,全国地产,19930524,
600657.SH,信达地产,20170208,5.4011,5.4939,5.5031,5.3454,5.4196,1.3709,126993.52,74249.206,0.07430000000000003,北京,全国地产,19930524,
600657.SH,信达地产,20170207,5.4289,5.4196,5.4475,5.3732,5.4196,0.0,78064.98,45503.79,0.0,北京,全国地产,19930524,
600657.SH,信达地产,20170206,5.3268,5.4196,5.4475,5.3083,5.3268,1.7421,134872.19,78535.603,0.09279999999999955,北京,全国地产,19930524,
600657.SH,信达地产,20170203,5.4011,5.3268,5.4011,5.2897,5.3918,-1.2055,74976.34,43070.161,-0.0649999999999995,北京,全国地产,19930524,
600657.SH,信达地产,20170126,5.3639,5.3918,5.4196,5.3454,5.3547,0.6928,83715.04,48600.237,0.03709999999999969,北京,全国地产,19930524,
600657.SH,信达地产,20170125,5.2897,5.3547,5.3639,5.2711,5.2897,1.2288,106322.86,61185.669,0.06500000000000039,北京,全国地产,19930524,
600657.SH,信达地产,20170124,5.299,5.2897,5.3175,5.2711,5.3083,-0.3504,86127.79,49176.619,-0.018600000000000172,北京,全国地产,19930524,
600657.SH,信达地产,20170123,5.2897,5.3083,5.3639,5.2619,5.2804,0.5284,98102.63,56118.435,0.027899999999999814,北京,全国地产,19930524,
600657.SH,信达地产,20170120,5.1969,5.2804,5.3454,5.1969,5.2155,1.2444,121326.91,69171.223,0.06490000000000062,北京,全国地产,19930524,
600657.SH,信达地产,20170119,5.2247,5.2155,5.2619,5.1969,5.2247,-0.1761,76197.11,42922.407,-0.009200000000000763,北京,全国地产,19930524,
600657.SH,信达地产,20170118,5.2062,5.2247,5.2433,5.1598,5.2062,0.3553,79398.11,44581.324,0.018500000000000405,北京,全国地产,19930524,
600657.SH,信达地产,20170117,5.1691,5.2062,5.2155,5.1041,5.1876,0.3585,128994.55,71604.659,0.018600000000000172,北京,全国地产,19930524,
600657.SH,信达地产,20170116,5.4196,5.1876,5.4382,4.8907,5.4289,-4.4447,218254.48,122824.064,-0.24129999999999985,北京,全国地产,19930524,
600657.SH,信达地产,20170113,5.5681,5.4289,5.5959,5.4103,5.5588,-2.3368,167412.82,99011.846,-0.12990000000000013,北京,全国地产,19930524,
600657.SH,信达地产,20170112,5.7166,5.5588,5.763,5.5495,5.763,-3.5433,276048.66,167091.57,-0.20420000000000016,北京,全国地产,19930524,
600657.SH,信达地产,20170111,5.8465,5.763,5.9486,5.7444,5.8187,-0.9573,233445.01,147363.187,-0.05569999999999986,北京,全国地产,19930524,
600657.SH,信达地产,20170110,5.8465,5.8187,5.9022,5.8094,5.8743,-0.9465,144188.51,90804.375,-0.055600000000000094,北京,全国地产,19930524,
600657.SH,信达地产,20170109,5.8743,5.8743,5.93,5.8094,5.8743,0.0,167399.98,105718.364,0.0,北京,全国地产,19930524,
600657.SH,信达地产,20170106,5.8558,5.8743,5.9764,5.7444,5.8743,0.0,310730.07,196690.302,0.0,北京,全国地产,19930524,
600657.SH,信达地产,20170105,5.7723,5.8743,6.06,5.7351,5.763,1.9313,462744.44,293599.78,0.11129999999999995,北京,全国地产,19930524,
600657.SH,信达地产,20170104,5.7259,5.763,5.7815,5.7073,5.7444,0.3238,193415.02,119820.319,0.018600000000000172,北京,全国地产,19930524,
600657.SH,信达地产,20170103,5.6609,5.7444,5.7723,5.6423,5.6609,1.475,167317.37,102928.241,0.08349999999999991,北京,全国地产,19930524,
600657.SH,信达地产,20161230,5.6516,5.6609,5.7166,5.6331,5.6609,0.0,114378.44,69987.865,0.0,北京,全国地产,19930524,
600657.SH,信达地产,20161229,5.6238,5.6609,5.7073,5.6145,5.6516,0.1646,102004.32,62275.62,0.009299999999999642,北京,全国地产,19930524,
600657.SH,信达地产,20161228,5.7351,5.6516,5.7537,5.6238,5.7444,-1.6155,155854.87,95353.296,-0.09279999999999955,北京,全国地产,19930524,
600657.SH,信达地产,20161227,5.698,5.7444,5.763,5.6702,5.7073,0.65,166330.28,102553.087,0.03709999999999969,北京,全国地产,19930524,
600657.SH,信达地产,20161226,5.5867,5.7073,5.7259,5.5774,5.5774,2.329,175020.32,106718.105,0.12990000000000013,北京,全国地产,19930524,
600657.SH,信达地产,20161223,5.6887,5.5774,5.698,5.5681,5.6887,-1.9565,142009.12,86299.722,-0.11129999999999995,北京,全国地产,19930524,
600657.SH,信达地产,20161222,5.7351,5.6887,5.7537,5.6423,5.763,-1.2893,155313.97,95134.092,-0.07430000000000003,北京,全国地产,19930524,
600657.SH,信达地产,20161221,5.6609,5.763,5.7723,5.6238,5.6516,1.9711,218795.77,134311.267,0.11139999999999972,北京,全国地产,19930524,
600657.SH,信达地产,20161220,5.6516,5.6516,5.6887,5.5959,5.6702,-0.328,139458.41,84642.058,-0.018600000000000172,北京,全国地产,19930524,
600657.SH,信达地产,20161219,5.698,5.6702,5.7351,5.5959,5.763,-1.6103,195784.79,119457.474,-0.09279999999999955,北京,全国地产,19930524,
600657.SH,信达地产,20161216,5.6238,5.763,5.8465,5.6145,5.6609,1.8036,310691.24,192586.203,0.10210000000000008,北京,全国地产,19930524,
600657.SH,信达地产,20161215,5.5681,5.6609,5.7166,5.531,5.5774,1.4971,173870.17,105676.228,0.08349999999999991,北京,全国地产,19930524,
600657.SH,信达地产,20161214,5.6609,5.5774,5.7259,5.5588,5.6609,-1.475,196855.06,119480.502,-0.08349999999999991,北京,全国地产,19930524,
600657.SH,信达地产,20161213,5.5681,5.6609,5.7537,5.4289,5.5774,1.4971,238082.06,142814.363,0.08349999999999991,北京,全国地产,19930524,
600657.SH,信达地产,20161212,5.93,5.5774,6.0136,5.5681,5.93,-5.946,279504.43,173182.812,-0.3525999999999998,北京,全国地产,19930524,
600657.SH,信达地产,20161209,5.8558,5.93,5.995,5.8465,5.8743,0.9482,222830.37,142211.721,0.05569999999999986,北京,全国地产,19930524,
600657.SH,信达地产,20161208,5.9393,5.8743,6.0136,5.8743,5.93,-0.9393,162917.78,104251.554,-0.05569999999999986,北京,全国地产,19930524,
600657.SH,信达地产,20161207,5.8558,5.93,5.9393,5.8372,5.8836,0.7886,139306.74,88531.791,0.04639999999999933,北京,全国地产,19930524,
600657.SH,信达地产,20161206,5.8279,5.8836,5.9764,5.8001,5.8279,0.9557,204206.84,129442.688,0.05570000000000075,北京,全国地产,19930524,
600657.SH,信达地产,20161205,5.9393,5.8279,5.9486,5.8001,6.0414,-3.5339,278254.03,175598.522,-0.2135000000000007,北京,全国地产,19930524,
600657.SH,信达地产,20161202,6.1435,6.0414,6.2177,6.0136,6.1528,-1.8106,315884.59,208322.104,-0.11139999999999972,北京,全国地产,19930524,
600657.SH,信达地产,20161201,6.0878,6.1528,6.162,6.0321,6.06,1.5314,302321.41,199112.789,0.09280000000000044,北京,全国地产,19930524,
600657.SH,信达地产,20161130,5.995,6.06,6.1528,5.9764,6.0228,0.6177,256210.44,167490.574,0.037199999999999456,北京,全国地产,19930524,
600657.SH,信达地产,20161129,6.06,6.0228,6.1156,5.9857,6.1156,-1.5174,334063.41,217228.574,-0.09279999999999955,北京,全国地产,19930524,
600657.SH,信达地产,20161128,6.2456,6.1156,6.2456,6.0971,6.2456,-2.0815,362101.44,239734.086,-0.1299999999999999,北京,全国地产,19930524,
600657.SH,信达地产,20161125,6.1342,6.2456,6.3291,6.06,6.1342,1.816,622316.98,417830.296,0.11139999999999972,北京,全国地产,19930524,
600657.SH,信达地产,20161124,6.0971,6.1342,6.162,6.0507,6.1342,0.0,318309.87,208951.393,0.0,北京,全国地产,19930524,
600657.SH,信达地产,20161123,6.2456,6.1342,6.3384,6.1249,6.1992,-1.0485,501929.83,336845.143,-0.06500000000000039,北京,全国地产,19930524,
600657.SH,信达地产,20161122,6.0785,6.1992,6.2084,6.0507,6.0878,1.8299,334749.33,220891.041,0.11140000000000061,北京,全国地产,19930524,
600657.SH,信达地产,20161121,6.06,6.0878,6.1064,6.0043,6.0321,0.9234,277850.27,181457.768,0.05569999999999986,北京,全国地产,19930524,
600657.SH,信达地产,20161118,6.162,6.0321,6.1899,5.9764,6.1528,-1.9617,385430.39,251795.652,-0.12070000000000025,北京,全国地产,19930524,
600657.SH,信达地产,20161117,6.2177,6.1528,6.2734,6.0692,6.2363,-1.3389,386166.52,255172.38,-0.08349999999999991,北京,全国地产,19930524,
600657.SH,信达地产,20161116,6.2827,6.2363,6.3198,6.227,6.3198,-1.3212,282140.19,190255.837,-0.08349999999999991,北京,全国地产,19930524,
600657.SH,信达地产,20161115,6.3012,6.3198,6.4126,6.2456,6.3105,0.1474,437072.65,298106.2,0.009299999999999642,北京,全国地产,19930524,
600657.SH,信达地产,20161114,6.2827,6.3105,6.3198,6.1806,6.3105,0.0,425022.84,286584.096,0.0,北京,全国地产,19930524,
600657.SH,信达地产,20161111,6.3848,6.3105,6.4126,6.2641,6.3848,-1.1637,526861.32,358654.694,-0.07430000000000003,北京,全国地产,19930524,
600657.SH,信达地产,20161110,6.3569,6.3848,6.4312,6.2641,6.3012,1.3267,609522.62,417060.596,0.08360000000000056,北京,全国地产,19930524,
600657.SH,信达地产,20161109,6.3291,6.3012,6.4497,6.1713,6.3105,-0.1474,537909.28,366687.695,-0.00930000000000053,北京,全国地产,19930524,
600657.SH,信达地产,20161108,6.394,6.3105,6.4219,6.2548,6.3105,0.0,417460.48,284125.17,0.0,北京,全国地产,19930524,
600657.SH,信达地产,20161107,6.3012,6.3105,6.3662,6.1899,6.459,-2.2991,610458.88,413568.985,-0.1484999999999994,北京,全国地产,19930524,
600657.SH,信达地产,20161104,6.988,6.459,7.0344,6.459,7.1736,-9.9615,1558473.71,1120409.802,-0.7146000000000008,北京,全国地产,19930524,
600657.SH,信达地产,20161103,6.6724,7.1736,7.452,6.6632,6.7745,5.8912,1997327.97,1544213.123,0.3991000000000007,北京,全国地产,19930524,
600657.SH,信达地产,20161102,6.626,6.7745,7.0529,6.5889,6.756,0.2738,1103280.65,816888.959,0.018499999999999517,北京,全国地产,19930524,
600657.SH,信达地产,20161101,6.7281,6.756,6.8859,6.6632,6.7003,0.8313,949669.42,693283.558,0.05569999999999986,北京,全国地产,19930524,
600657.SH,信达地产,20161031,6.6353,6.7003,6.7652,6.524,6.7096,-0.1386,451337.8,323437.465,-0.009299999999999642,北京,全国地产,19930524,
600657.SH,信达地产,20161028,7.0529,6.7096,7.1272,6.6539,7.0715,-5.1177,885190.79,657634.347,-0.36190000000000033,北京,全国地产,19930524,
600657.SH,信达地产,20161027,7.1272,7.0715,7.2385,6.8952,7.1272,-0.7815,596301.32,452885.172,-0.05569999999999986,北京,全国地产,19930524,
600657.SH,信达地产,20161026,7.155,7.1272,7.3035,7.0065,7.2385,-1.5376,765485.46,587388.818,-0.11129999999999995,北京,全国地产,19930524,
600657.SH,信达地产,20161025,7.4613,7.2385,7.4984,7.1736,7.6747,-5.6836,1249275.74,983003.852,-0.4361999999999995,北京,全国地产,19930524,
600657.SH,信达地产,20161024,6.8952,7.6747,7.6747,6.8395,6.9787,9.9732,1847386.25,1471015.81,0.6959999999999997,北京,全国地产,19930524,
600657.SH,信达地产,20161021,6.7652,6.9787,7.2293,6.7652,6.8302,2.1742,1423281.16,1070225.685,0.1485000000000003,北京,全国地产,19930524,
600657.SH,信达地产,20161020,6.8859,6.8302,7.1365,6.7096,7.0529,-3.1576,1156568.65,858663.799,-0.22270000000000056,北京,全国地产,19930524,
600657.SH,信达地产,20161019,6.8302,7.0529,7.1829,6.7745,6.8859,2.4252,1560257.65,1168811.385,0.16699999999999982,北京,全国地产,19930524,
600657.SH,信达地产,20161018,6.8766,6.8859,6.9601,6.6724,6.9787,-1.3298,1351235.21,989184.223,-0.09279999999999955,北京,全国地产,19930524,
600657.SH,信达地产,20161017,6.6446,6.9787,6.9787,6.6446,6.3476,9.9423,1528487.68,1142153.887,0.6311,北京,全国地产,19930524,
600657.SH,信达地产,20161014,5.9672,6.3476,6.3476,5.9393,5.7723,9.9666,1399078.03,940909.018,0.5752999999999995,北京,全国地产,19930524,
600657.SH,信达地产,20161013,5.2619,5.7723,5.7723,5.2619,5.2433,10.0891,410979.47,248439.153,0.5290000000000008,北京,全国地产,19930524,
600657.SH,信达地产,20161012,5.2155,5.2433,5.4382,5.1969,5.1783,1.2552,282541.79,161516.805,0.0649999999999995,北京,全国地产,19930524,
600657.SH,信达地产,20161011,5.0206,5.1783,5.2247,5.002,5.0206,3.1411,226356.42,125446.628,0.15770000000000017,北京,全国地产,19930524,
600657.SH,信达地产,20161010,5.1041,5.0206,5.1041,4.9278,5.2247,-3.9064,233883.29,126044.552,-0.2041000000000004,北京,全国地产,19930524,
600657.SH,信达地产,20160930,5.1505,5.2247,5.2619,5.1505,5.1691,1.0756,91139.29,51306.498,0.055600000000000094,北京,全国地产,19930524,
600657.SH,信达地产,20160929,5.2062,5.1691,5.234,5.1598,5.1969,-0.5349,103391.83,57907.445,-0.027800000000000047,北京,全国地产,19930524,
600657.SH,信达地产,20160928,5.2897,5.1969,5.3268,5.1783,5.3454,-2.7781,204117.88,114954.01,-0.1484999999999994,北京,全国地产,19930524,
600657.SH,信达地产,20160927,5.0113,5.3454,5.3825,4.9742,5.0391,6.0785,362303.78,205113.63,0.30629999999999935,北京,全国地产,19930524,
600657.SH,信达地产,20160926,5.1041,5.0391,5.1412,5.0299,5.0948,-1.0933,81222.07,44598.386,-0.05569999999999986,北京,全国地产,19930524,
600657.SH,信达地产,20160923,5.1412,5.0948,5.1598,5.0763,5.1505,-1.0814,75428.6,41590.283,-0.05569999999999986,北京,全国地产,19930524,
600657.SH,信达地产,20160922,5.1041,5.1505,5.2062,5.0948,5.0855,1.2781,148702.62,82784.587,0.06500000000000039,北京,全国地产,19930524,
600657.SH,信达地产,20160921,4.9927,5.0855,5.1227,4.9742,4.9835,2.0468,112416.36,61517.311,0.10199999999999942,北京,全国地产,19930524,
600657.SH,信达地产,20160920,4.9649,4.9835,5.0206,4.9463,4.9649,0.3746,64212.41,34516.941,0.018600000000000172,北京,全国地产,19930524,
600657.SH,信达地产,20160919,4.8814,4.9649,4.9927,4.8814,4.8721,1.9047,69412.01,36980.545,0.09280000000000044,北京,全国地产,19930524,
600657.SH,信达地产,20160914,4.8907,4.8721,4.9278,4.8443,4.8999,-0.5674,51964.34,27382.927,-0.027800000000000047,北京,全国地产,19930524,
600657.SH,信达地产,20160913,4.8535,4.8999,4.9092,4.8443,4.8443,1.1477,52476.48,27540.939,0.055600000000000094,北京,全国地产,19930524,
600657.SH,信达地产,20160912,4.9463,4.8443,4.9742,4.8164,5.002,-3.1527,102205.25,53868.144,-0.15770000000000017,北京,全国地产,19930524,
600657.SH,信达地产,20160909,5.0391,5.002,5.0484,4.9927,5.0206,-0.3705,44967.54,24368.349,-0.018600000000000172,北京,全国地产,19930524,
600657.SH,信达地产,20160908,5.0484,5.0206,5.0855,5.0113,5.0484,-0.5507,62278.17,33836.754,-0.027800000000000047,北京,全国地产,19930524,
600657.SH,信达地产,20160907,5.0391,5.0484,5.067,5.002,5.0577,-0.1839,93436.87,50706.223,-0.009299999999999642,北京,全国地产,19930524,
600657.SH,信达地产,20160906,5.002,5.0577,5.0763,4.9742,5.002,1.1136,70553.0,38203.781,0.05569999999999986,北京,全国地产,19930524,
600657.SH,信达地产,20160905,4.9927,5.002,5.0391,4.9835,4.9927,0.1863,57756.43,31200.31,0.009299999999999642,北京,全国地产,19930524,
600657.SH,信达地产,20160902,5.0299,4.9927,5.067,4.9649,5.0299,-0.7396,68771.82,37215.351,-0.037199999999999456,北京,全国地产,19930524,
600657.SH,信达地产,20160901,5.1319,5.0299,5.1505,5.0113,5.1319,-1.9876,70563.57,38563.436,-0.10200000000000031,北京,全国地产,19930524,
600657.SH,信达地产,20160831,5.0763,5.1319,5.234,5.0577,5.0763,1.0953,124312.21,68900.999,0.055600000000000094,北京,全国地产,19930524,
600657.SH,信达地产,20160830,5.1227,5.0763,5.1319,5.0484,5.1134,-0.7255,57771.24,31712.4,-0.03710000000000058,北京,全国地产,19930524,
600657.SH,信达地产,20160829,5.0577,5.1134,5.1134,5.0484,5.0484,1.2875,95950.19,52573.767,0.06500000000000039,北京,全国地产,19930524,
600657.SH,信达地产,20160826,5.0206,5.0484,5.0763,5.002,5.0113,0.7403,93096.71,50613.029,0.03709999999999969,北京,全国地产,19930524,
600657.SH,信达地产,20160825,5.0206,5.0113,5.0299,4.9278,5.0763,-1.2805,158970.57,85389.841,-0.0649999999999995,北京,全国地产,19930524,
600657.SH,信达地产,20160824,5.1783,5.0763,5.2062,5.0391,5.1783,-1.9698,135708.44,74851.141,-0.10200000000000031,北京,全国地产,19930524,
600657.SH,信达地产,20160823,5.2155,5.1783,5.3083,5.1319,5.2804,-1.9336,190583.54,106803.985,-0.10210000000000008,北京,全国地产,19930524,
600657.SH,信达地产,20160822,5.1319,5.2804,5.3732,5.0855,5.1412,2.7075,183694.33,103698.177,0.13919999999999977,北京,全国地产,19930524,
600657.SH,信达地产,20160819,5.2433,5.1412,5.299,5.1041,5.2711,-2.4644,163130.7,91077.465,-0.12989999999999924,北京,全国地产,19930524,
600657.SH,信达地产,20160818,5.0763,5.2711,5.4846,5.067,5.0855,3.6496,333154.98,190397.466,0.1856,北京,全国地产,19930524,
600657.SH,信达地产,20160817,5.1041,5.0855,5.1691,5.0206,5.1412,-1.0834,101787.21,55810.088,-0.05570000000000075,北京,全国地产,19930524,
600657.SH,信达地产,20160816,5.1783,5.1412,5.2711,5.0948,5.1783,-0.7165,228944.51,127295.008,-0.03709999999999969,北京,全国地产,19930524,
600657.SH,信达地产,20160815,5.0391,5.1783,5.2433,5.0299,5.0206,3.1411,373173.03,206701.588,0.15770000000000017,北京,全国地产,19930524,
600657.SH,信达地产,20160812,4.7607,5.0206,5.067,4.7329,4.7607,5.4593,241271.42,128220.854,0.2599,北京,全国地产,19930524,
600657.SH,信达地产,20160811,4.8257,4.7607,4.8628,4.7514,4.8257,-1.347,63107.14,32659.156,-0.06500000000000039,北京,全国地产,19930524,
600657.SH,信达地产,20160810,4.8535,4.8257,4.8814,4.7978,4.8535,-0.5728,63047.17,32871.148,-0.027800000000000047,北京,全国地产,19930524,
600657.SH,信达地产,20160809,4.8535,4.8535,4.8907,4.8257,4.8814,-0.5716,83563.3,43688.528,-0.027899999999999814,北京,全国地产,19930524,
600657.SH,信达地产,20160808,4.8071,4.8814,4.9185,4.7793,4.7978,1.7425,121242.53,63619.977,0.08360000000000056,北京,全国地产,19930524,
600657.SH,信达地产,20160805,4.7793,4.7978,4.8443,4.7422,4.7607,0.7793,81770.46,42236.49,0.03709999999999969,北京,全国地产,19930524,
600657.SH,信达地产,20160804,4.7143,4.7607,4.7886,4.6586,4.7329,0.5874,100784.59,51372.283,0.027800000000000047,北京,全国地产,19930524,
600657.SH,信达地产,20160803,4.6122,4.7329,4.77,4.5937,4.6122,2.617,96564.43,49004.687,0.12070000000000025,北京,全国地产,19930524,
600657.SH,信达地产,20160802,4.5751,4.6122,4.6215,4.5658,4.5751,0.8109,50020.37,24767.782,0.03709999999999969,北京,全国地产,19930524,
600657.SH,信达地产,20160801,4.6122,4.5751,4.6122,4.4545,4.6401,-1.4008,108485.29,53187.766,-0.06500000000000039,北京,全国地产,19930524,
600657.SH,信达地产,20160729,4.6679,4.6401,4.6865,4.6308,4.6958,-1.1862,53870.24,27038.805,-0.05569999999999986,北京,全国地产,19930524,
600657.SH,信达地产,20160728,4.6679,4.6958,4.705,4.6401,4.6586,0.7985,73069.13,36785.773,0.037200000000000344,北京,全国地产,19930524,
600657.SH,信达地产,20160727,4.8257,4.6586,4.8721,4.603,4.8257,-3.4627,132354.57,67484.281,-0.16710000000000047,北京,全国地产,19930524,
600657.SH,信达地产,20160726,4.7422,4.8257,4.8443,4.7422,4.7514,1.5637,72727.72,37620.13,0.07430000000000003,北京,全国地产,19930524,
600657.SH,信达地产,20160725,4.7329,4.7514,4.8164,4.705,4.7514,0.0,74227.11,38164.041,0.0,北京,全国地产,19930524,
600657.SH,信达地产,20160722,4.8257,4.7514,4.8257,4.7422,4.8164,-1.3496,49745.21,25583.97,-0.0649999999999995,北京,全国地产,19930524,
600657.SH,信达地产,20160721,4.8164,4.8164,4.835,4.7793,4.8164,0.0,46100.57,23921.02,0.0,北京,全国地产,19930524,
600657.SH,信达地产,20160720,4.7886,4.8164,4.8535,4.7793,4.7886,0.5805,50575.96,26280.833,0.027800000000000047,北京,全国地产,19930524,
600657.SH,信达地产,20160719,4.7886,4.7886,4.8257,4.7514,4.7978,-0.1918,48080.8,24816.878,-0.009199999999999875,北京,全国地产,19930524,
600657.SH,信达地产,20160718,4.8721,4.7978,4.8721,4.7978,4.8628,-1.3367,56773.31,29605.488,-0.06500000000000039,北京,全国地产,19930524,
600657.SH,信达地产,20160715,4.8907,4.8628,4.9092,4.8164,4.8907,-0.5705,84694.96,44567.602,-0.027899999999999814,北京,全国地产,19930524,
600657.SH,信达地产,20160714,4.8443,4.8907,4.8907,4.8257,4.8443,0.9578,81000.21,42446.068,0.04640000000000022,北京,全国地产,19930524,
600657.SH,信达地产,20160713,4.7793,4.8443,4.8814,4.7793,4.7793,1.36,138093.66,71993.16,0.0649999999999995,北京,全国地产,19930524,
600657.SH,信达地产,20160712,4.7329,4.7793,4.7886,4.6865,4.7422,0.7823,95834.32,49046.946,0.03709999999999969,北京,全国地产,19930524,
600657.SH,信达地产,20160711,4.7329,4.7422,4.7793,4.705,4.7422,0.0,97838.13,50050.016,0.0,北京,全国地产,19930524,
600657.SH,信达地产,20160708,4.7422,4.7422,4.77,4.6958,4.7607,-0.3886,82094.38,41879.146,-0.018499999999999517,北京,全国地产,19930524,
600657.SH,信达地产,20160707,4.7793,4.7607,4.7793,4.7143,4.77,-0.195,93722.97,47928.672,-0.009299999999999642,北京,全国地产,19930524,
600657.SH,信达地产,20160706,4.8071,4.77,4.835,4.7607,4.7886,-0.3884,88308.88,45604.767,-0.018600000000000172,北京,全国地产,19930524,
600657.SH,信达地产,20160705,4.7607,4.7886,4.8071,4.7329,4.7422,0.9784,115816.32,59533.188,0.04639999999999933,北京,全国地产,19930524,
600657.SH,信达地产,20160704,4.6494,4.7422,4.77,4.6308,4.6586,1.7945,107023.99,54525.914,0.08360000000000056,北京,全国地产,19930524,
600657.SH,信达地产,20160701,4.6308,4.6586,4.6865,4.6215,4.6215,0.8028,73997.51,37144.089,0.03709999999999969,北京,全国地产,19930524,
600657.SH,信达地产,20160630,4.6772,4.6215,4.6772,4.603,4.6308,-0.2008,59201.52,29503.665,-0.009299999999999642,北京,全国地产,19930524,
600657.SH,信达地产,20160629,4.5658,4.6308,4.6958,4.5473,4.538,2.045,131567.11,65752.203,0.09279999999999955,北京,全国地产,19930524,
600657.SH,信达地产,20160628,4.4823,4.538,4.5473,4.4359,4.4916,1.033,76154.97,36861.711,0.04640000000000022,北京,全国地产,19930524,
600657.SH,信达地产,20160627,4.4174,4.4916,4.5009,4.3895,4.4174,1.6797,57386.65,27629.87,0.07420000000000027,北京,全国地产,19930524,
600657.SH,信达地产,20160624,4.538,4.4174,4.5937,4.4081,4.5287,-2.4577,101256.87,48825.282,-0.11129999999999995,北京,全国地产,19930524,
600657.SH,信达地产,20160623,4.5566,4.5287,4.5751,4.5009,4.5658,-0.8126,48795.77,23881.126,-0.03710000000000058,北京,全国地产,19930524,
600657.SH,信达地产,20160622,4.5102,4.5658,4.5751,4.5102,4.5287,0.8192,38310.5,18761.401,0.03710000000000058,北京,全国地产,19930524,
600657.SH,信达地产,20160621,4.5658,4.5287,4.6308,4.5194,4.5566,-0.6123,65267.86,32168.97,-0.027900000000000702,北京,全国地产,19930524,
600657.SH,信达地产,20160620,4.5009,4.5566,4.5937,4.473,4.5102,1.0288,75381.96,36860.48,0.04640000000000022,北京,全国地产,19930524,
600657.SH,信达地产,20160617,4.4916,4.5102,4.5751,4.473,4.473,0.8317,55656.81,27181.769,0.037200000000000344,北京,全国地产,19930524,
600657.SH,信达地产,20160616,4.5473,4.473,4.5566,4.4452,4.5658,-2.0325,120565.35,58421.274,-0.09280000000000044,北京,全国地产,19930524,
600657.SH,信达地产,20160615,4.4081,4.5658,4.5844,4.3988,4.4545,2.4986,78838.8,38412.191,0.11129999999999995,北京,全国地产,19930524,
600657.SH,信达地产,20160614,4.4081,4.4545,4.473,4.3988,4.4545,0.0,62564.34,29886.929,0.0,北京,全国地产,19930524,
600657.SH,信达地产,20160613,4.5937,4.4545,4.6122,4.4359,4.6308,-3.8071,76953.37,37668.198,-0.17629999999999946,北京,全国地产,19930524,
600657.SH,信达地产,20160608,4.6586,4.6308,4.6586,4.5937,4.6494,-0.4001,64640.0,32221.783,-0.018600000000000172,北京,全国地产,19930524,
600657.SH,信达地产,20160607,4.6865,4.6494,4.6958,4.6215,4.6865,-0.7916,69908.81,35011.79,-0.03709999999999969,北京,全国地产,19930524,
600657.SH,信达地产,20160606,4.7048,4.6866,4.7048,4.632,4.6866,0.0,93516.22,47968.336,0.0,北京,全国地产,19930524,
600657.SH,信达地产,20160603,4.723,4.6866,4.723,4.632,4.7139,-0.5791,106789.81,54781.356,-0.027299999999999436,北京,全国地产,19930524,
600657.SH,信达地产,20160602,4.6411,4.7139,4.7594,4.6138,4.5956,2.5742,156368.74,80820.462,0.11829999999999963,北京,全国地产,19930524,
600657.SH,信达地产,20160601,4.5683,4.5956,4.632,4.5683,4.5683,0.5976,108612.99,55038.861,0.027300000000000324,北京,全国地产,19930524,
600657.SH,信达地产,20160531,4.4318,4.5683,4.5956,4.4045,4.4045,3.7189,119487.67,59664.358,0.16380000000000017,北京,全国地产,19930524,
600657.SH,信达地产,20160530,4.4409,4.4045,4.4682,4.3863,4.4409,-0.8197,43896.54,21330.238,-0.03640000000000043,北京,全国地产,19930524,
600657.SH,信达地产,20160527,4.3863,4.4409,4.4682,4.3863,4.4045,0.8264,62311.49,30294.223,0.03640000000000043,北京,全国地产,19930524,
600657.SH,信达地产,20160526,4.4136,4.4045,4.4409,4.3226,4.4136,-0.2062,55587.8,26661.124,-0.009100000000000108,北京,全国地产,19930524,
600657.SH,信达地产,20160525,4.45,4.4136,4.4864,4.3954,4.4227,-0.2058,56272.7,27475.081,-0.009100000000000108,北京,全国地产,19930524,
600657.SH,信达地产,20160524,4.4591,4.4227,4.4864,4.4045,4.4682,-1.0183,42752.05,20832.778,-0.04550000000000054,北京,全国地产,19930524,
600657.SH,信达地产,20160523,4.4409,4.4682,4.5046,4.4227,4.4409,0.6147,56894.22,27925.498,0.027300000000000324,北京,全国地产,19930524,
600657.SH,信达地产,20160520,4.3681,4.4409,4.4409,4.3499,4.3863,1.2448,46053.25,22258.283,0.05459999999999976,北京,全国地产,19930524,
600657.SH,信达地产,20160519,4.4045,4.3863,4.4773,4.3772,4.4045,-0.4132,62789.49,30503.438,-0.018199999999999328,北京,全国地产,19930524,
600657.SH,信达地产,20160518,4.5228,4.4045,4.5228,4.3681,4.5319,-2.8112,73245.85,35571.931,-0.12740000000000062,北京,全国地产,19930524,
600657.SH,信达地产,20160517,4.5319,4.5319,4.6047,4.4591,4.541,-0.2004,70503.93,35143.034,-0.009100000000000108,北京,全国地产,19930524,
600657.SH,信达地产,20160516,4.4409,4.541,4.5501,4.4409,4.4682,1.6293,80914.29,39960.227,0.07279999999999998,北京,全国地产,19930524,
600657.SH,信达地产,20160513,4.541,4.4682,4.5683,4.4409,4.5228,-1.2072,81638.53,40316.979,-0.05459999999999976,北京,全国地产,19930524,
600657.SH,信达地产,20160512,4.5319,4.5228,4.541,4.3772,4.5683,-0.996,77131.7,37968.847,-0.04549999999999965,北京,全国地产,19930524,
600657.SH,信达地产,20160511,4.5956,4.5683,4.6593,4.5046,4.5774,-0.1988,136467.68,68863.679,-0.009100000000000108,北京,全国地产,19930524,
600657.SH,信达地产,20160510,4.5501,4.5774,4.6138,4.5501,4.5774,0.0,69799.47,35112.762,0.0,北京,全国地产,19930524,
600657.SH,信达地产,20160509,4.7594,4.5774,4.7594,4.5319,4.7867,-4.3725,142480.63,72407.428,-0.20929999999999982,北京,全国地产,19930524,
600657.SH,信达地产,20160506,4.9778,4.7867,4.9869,4.7594,4.9778,-3.839,174565.89,93435.82,-0.1911000000000005,北京,全国地产,19930524,
600657.SH,信达地产,20160505,4.9687,4.9778,4.996,4.9323,4.9778,0.0,108640.22,59280.097,0.0,北京,全国地产,19930524,
600657.SH,信达地产,20160504,4.9869,4.9778,5.0233,4.9323,5.0506,-1.4414,174666.67,95572.639,-0.07279999999999998,北京,全国地产,19930524,
600657.SH,信达地产,20160503,4.9778,5.0506,5.0597,4.8686,5.0688,-0.3591,285650.81,156083.968,-0.018200000000000216,北京,全国地产,19930524,
600657.SH,信达地产,20160429,5.1416,5.0688,5.1416,5.0324,5.1234,-1.0657,109961.96,61404.064,-0.05459999999999976,北京,全国地产,19930524,
600657.SH,信达地产,20160428,5.178,5.1234,5.1962,5.0779,5.1598,-0.7055,61548.13,34702.128,-0.036399999999999544,北京,全国地产,19930524,
600657.SH,信达地产,20160427,5.1507,5.1598,5.2235,5.1325,5.1689,-0.1761,70939.49,40345.508,-0.009100000000000108,北京,全国地产,19930524,
600657.SH,信达地产,20160426,5.1143,5.1689,5.178,5.0779,5.1416,0.531,68135.66,38381.787,0.027299999999999436,北京,全国地产,19930524,
600657.SH,信达地产,20160425,5.1689,5.1416,5.1689,5.0688,5.1689,-0.5282,68254.96,38340.778,-0.027299999999999436,北京,全国地产,19930524,
600657.SH,信达地产,20160422,5.1143,5.1689,5.178,5.0688,5.1143,1.0676,69316.94,39054.667,0.05459999999999976,北京,全国地产,19930524,
600657.SH,信达地产,20160421,5.1325,5.1143,5.2417,5.087,5.1598,-0.8818,78208.73,44515.146,-0.04549999999999965,北京,全国地产,19930524,
600657.SH,信达地产,20160420,5.3964,5.1598,5.4146,5.0324,5.3873,-4.2229,171030.42,97997.512,-0.22750000000000004,北京,全国地产,19930524,
600657.SH,信达地产,20160419,5.3509,5.3873,5.4146,5.3236,5.3145,1.3698,102580.28,60592.813,0.07279999999999998,北京,全国地产,19930524,
600657.SH,信达地产,20160418,5.4055,5.3145,5.4146,5.3054,5.4146,-1.8487,133643.71,78799.215,-0.1001000000000003,北京,全国地产,19930524,
600657.SH,信达地产,20160415,5.4146,5.4146,5.4237,5.3691,5.3964,0.3373,108686.22,64476.592,0.018200000000000216,北京,全国地产,19930524,
600657.SH,信达地产,20160414,5.3691,5.3964,5.4146,5.3418,5.3236,1.3675,124674.95,73737.81,0.07279999999999998,北京,全国地产,19930524,
600657.SH,信达地产,20160413,5.2599,5.3236,5.3964,5.2508,5.2417,1.5625,184302.96,108489.167,0.08190000000000008,北京,全国地产,19930524,
600657.SH,信达地产,20160412,5.3236,5.2417,5.3236,5.1871,5.2963,-1.0309,108872.02,62603.046,-0.05459999999999976,北京,全国地产,19930524,
600657.SH,信达地产,20160411,5.2508,5.2963,5.3418,5.2417,5.2235,1.3937,154502.53,90050.299,0.07279999999999998,北京,全国地产,19930524,
600657.SH,信达地产,20160408,5.1871,5.2235,5.2508,5.1507,5.2053,0.3496,109320.97,62499.773,0.018199999999999328,北京,全国地产,19930524,
600657.SH,信达地产,20160407,5.3327,5.2053,5.3509,5.178,5.3054,-1.8868,110803.91,63971.282,-0.10009999999999941,北京,全国地产,19930524,
600657.SH,信达地产,20160406,5.2781,5.3054,5.3327,5.2235,5.2599,0.865,152763.09,88692.556,0.04549999999999965,北京,全国地产,19930524,
600657.SH,信达地产,20160405,5.1507,5.2599,5.2963,5.1234,5.1507,2.1201,185948.19,106992.41,0.10920000000000041,北京,全国地产,19930524,
600657.SH,信达地产,20160401,5.1507,5.1507,5.1962,5.0415,5.1962,-0.8756,115629.15,65021.845,-0.04550000000000054,北京,全国地产,19930524,
600657.SH,信达地产,20160331,5.2053,5.1962,5.2235,5.1416,5.178,0.3515,154868.04,88131.183,0.018200000000000216,北京,全国地产,19930524,
600657.SH,信达地产,20160330,5.0688,5.178,5.1871,5.0324,5.0324,2.8933,114510.7,64434.038,0.14559999999999995,北京,全国地产,19930524,
600657.SH,信达地产,20160329,5.1052,5.0324,5.1598,4.9869,5.1325,-1.9503,113270.45,63002.666,-0.1001000000000003,北京,全国地产,19930524,
600657.SH,信达地产,20160328,5.2781,5.1325,5.2963,5.1052,5.3236,-3.5897,222570.68,127678.55,-0.1910999999999996,北京,全国地产,19930524,
600657.SH,信达地产,20160325,5.2326,5.3236,5.3418,5.2235,5.2417,1.5625,153428.79,89145.228,0.08190000000000008,北京,全国地产,19930524,
600657.SH,信达地产,20160324,5.2326,5.2417,5.3509,5.1416,5.2599,-0.346,180180.89,104193.938,-0.018200000000000216,北京,全国地产,19930524,
600657.SH,信达地产,20160323,5.2326,5.2599,5.2963,5.1871,5.2417,0.3472,122253.38,70530.845,0.018200000000000216,北京,全国地产,19930524,
600657.SH,信达地产,20160322,5.3782,5.2417,5.3782,5.2053,5.4146,-3.1932,217032.68,125581.187,-0.17290000000000028,北京,全国地产,19930524,
600657.SH,信达地产,20160321,5.3236,5.4146,5.4965,5.3236,5.3782,0.6768,255364.66,151478.315,0.03640000000000043,北京,全国地产,19930524,
600657.SH,信达地产,20160318,5.0415,5.3782,5.451,5.0142,5.0324,6.8715,345391.08,199427.818,0.34579999999999966,北京,全国地产,19930524,
600657.SH,信达地产,20160317,4.9505,5.0324,5.0597,4.9232,4.9141,2.4074,144546.7,79589.194,0.11829999999999963,北京,全国地产,19930524,
600657.SH,信达地产,20160316,4.9232,4.9141,5.0051,4.8686,4.9869,-1.4598,98105.1,53132.703,-0.07279999999999998,北京,全国地产,19930524,
600657.SH,信达地产,20160315,5.0324,4.9869,5.0506,4.8777,5.0324,-0.9041,117202.96,63938.145,-0.04549999999999965,北京,全国地产,19930524,
600657.SH,信达地产,20160314,4.9232,5.0324,5.1143,4.9232,4.8868,2.9795,160465.25,88927.388,0.14559999999999995,北京,全国地产,19930524,
600657.SH,信达地产,20160311,4.8959,4.8868,4.9414,4.814,4.9596,-1.4679,134430.59,72070.177,-0.07279999999999998,北京,全国地产,19930524,
600657.SH,信达地产,20160310,5.0415,4.9596,5.0779,4.8777,5.0324,-1.4466,160782.42,87837.001,-0.07279999999999998,北京,全国地产,19930524,
600657.SH,信达地产,20160309,5.0506,5.0324,5.087,4.9596,5.1871,-2.9824,169919.67,93797.96,-0.15470000000000006,北京,全国地产,19930524,
600657.SH,信达地产,20160308,5.36,5.1871,5.36,5.0051,5.3509,-3.0612,326242.91,183339.552,-0.16380000000000017,北京,全国地产,19930524,
600657.SH,信达地产,20160307,5.4874,5.3509,5.5329,5.2326,5.3782,-0.5076,292800.87,172933.163,-0.027299999999999436,北京,全国地产,19930524,
600657.SH,信达地产,20160304,5.3964,5.3782,5.6785,5.2599,5.451,-1.3355,412511.85,248937.605,-0.07279999999999998,北京,全国地产,19930524,
600657.SH,信达地产,20160303,5.5693,5.451,5.8241,5.36,5.3873,1.1824,710005.56,436867.691,0.06369999999999987,北京,全国地产,19930524,
600657.SH,信达地产,20160302,4.8413,5.3873,5.3873,4.8049,4.8959,10.037,447013.31,253246.662,0.4913999999999996,北京,全国地产,19930524,
600657.SH,信达地产,20160301,4.5774,4.8959,4.9778,4.5228,4.5228,8.2493,345364.54,182352.052,0.3731,北京,全国地产,19930524,
600657.SH,信达地产,20160229,4.7139,4.5228,4.8049,4.4227,4.6866,-3.4951,178489.94,89245.786,-0.16380000000000017,北京,全国地产,19930524,
600657.SH,信达地产,20160226,4.6775,4.6866,4.7594,4.5774,4.6229,1.3779,117489.41,60259.031,0.06370000000000076,北京,全国地产,19930524,
600657.SH,信达地产,20160225,5.0779,4.6229,5.0779,4.5865,5.0688,-8.797,133997.7,71515.789,-0.44590000000000085,北京,全国地产,19930524,
600657.SH,信达地产,20160224,4.9141,5.0688,5.0961,4.8959,4.9323,2.7675,136193.13,74810.255,0.13650000000000073,北京,全国地产,19930524,
600657.SH,信达地产,20160223,4.996,4.9323,4.996,4.8777,5.0142,-1.6334,124172.35,67520.349,-0.08190000000000008,北京,全国地产,19930524,
600657.SH,信达地产,20160222,4.9505,5.0142,5.0506,4.9141,4.8322,3.7664,215449.37,118250.303,0.1819999999999995,北京,全国地产,19930524,
600657.SH,信达地产,20160219,4.8504,4.8322,4.8777,4.7867,4.8595,-0.5618,97275.56,51656.694,-0.027299999999999436,北京,全国地产,19930524,
600657.SH,信达地产,20160218,4.8959,4.8595,4.9323,4.8231,4.8686,-0.1869,149325.96,79884.03,-0.009100000000000108,北京,全国地产,19930524,
600657.SH,信达地产,20160217,4.814,4.8686,4.9323,4.7503,4.8413,0.5639,192165.14,101480.792,0.027299999999999436,北京,全国地产,19930524,
600657.SH,信达地产,20160216,4.723,4.8413,4.8686,4.7048,4.6866,3.3009,191818.13,101044.546,0.15470000000000006,北京,全国地产,19930524,
600657.SH,信达地产,20160215,4.6047,4.6866,4.7321,4.5774,4.7776,-1.9047,100183.16,51231.088,-0.0909999999999993,北京,全国地产,19930524,
600657.SH,信达地产,20160205,4.9323,4.7776,4.9778,4.723,4.6593,2.539,206839.44,109689.808,0.11829999999999963,北京,全国地产,19930524,
600657.SH,信达地产,20160204,4.5865,4.6593,4.6866,4.5501,4.6684,-0.1949,177526.76,90250.879,-0.009100000000000108,北京,全国地产,19930524,
600657.SH,信达地产,20160203,4.5137,4.6684,4.7867,4.4591,4.4227,5.5554,224256.92,111940.276,0.24570000000000025,北京,全国地产,19930524,
600657.SH,信达地产,20160202,4.3044,4.4227,4.4773,4.2771,4.2771,3.4042,88964.75,42945.615,0.14559999999999995,北京,全国地产,19930524,
600657.SH,信达地产,20160201,4.3681,4.2771,4.3863,4.1679,4.3772,-2.2869,66420.61,31453.485,-0.1001000000000003,北京,全国地产,19930524,
600657.SH,信达地产,20160129,4.2589,4.3772,4.4136,4.2316,4.2225,3.6637,90006.07,42959.486,0.15470000000000006,北京,全国地产,19930524,
600657.SH,信达地产,20160128,4.4864,4.2225,4.5956,4.2134,4.5228,-6.6397,78958.27,38410.866,-0.3003,北京,全国地产,19930524,
600657.SH,信达地产,20160127,4.6957,4.5228,4.6957,4.3681,4.6502,-2.7397,99561.85,49266.981,-0.12739999999999974,北京,全国地产,19930524,
600657.SH,信达地产,20160126,4.9141,4.6502,4.9505,4.5865,4.9778,-6.5812,79538.0,41899.45,-0.32760000000000034,北京,全国地产,19930524,
600657.SH,信达地产,20160125,5.0142,4.9778,5.0688,4.9505,5.0051,-0.5454,70407.5,38804.19,-0.027299999999999436,北京,全国地产,19930524,
600657.SH,信达地产,20160122,4.9141,5.0051,5.0142,4.8049,4.8413,3.3834,76329.58,41249.033,0.16379999999999928,北京,全国地产,19930524,
600657.SH,信达地产,20160121,4.9141,4.8413,5.0597,4.8231,4.996,-3.0965,89558.89,48925.189,-0.15470000000000006,北京,全国地产,19930524,
600657.SH,信达地产,20160120,5.0961,4.996,5.1143,4.9414,5.1234,-2.4866,119111.33,65793.032,-0.12739999999999974,北京,全国地产,19930524,
600657.SH,信达地产,20160119,4.8413,5.1234,5.1962,4.814,4.8595,5.4306,180027.9,99085.705,0.26390000000000047,北京,全国地产,19930524,
600657.SH,信达地产,20160118,4.7594,4.8595,4.9505,4.7503,4.8413,0.3759,82838.29,44190.166,0.018199999999999328,北京,全国地产,19930524,
600657.SH,信达地产,20160115,5.1234,4.8413,5.2053,4.7776,5.1416,-5.8406,122740.78,67897.591,-0.3003,北京,全国地产,19930524,
600657.SH,信达地产,20160114,4.9869,5.1416,5.1507,4.9232,5.0779,1.2545,100441.78,55636.052,0.06370000000000076,北京,全国地产,19930524,
600657.SH,信达地产,20160113,5.1962,5.0779,5.2417,4.9869,5.1598,-1.5873,83564.22,47128.712,-0.08190000000000008,北京,全国地产,19930524,
600657.SH,信达地产,20160112,5.1689,5.1598,5.2872,5.0506,5.1416,0.354,114654.63,65162.339,0.018199999999999328,北京,全国地产,19930524,
600657.SH,信达地产,20160111,5.542,5.1416,5.5602,5.087,5.542,-7.2248,207839.8,122182.013,-0.4003999999999994,北京,全国地产,19930524,
600657.SH,信达地产,20160108,5.5602,5.542,5.6512,5.4055,5.4055,2.5252,182821.38,111706.49,0.13649999999999984,北京,全国地产,19930524,
600657.SH,信达地产,20160107,5.8241,5.4055,5.8423,5.36,5.9424,-9.0351,43263.75,26269.425,-0.5369000000000002,北京,全国地产,19930524,
600657.SH,信达地产,20160106,5.7877,5.9424,5.9515,5.7877,5.7968,2.5117,94271.77,60891.872,0.14559999999999995,北京,全国地产,19930524,
600657.SH,信达地产,20160105,5.6512,5.7968,6.0607,5.5784,5.7513,0.7911,172276.91,110114.597,0.04550000000000054,北京,全国地产,19930524,
600657.SH,信达地产,20160104,6.3247,5.7513,6.352,5.7149,6.3247,-9.066,107202.3,72096.346,-0.5734000000000004,北京,全国地产,19930524,
600657.SH,信达地产,20151231,6.3611,6.3247,6.4521,6.2609,6.3702,-0.7143,108786.27,75940.208,-0.04549999999999965,北京,全国地产,19930524,
600657.SH,信达地产,20151230,6.3793,6.3702,6.4066,6.3156,6.3884,-0.2849,83694.57,58422.683,-0.018200000000000216,北京,全国地产,19930524,
600657.SH,信达地产,20151229,6.3065,6.3884,6.4066,6.2063,6.3247,1.0072,133922.45,92646.473,0.06369999999999987,北京,全国地产,19930524,
600657.SH,信达地产,20151228,6.6068,6.3247,6.625,6.3156,6.5613,-3.606,189129.66,134775.819,-0.23660000000000014,北京,全国地产,19930524,
600657.SH,信达地产,20151225,6.716,6.5613,6.7888,6.4794,6.6978,-2.038,248514.88,180050.364,-0.13649999999999984,北京,全国地产,19930524,
600657.SH,信达地产,20151224,6.7433,6.6978,6.9708,6.625,6.7342,-0.5405,197595.19,146799.39,-0.03640000000000043,北京,全国地产,19930524,
600657.SH,信达地产,20151223,6.6341,6.7342,7.08,6.625,6.625,1.6483,368580.33,278276.946,0.10920000000000041,北京,全国地产,19930524,
600657.SH,信达地产,20151222,6.5977,6.625,6.7342,6.5067,6.5886,0.5525,184730.18,134037.726,0.03640000000000043,北京,全国地产,19930524,
600657.SH,信达地产,20151221,6.443,6.5886,6.6432,6.3702,6.443,2.2598,206165.79,148435.801,0.14559999999999995,北京,全国地产,19930524,
600657.SH,信达地产,20151218,6.4612,6.443,6.5431,6.3247,6.4703,-0.4219,241355.32,170403.251,-0.027300000000000324,北京,全国地产,19930524,
600657.SH,信达地产,20151217,6.2336,6.4703,6.5886,6.2336,6.2154,4.1011,253878.77,179698.921,0.2549000000000001,北京,全国地产,19930524,
600657.SH,信达地产,20151216,6.2154,6.2154,6.3156,6.1881,6.1881,0.4412,76004.24,52159.554,0.027299999999999436,北京,全国地产,19930524,
600657.SH,信达地产,20151215,6.1517,6.1881,6.3156,6.1426,6.1244,1.0401,110877.06,75955.348,0.06370000000000076,北京,全国地产,19930524,
600657.SH,信达地产,20151214,5.997,6.1244,6.1335,5.9697,6.0516,1.203,98886.55,65637.657,0.07279999999999998,北京,全国地产,19930524,
600657.SH,信达地产,20151211,6.1244,6.0516,6.1244,5.9879,6.1335,-1.3353,63866.91,42406.461,-0.08190000000000008,北京,全国地产,19930524,
600657.SH,信达地产,20151210,6.179,6.1335,6.2883,6.1153,6.1699,-0.59,73801.08,50367.563,-0.03640000000000043,北京,全国地产,19930524,
600657.SH,信达地产,20151209,6.1062,6.1699,6.2974,6.0971,6.1335,0.5935,121645.94,82606.601,0.03640000000000043,北京,全国地产,19930524,
600657.SH,信达地产,20151208,6.4157,6.1335,6.4612,6.1244,6.4521,-4.9379,171411.51,117711.529,-0.3186,北京,全国地产,19930524,
600657.SH,信达地产,20151207,6.4703,6.4521,6.4885,6.3793,6.4703,-0.2813,111490.49,78850.197,-0.018200000000000216,北京,全国地产,19930524,
600657.SH,信达地产,20151204,6.5067,6.4703,6.5431,6.3793,6.5886,-1.7955,182665.3,129551.707,-0.11829999999999963,北京,全国地产,19930524,
600657.SH,信达地产,20151203,6.534,6.5886,6.6978,6.3793,6.4885,1.5427,244282.24,176343.543,0.10009999999999941,北京,全国地产,19930524,
600657.SH,信达地产,20151202,6.2791,6.4885,6.5522,6.2336,6.3611,2.0028,296531.09,209563.109,0.12739999999999974,北京,全国地产,19930524,
600657.SH,信达地产,20151201,6.0789,6.3611,6.5067,6.0152,6.0698,4.7992,219384.1,151967.558,0.29130000000000056,北京,全国地产,19930524,
600657.SH,信达地产,20151130,5.9788,6.0698,6.1426,5.8241,5.9697,1.6768,121412.53,80281.228,0.1001000000000003,北京,全国地产,19930524,
600657.SH,信达地产,20151127,6.4521,5.9697,6.4612,5.9424,6.4612,-7.6069,169335.2,115951.161,-0.49150000000000027,北京,全国地产,19930524,
600657.SH,信达地产,20151126,6.4521,6.4612,6.625,6.4248,6.4066,0.8522,217744.35,155528.323,0.05459999999999976,北京,全国地产,19930524,
600657.SH,信达地产,20151125,6.3884,6.4066,6.443,6.3338,6.352,0.8596,99952.57,70214.464,0.05459999999999976,北京,全国地产,19930524,
600657.SH,信达地产,20151124,6.4157,6.352,6.4157,6.2791,6.3975,-0.7112,100067.96,69526.919,-0.04549999999999965,北京,全国地产,19930524,
600657.SH,信达地产,20151123,6.5158,6.3975,6.5249,6.3247,6.5067,-1.6783,142463.75,100723.165,-0.10920000000000041,北京,全国地产,19930524,
600657.SH,信达地产,20151120,6.5431,6.5067,6.6432,6.3975,6.4885,0.2805,290337.54,205886.628,0.018200000000000216,北京,全国地产,19930524,
600657.SH,信达地产,20151119,6.4612,6.4885,6.5067,6.3065,6.4157,1.1347,157791.01,110974.028,0.07279999999999998,北京,全国地产,19930524,
600657.SH,信达地产,20151118,6.2336,6.4157,6.7342,6.2154,6.2245,3.0717,342614.96,245889.475,0.19120000000000026,北京,全国地产,19930524,
600657.SH,信达地产,20151117,6.2791,6.2245,6.4612,6.2154,6.2154,0.1464,159088.0,110788.837,0.009100000000000108,北京,全国地产,19930524,
600657.SH,信达地产,20151116,5.9606,6.2154,6.2791,5.9333,6.0971,1.9403,100104.5,67745.425,0.11829999999999963,北京,全国地产,19930524,
600657.SH,信达地产,20151113,6.1153,6.0971,6.1881,6.0152,6.2063,-1.7595,86311.68,57872.164,-0.10919999999999952,北京,全国地产,19930524,
600657.SH,信达地产,20151112,6.3065,6.2063,6.3884,6.1517,6.27,-1.0159,92951.76,63662.415,-0.06369999999999987,北京,全国地产,19930524,
600657.SH,信达地产,20151111,6.2518,6.27,6.2974,6.1608,6.2063,1.0264,94412.84,64718.142,0.06369999999999987,北京,全国地产,19930524,
600657.SH,信达地产,20151110,6.2063,6.2063,6.3156,6.1062,6.2883,-1.304,116901.36,79882.028,-0.08199999999999985,北京,全国地产,19930524,
600657.SH,信达地产,20151109,6.1244,6.2883,6.4157,6.0971,6.1426,2.372,244083.96,168546.13,0.14569999999999972,北京,全国地产,19930524,
600657.SH,信达地产,20151106,5.9606,6.1426,6.1608,5.9424,5.9879,2.5835,148584.22,99340.699,0.15470000000000006,北京,全国地产,19930524,
600657.SH,信达地产,20151105,5.906,5.9879,6.1153,5.906,5.8605,2.1739,225930.25,149400.986,0.12739999999999974,北京,全国地产,19930524,
600657.SH,信达地产,20151104,5.6057,5.8605,5.8696,5.5966,5.5875,4.8859,155462.6,98796.438,0.2729999999999997,北京,全国地产,19930524,
600657.SH,信达地产,20151103,5.6239,5.5875,5.6603,5.5511,5.6148,-0.4862,69086.22,42551.792,-0.027299999999999436,北京,全国地产,19930524,
600657.SH,信达地产,20151102,5.7149,5.6148,5.7695,5.5875,5.8241,-3.5937,126925.44,79060.861,-0.20929999999999982,北京,全国地产,19930524,
600657.SH,信达地产,20151030,5.8241,5.8241,5.9151,5.7604,5.8241,0.0,108908.77,69878.229,0.0,北京,全国地产,19930524,
600657.SH,信达地产,20151029,5.8059,5.8241,5.8878,5.7604,5.7422,1.4263,74466.6,47699.395,0.0818999999999992,北京,全国地产,19930524,
600657.SH,信达地产,20151028,5.8969,5.7422,5.9515,5.7331,5.9515,-3.5168,93091.87,59747.853,-0.20929999999999982,北京,全国地产,19930524,
600657.SH,信达地产,20151027,5.9606,5.9515,6.0061,5.7513,6.0425,-1.506,142585.95,91873.01,-0.09100000000000019,北京,全国地产,19930524,
600657.SH,信达地产,20151026,6.2245,6.0425,6.2974,5.9697,5.9242,1.9969,296360.26,200285.585,0.11830000000000052,北京,全国地产,19930524,
600657.SH,信达地产,20151023,5.6603,5.9242,5.9788,5.6239,5.6603,4.6623,209634.02,134174.384,0.2638999999999996,北京,全国地产,19930524,
600657.SH,信达地产,20151022,5.5511,5.6603,5.6603,5.5147,5.5511,1.9672,93788.34,57591.274,0.10920000000000041,北京,全国地产,19930524,
600657.SH,信达地产,20151021,5.8241,5.5511,5.8696,5.4783,5.8332,-4.8361,174622.85,109823.823,-0.2820999999999998,北京,全国地产,19930524,
600657.SH,信达地产,20151020,5.7513,5.8332,5.8423,5.7331,5.7786,0.9449,119479.71,76075.801,0.05459999999999976,北京,全国地产,19930524,
600657.SH,信达地产,20151019,5.906,5.7786,5.9333,5.7058,5.8969,-2.0061,119228.4,76336.352,-0.11829999999999963,北京,全国地产,19930524,
600657.SH,信达地产,20151016,5.8514,5.8969,5.9242,5.7877,5.8423,0.9346,134890.17,86915.359,0.05459999999999976,北京,全国地产,19930524,
600657.SH,信达地产,20151015,5.6421,5.8423,5.8696,5.6148,5.6967,2.5559,157044.11,98878.547,0.14559999999999995,北京,全国地产,19930524,
600657.SH,信达地产,20151014,5.7331,5.6967,5.7786,5.6421,5.7149,-0.3185,78289.18,49135.337,-0.018200000000000216,北京,全国地产,19930524,
600657.SH,信达地产,20151013,5.7149,5.7149,5.7422,5.633,5.7513,-0.6329,90964.73,56884.034,-0.036399999999999544,北京,全国地产,19930524,
600657.SH,信达地产,20151012,5.6239,5.7513,5.8241,5.6057,5.5238,4.1185,111493.0,70305.598,0.22750000000000004,北京,全国地产,19930524,
600657.SH,信达地产,20151009,5.4692,5.5238,5.5602,5.4055,5.4783,0.8305,75354.79,45395.711,0.04549999999999965,北京,全国地产,19930524,
600657.SH,信达地产,20151008,5.5693,5.4783,5.6239,5.3782,5.2781,3.793,125989.92,76519.723,0.2001999999999997,北京,全国地产,19930524,
600657.SH,信达地产,20150930,5.1052,5.2781,5.3054,5.0597,5.0961,3.5714,73421.1,42047.85,0.18200000000000038,北京,全国地产,19930524,
600657.SH,信达地产,20150929,5.0779,5.0961,5.1598,5.0597,5.178,-1.5817,45090.74,25249.141,-0.08190000000000008,北京,全国地产,19930524,
600657.SH,信达地产,20150928,5.0961,5.178,5.1871,5.0051,5.0779,1.9713,35523.3,19970.924,0.1001000000000003,北京,全国地产,19930524,
600657.SH,信达地产,20150925,5.2326,5.0779,5.2508,5.0233,5.2417,-3.1249,52951.06,29850.748,-0.16380000000000017,北京,全国地产,19930524,
600657.SH,信达地产,20150924,5.1598,5.2417,5.3054,5.1143,5.1416,1.9469,90987.29,52100.294,0.10009999999999941,北京,全国地产,19930524,
600657.SH,信达地产,20150923,5.2508,5.1416,5.2872,5.0779,5.3145,-3.2534,61631.03,35104.285,-0.1728999999999994,北京,全国地产,19930524,
600657.SH,信达地产,20150922,5.2599,5.3145,5.3964,5.2235,5.2235,1.7421,84435.6,49095.022,0.09100000000000019,北京,全国地产,19930524,
600657.SH,信达地产,20150921,4.9778,5.2235,5.2417,4.9687,5.0597,3.2373,85016.17,48213.856,0.16379999999999928,北京,全国地产,19930524,
600657.SH,信达地产,20150918,5.0324,5.0597,5.1234,4.9869,5.0142,0.9074,65577.11,36315.987,0.04550000000000054,北京,全国地产,19930524,
600657.SH,信达地产,20150917,5.1598,5.0142,5.2599,4.996,5.2053,-3.6713,118732.74,66879.594,-0.1911000000000005,北京,全国地产,19930524,
600657.SH,信达地产,20150916,4.9141,5.2053,5.3054,4.8049,4.8231,7.9244,112780.83,61846.614,0.3822000000000001,北京,全国地产,19930524,
600657.SH,信达地产,20150915,5.1416,4.8231,5.1598,4.7412,5.178,-6.854,95299.0,51896.772,-0.35489999999999977,北京,全国地产,19930524,
600657.SH,信达地产,20150914,5.7331,5.178,5.7786,5.1143,5.6785,-8.8139,122884.56,72699.195,-0.5004999999999997,北京,全国地产,19930524,
600657.SH,信达地产,20150911,5.6421,5.6785,5.7695,5.5511,5.6239,0.9709,70560.2,43934.655,0.05459999999999976,北京,全国地产,19930524,
600657.SH,信达地产,20150910,5.8059,5.6239,5.8696,5.6057,5.8787,-4.3343,102841.96,64868.556,-0.25480000000000036,北京,全国地产,19930524,
600657.SH,信达地产,20150909,5.7149,5.8787,5.8787,5.6512,5.7058,3.0302,189361.58,121161.443,0.17290000000000028,北京,全国地产,19930524,
600657.SH,信达地产,20150908,5.5602,5.7058,5.7331,5.3691,5.5784,2.2838,110483.94,67569.808,0.12739999999999974,北京,全国地产,19930524,
600657.SH,信达地产,20150907,5.6148,5.5784,5.8878,5.4965,5.633,-0.9693,147852.76,92223.563,-0.05459999999999976,北京,全国地产,19930524,
600657.SH,信达地产,20150902,5.1143,5.633,5.7695,5.0051,5.3418,5.4513,226363.29,135998.986,0.2911999999999999,北京,全国地产,19930524,
600657.SH,信达地产,20150901,5.7604,5.3418,5.8423,5.2417,5.6967,-6.2299,159766.72,97377.668,-0.35489999999999977,北京,全国地产,19930524,
600657.SH,信达地产,20150831,6.0516,5.6967,6.0698,5.5784,6.1517,-7.3963,146784.91,94412.578,-0.45500000000000007,北京,全国地产,19930524,
600657.SH,信达地产,20150828,5.8605,6.1517,6.179,5.7331,5.7877,6.2892,221376.66,144079.094,0.3639999999999999,北京,全国地产,19930524,
600657.SH,信达地产,20150827,5.8059,5.7877,5.997,5.3782,5.6239,2.9126,175801.33,108942.542,0.16380000000000017,北京,全国地产,19930524,
600657.SH,信达地产,20150826,5.7149,5.6239,6.0334,5.4692,5.6694,-0.8026,238651.59,151904.822,-0.04550000000000054,北京,全国地产,19930524,
600657.SH,信达地产,20150825,5.6694,5.6694,5.8423,5.6694,6.2974,-9.9724,214000.59,133480.66,-0.6279999999999992,北京,全国地产,19930524,
600657.SH,信达地产,20150824,6.716,6.2974,6.716,6.2974,6.9981,-10.0127,129212.07,89854.284,-0.7007000000000003,北京,全国地产,19930524,
600657.SH,信达地产,20150821,7.08,6.9981,7.5077,6.8525,7.2074,-2.904,221507.52,174709.365,-0.20929999999999982,北京,全国地产,19930524,
600657.SH,信达地产,20150820,7.1346,7.2074,7.5987,7.0345,7.3257,-1.6149,241999.02,194216.038,-0.11830000000000052,北京,全国地产,19930524,
600657.SH,信达地产,20150819,6.5158,7.3257,7.3985,6.3338,6.8616,6.7637,289262.35,218579.173,0.4641000000000002,北京,全国地产,19930524,
600657.SH,信达地产,20150818,7.6442,6.8616,7.7716,6.8616,7.626,-10.0236,313522.1,249196.198,-0.7644000000000002,北京,全国地产,19930524,
600657.SH,信达地产,20150817,7.1437,7.626,7.6988,7.0163,7.2529,5.1441,438089.82,356440.032,0.3731,北京,全国地产,19930524,
600657.SH,信达地产,20150814,7.3166,7.2529,7.5532,7.1801,7.1801,1.0139,454021.94,368859.15,0.07279999999999998,北京,全国地产,19930524,
600657.SH,信达地产,20150813,6.6432,7.1801,7.1801,6.6432,6.5249,10.0415,491907.8,383067.204,0.6552000000000007,北京,全国地产,19930524,
600657.SH,信达地产,20150812,6.6796,6.5249,6.7797,6.5067,6.7706,-3.6289,131595.7,96143.247,-0.24570000000000025,北京,全国地产,19930524,
600657.SH,信达地产,20150811,6.7706,6.7706,6.9071,6.6978,6.8343,-0.9321,171687.23,128203.867,-0.06369999999999987,北京,全国地产,19930524,
600657.SH,信达地产,20150810,6.6068,6.8343,6.8434,6.5613,6.5704,4.0165,208723.52,154403.769,0.2638999999999996,北京,全国地产,19930524,
600657.SH,信达地产,20150807,6.5067,6.5704,6.625,6.4521,6.3429,3.5867,118329.5,85239.041,0.22750000000000004,北京,全国地产,19930524,
600657.SH,信达地产,20150806,6.3793,6.3429,6.4339,6.27,6.5067,-2.5174,81904.0,57093.974,-0.16380000000000017,北京,全国地产,19930524,
600657.SH,信达地产,20150805,6.6432,6.5067,6.7251,6.4703,6.6887,-2.721,104742.58,75959.931,-0.1819999999999995,北京,全国地产,19930524,
600657.SH,信达地产,20150804,6.4794,6.6887,6.6978,6.3156,6.4885,3.0855,174840.64,125544.884,0.2001999999999997,北京,全国地产,19930524,
600657.SH,信达地产,20150803,6.1062,6.4885,6.4976,5.9788,6.1426,5.6312,270615.62,185169.902,0.3459000000000003,北京,全国地产,19930524,
600657.SH,信达地产,20150731,6.0061,6.1426,6.179,6.0061,6.088,0.8968,131378.73,87938.262,0.05459999999999976,北京,全国地产,19930524,
600657.SH,信达地产,20150730,6.3702,6.088,6.4521,6.0607,6.3793,-4.5663,154062.47,106876.568,-0.29129999999999967,北京,全国地产,19930524,
600657.SH,信达地产,20150729,6.2154,6.3793,6.4248,5.9151,6.1335,4.0075,159315.02,107407.897,0.24580000000000002,北京,全国地产,19930524,
600657.SH,信达地产,20150728,5.9151,6.1335,6.2427,5.5511,6.0425,1.506,278701.25,182525.347,0.0909999999999993,北京,全国地产,19930524,
600657.SH,信达地产,20150727,6.5522,6.0425,6.8707,6.0425,6.716,-10.0283,295519.01,210514.655,-0.6734999999999998,北京,全国地产,19930524,
600657.SH,信达地产,20150724,6.8798,6.716,7.0345,6.6705,6.8798,-2.3809,319487.15,241557.528,-0.16380000000000017,北京,全国地产,19930524,
600657.SH,信达地产,20150723,6.6341,6.8798,6.9344,6.5704,6.6341,3.7036,285878.66,212761.998,0.24570000000000025,北京,全国地产,19930524,
600657.SH,信达地产,20150722,6.5067,6.6341,6.6614,6.3884,6.5522,1.25,257019.68,184882.941,0.08190000000000008,北京,全国地产,19930524,
600657.SH,信达地产,20150721,6.4066,6.5522,6.6614,6.3793,6.5158,0.5586,200495.9,143528.218,0.03640000000000043,北京,全国地产,19930524,
600657.SH,信达地产,20150720,6.5431,6.5158,6.7615,6.3702,6.534,-0.2785,225692.59,162949.744,-0.018200000000000216,北京,全国地产,19930524,
600657.SH,信达地产,20150717,6.1881,6.534,6.6796,6.1881,6.179,5.7453,215658.24,153138.373,0.35499999999999954,北京,全国地产,19930524,
600657.SH,信达地产,20150716,6.1062,6.179,6.4248,5.6603,6.1062,1.1922,264740.53,177907.831,0.07279999999999998,北京,全国地产,19930524,
600657.SH,信达地产,20150715,6.5613,6.1062,6.7342,6.1062,6.7797,-9.9341,287278.52,199608.313,-0.6734999999999998,北京,全国地产,19930524,
600657.SH,信达地产,20150714,6.625,6.7797,7.1437,6.5522,6.8252,-0.6666,563234.79,421071.267,-0.04549999999999965,北京,全国地产,19930524,
600657.SH,信达地产,20150713,6.5522,6.8252,6.8252,6.3702,6.2063,9.9721,493375.55,362149.522,0.6189,北京,全国地产,19930524,
600657.SH,信达地产,20150710,5.8969,6.2063,6.2063,5.8241,5.6421,9.9998,250203.22,168401.032,0.5641999999999996,北京,全国地产,19930524,
600657.SH,信达地产,20150709,5.1871,5.6421,5.6421,5.1507,5.1325,9.9289,305812.18,185368.204,0.5095999999999998,北京,全国地产,19930524,
600657.SH,信达地产,20150708,4.8504,5.1325,5.4146,4.8504,5.3873,-4.7296,924160.23,522043.042,-0.25479999999999947,北京,全国地产,19930524,
600657.SH,信达地产,20150707,5.6421,5.3873,6.0152,5.3691,5.9606,-9.6182,674115.79,409626.393,-0.5733000000000006,北京,全国地产,19930524,
600657.SH,信达地产,20150706,6.0607,5.9606,6.088,4.996,5.5329,7.7301,846739.2,533088.59,0.42770000000000064,北京,全国地产,19930524,
600657.SH,信达地产,20150703,5.8332,5.5329,6.088,5.5329,6.1426,-9.9258,615307.34,383102.618,-0.6097000000000001,北京,全国地产,19930524,
600657.SH,信达地产,20150702,6.7979,6.1426,7.0072,6.1426,6.8252,-10.0012,471493.37,333370.912,-0.6825999999999999,北京,全国地产,19930524,
600657.SH,信达地产,20150701,7.4895,6.8252,7.5987,6.7615,7.4986,-8.9803,449559.9,362149.832,-0.6734,北京,全国地产,19930524,
600657.SH,信达地产,20150630,7.08,7.4986,7.5532,6.3884,7.0891,5.7765,577742.97,444675.643,0.40949999999999953,北京,全国地产,19930524,
600657.SH,信达地产,20150629,8.081,7.0891,8.081,7.0345,7.8171,-9.3129,539731.35,439994.86,-0.7279999999999998,北京,全国地产,19930524,
600657.SH,信达地产,20150626,8.3449,7.8171,8.4177,7.8171,8.6816,-9.9578,346876.53,306451.303,-0.8644999999999996,北京,全国地产,19930524,
600657.SH,信达地产,20150625,9.2458,8.6816,9.2458,8.5269,9.1912,-5.5444,409424.07,404711.784,-0.5096000000000007,北京,全国地产,19930524,
600657.SH,信达地产,20150624,9.0547,9.1912,9.2458,8.9182,8.9455,2.7466,380731.21,378504.927,0.24570000000000114,北京,全国地产,19930524,
600657.SH,信达地产,20150623,9.0365,8.9455,9.1093,8.2448,8.9364,0.1018,276848.27,266858.8,0.009099999999998332,北京,全国地产,19930524,
600657.SH,信达地产,20150619,9.3368,8.9364,9.6553,8.7362,9.6735,-7.6198,316565.67,320966.592,-0.7370999999999999,北京,全国地产,19930524,
600657.SH,信达地产,20150618,10.2377,9.6735,10.265,9.6462,10.1103,-4.3203,338672.21,372693.667,-0.43679999999999986,北京,全国地产,19930524,
600657.SH,信达地产,20150617,9.7224,10.1102,10.2094,9.4699,9.7224,3.9887,360020.31,393394.756,0.38780000000000037,北京,全国地产,19930524,
600657.SH,信达地产,20150616,10.1463,9.7224,10.2996,9.6052,10.3357,-5.9338,380870.88,420261.13,-0.6132999999999988,北京,全国地产,19930524,
600657.SH,信达地产,20150615,10.2726,10.3357,10.9129,10.2726,10.2004,1.3264,563258.23,657862.839,0.1352999999999991,北京,全国地产,19930524,
600657.SH,信达地产,20150612,10.029,10.2004,10.5521,9.9569,10.029,1.709,555476.49,631179.06,0.17140000000000022,北京,全国地产,19930524,
600657.SH,信达地产,20150611,9.5871,10.029,10.2365,9.4789,9.6052,4.4122,534159.26,583084.412,0.42379999999999995,北京,全国地产,19930524,
600657.SH,信达地产,20150610,9.2715,9.6052,9.8847,9.1091,9.3707,2.5025,491374.92,523678.114,0.2345000000000006,北京,全国地产,19930524,
600657.SH,信达地产,20150609,9.6953,9.3707,9.7404,9.2083,9.6953,-3.348,493909.43,515490.255,-0.3246000000000002,北京,全国地产,19930524,
600657.SH,信达地产,20150608,10.011,9.6953,10.0651,9.4248,10.002,-3.0664,596823.91,638423.335,-0.3067000000000011,北京,全国地产,19930524,
600657.SH,信达地产,20150605,10.002,10.002,10.6874,9.6503,9.993,0.0901,766737.7,866137.739,0.009000000000000341,北京,全国地产,19930524,
600657.SH,信达地产,20150604,9.993,9.993,9.993,8.5229,9.0821,10.0296,1055638.91,1120757.016,0.9108999999999998,北京,全国地产,19930524,
600657.SH,信达地产,20150520,8.2794,9.0821,9.0821,8.2794,8.2523,10.0554,862341.12,848172.191,0.8298000000000005,北京,全国地产,19930524,
600657.SH,信达地产,20150519,7.7022,8.2523,8.3966,7.6661,7.6931,7.2689,505834.14,456204.76,0.5591999999999997,北京,全国地产,19930524,
600657.SH,信达地产,20150518,7.639,7.6931,7.7743,7.5218,7.621,0.9461,211831.17,180333.421,0.07209999999999983,北京,全国地产,19930524,
600657.SH,信达地产,20150515,7.9367,7.621,7.9367,7.5579,7.9547,-4.195,248804.55,212195.797,-0.33369999999999944,北京,全国地产,19930524,
600657.SH,信达地产,20150514,8.0449,7.9547,8.099,7.8825,8.0539,-1.2317,271904.55,240409.137,-0.09920000000000062,北京,全国地产,19930524,
600657.SH,信达地产,20150513,7.9276,8.0539,8.09,7.7924,7.9276,1.5932,322395.48,284858.717,0.12630000000000052,北京,全国地产,19930524,
600657.SH,信达地产,20150512,8.0088,7.9276,8.0178,7.8014,8.0088,-1.0139,241213.28,210865.456,-0.08120000000000083,北京,全国地产,19930524,
600657.SH,信达地产,20150511,7.9547,8.0088,8.108,7.8555,7.7202,3.7382,278249.81,246229.493,0.28860000000000063,北京,全国地产,19930524,
600657.SH,信达地产,20150508,7.6751,7.7202,7.7473,7.5308,7.5579,2.1474,216072.2,183215.771,0.1623000000000001,北京,全国地产,19930524,
600657.SH,信达地产,20150507,7.8104,7.5579,7.9547,7.4947,7.8555,-3.7884,216731.9,185571.246,-0.2976000000000001,北京,全国地产,19930524,
600657.SH,信达地产,20150506,8.1802,7.8555,8.3605,7.8104,8.1711,-3.8624,219766.09,197871.093,-0.315599999999999,北京,全国地产,19930524,
600657.SH,信达地产,20150505,8.7664,8.1711,8.7935,8.0539,8.7393,-6.5017,325922.48,303287.047,-0.5682000000000009,北京,全国地产,19930524,
600657.SH,信达地产,20150504,8.586,8.7393,8.8656,8.5319,8.5409,2.3229,419750.52,405718.116,0.19839999999999947,北京,全国地产,19930524,
600657.SH,信达地产,20150430,8.3335,8.5409,8.7033,8.2794,8.3515,2.2679,419097.37,395878.136,0.1894000000000009,北京,全国地产,19930524,
600657.SH,信达地产,20150429,8.2072,8.3515,8.4237,8.0268,8.2162,1.6467,279260.26,255601.87,0.1352999999999991,北京,全国地产,19930524,
600657.SH,信达地产,20150428,8.4688,8.2162,8.5409,8.1351,8.559,-4.0051,375043.79,344688.361,-0.34279999999999866,北京,全国地产,19930524,
600657.SH,信达地产,20150427,8.4327,8.559,8.7574,8.3966,8.4688,1.0651,389371.59,369430.413,0.09019999999999939,北京,全国地产,19930524,
600657.SH,信达地产,20150424,8.568,8.4688,8.6582,8.3696,8.7935,-3.6925,426940.59,403275.419,-0.3247,北京,全国地产,19930524,
600657.SH,信达地产,20150423,8.9738,8.7935,9.1722,8.6582,8.8476,-0.6115,634842.44,627316.2,-0.05410000000000004,北京,全国地产,19930524,
600657.SH,信达地产,20150422,8.7213,8.8476,8.9738,8.595,8.568,3.2633,717311.17,698180.422,0.2796000000000003,北京,全国地产,19930524,
600657.SH,信达地产,20150421,8.4417,8.568,8.568,8.1441,8.3335,2.8139,509872.5,474121.243,0.23449999999999882,北京,全国地产,19930524,
600657.SH,信达地产,20150420,8.3876,8.3335,8.5409,8.2162,8.2884,0.5441,620965.6,579253.313,0.04510000000000147,北京,全国地产,19930524,
600657.SH,信达地产,20150417,8.3064,8.2884,8.4327,8.1441,8.2523,0.4375,463264.61,425972.801,0.036099999999999355,北京,全国地产,19930524,
600657.SH,信达地产,20150416,8.2072,8.2523,8.3245,8.0268,8.3876,-1.6131,354837.19,322358.376,-0.13530000000000086,北京,全国地产,19930524,
600657.SH,信达地产,20150415,8.595,8.3876,8.6492,8.1261,8.595,-2.413,446364.4,414016.556,-0.2073999999999998,北京,全国地产,19930524,
600657.SH,信达地产,20150414,8.4417,8.595,8.6942,8.3605,8.4507,1.7076,561385.5,532133.858,0.1443000000000012,北京,全国地产,19930524,
600657.SH,信达地产,20150413,8.3876,8.4507,8.5229,8.3245,8.3966,0.6443,507188.88,474533.747,0.05410000000000004,北京,全国地产,19930524,
600657.SH,信达地产,20150410,8.4327,8.3966,8.6582,8.3425,8.5139,-1.3777,580622.41,544155.978,-0.11730000000000018,北京,全国地产,19930524,
600657.SH,信达地产,20150409,8.2794,8.5139,8.5409,7.9547,8.2704,2.9442,679425.64,627782.807,0.24349999999999916,北京,全国地产,19930524,
600657.SH,信达地产,20150408,8.3966,8.2704,8.4327,8.108,8.3696,-1.1852,403819.46,369690.444,-0.09919999999999973,北京,全国地产,19930524,
600657.SH,信达地产,20150407,8.2433,8.3696,8.4237,8.2433,8.2343,1.6431,349130.48,322215.031,0.13530000000000086,北京,全国地产,19930524,
600657.SH,信达地产,20150403,8.117,8.2343,8.2613,7.9547,8.3155,-0.9765,464088.86,416870.051,-0.08120000000000083,北京,全国地产,19930524,
600657.SH,信达地产,20150402,8.4868,8.3155,8.5409,8.2343,8.4688,-1.8102,395814.54,366072.296,-0.15329999999999977,北京,全国地产,19930524,
600657.SH,信达地产,20150401,8.4598,8.4688,8.5139,8.2523,8.5409,-0.8442,461017.5,427651.745,-0.07210000000000072,北京,全国地产,19930524,
600657.SH,信达地产,20150331,9.0189,8.5409,9.2173,8.4778,8.6582,-1.3548,788376.21,775170.569,-0.11730000000000018,北京,全国地产,19930524,
600657.SH,信达地产,20150330,7.9908,8.6582,9.0189,7.9547,8.2433,5.0332,1068448.54,992996.73,0.41490000000000116,北京,全国地产,19930524,
600657.SH,信达地产,20150327,7.63,8.2433,8.2523,7.5759,7.5037,9.8565,1008039.71,894635.5,0.7395999999999994,北京,全国地产,19930524,
600657.SH,信达地产,20150326,7.3053,7.5037,7.5579,7.134,7.3234,2.462,350690.16,285884.45,0.1802999999999999,北京,全国地产,19930524,
600657.SH,信达地产,20150325,7.4677,7.3234,7.4857,7.2242,7.4677,-1.9323,278771.94,226558.144,-0.14429999999999943,北京,全国地产,19930524,
600657.SH,信达地产,20150324,7.621,7.4677,7.621,7.2151,7.63,-2.1271,421531.67,347187.462,-0.1623000000000001,北京,全国地产,19930524,
600657.SH,信达地产,20150323,7.5669,7.63,8.0539,7.4947,7.4316,2.6697,654710.73,562042.834,0.19839999999999947,北京,全国地产,19930524,
600657.SH,信达地产,20150320,7.143,7.4316,7.4406,7.0528,7.1069,4.5688,411872.78,331163.383,0.3247,北京,全国地产,19930524,
600657.SH,信达地产,20150319,7.2151,7.1069,7.2963,7.0257,7.125,-0.254,325865.73,258401.869,-0.01809999999999956,北京,全国地产,19930524,
600657.SH,信达地产,20150318,6.9806,7.125,7.17,6.8995,6.9085,3.1338,364713.94,285709.167,0.21649999999999991,北京,全国地产,19930524,
600657.SH,信达地产,20150317,6.8905,6.9085,6.9897,6.8183,6.8273,1.1893,314125.68,240799.831,0.08119999999999994,北京,全国地产,19930524,
600657.SH,信达地产,20150316,6.7191,6.8273,6.8544,6.656,6.656,2.5736,218207.06,163903.343,0.17130000000000045,北京,全国地产,19930524,
600657.SH,信达地产,20150313,6.665,6.656,6.7371,6.5838,6.665,-0.135,131334.93,97192.782,-0.009000000000000341,北京,全国地产,19930524,
600657.SH,信达地产,20150312,6.5117,6.665,6.683,6.5117,6.5117,2.3542,181413.6,133078.675,0.15329999999999977,北京,全国地产,19930524,
600657.SH,信达地产,20150311,6.5928,6.5117,6.6379,6.4846,6.5928,-1.2301,159959.53,116248.562,-0.08110000000000017,北京,全国地产,19930524,
600657.SH,信达地产,20150310,6.7101,6.5928,6.7191,6.4936,6.692,-1.4824,252599.06,184452.777,-0.09919999999999973,北京,全国地产,19930524,
600657.SH,信达地产,20150309,6.683,6.692,6.8634,6.5568,6.7281,-0.5366,199421.88,147929.341,-0.03610000000000024,北京,全国地产,19930524,
600657.SH,信达地产,20150306,6.6379,6.7281,6.7371,6.5387,6.6109,1.7728,167232.31,123196.094,0.11720000000000041,北京,全国地产,19930524,
600657.SH,信达地产,20150305,6.7913,6.6109,6.7913,6.5658,6.7462,-2.0056,185241.47,136724.904,-0.13529999999999998,北京,全国地产,19930524,
600657.SH,信达地产,20150304,6.7642,6.7462,6.8183,6.683,6.7191,0.4033,176726.8,132065.653,0.027099999999999902,北京,全国地产,19930524,
600657.SH,信达地产,20150303,7.0167,6.7191,7.0348,6.692,7.0979,-5.3368,335551.1,253797.653,-0.3788,北京,全国地产,19930524,
600657.SH,信达地产,20150302,7.2151,7.0979,7.3865,6.9987,6.9536,2.0752,456768.27,362354.832,0.14430000000000032,北京,全国地产,19930524,
600657.SH,信达地产,20150227,6.9265,6.9536,7.1069,6.8905,6.9536,0.0,121661.24,94283.579,0.0,北京,全国地产,19930524,
600657.SH,信达地产,20150226,6.692,6.9536,6.9626,6.656,6.7011,3.768,117451.47,89200.155,0.2524999999999995,北京,全国地产,19930524,
600657.SH,信达地产,20150225,6.8544,6.7011,6.8814,6.683,6.8905,-2.7487,81375.61,60892.444,-0.1894,北京,全国地产,19930524,
600657.SH,信达地产,20150217,6.8814,6.8905,6.9716,6.8454,6.8544,0.5267,84490.96,64452.73,0.03610000000000024,北京,全国地产,19930524,
600657.SH,信达地产,20150216,6.8995,6.8544,6.9897,6.8454,6.9446,-1.2989,118547.84,90644.529,-0.09020000000000028,北京,全国地产,19930524,
600657.SH,信达地产,20150213,6.7732,6.9446,7.0528,6.7642,6.7732,2.5306,220956.25,168755.332,0.17140000000000022,北京,全国地产,19930524,
600657.SH,信达地产,20150212,6.7191,6.7732,6.8093,6.674,6.7101,0.9404,62578.42,46817.24,0.06310000000000038,北京,全国地产,19930524,
600657.SH,信达地产,20150211,6.692,6.7101,6.8363,6.6019,6.674,0.5409,94443.33,70731.815,0.036099999999999355,北京,全国地产,19930524,
600657.SH,信达地产,20150210,6.5838,6.674,6.7281,6.5026,6.6019,1.0921,80493.97,59499.147,0.07210000000000072,北京,全国地产,19930524,
600657.SH,信达地产,20150209,6.6019,6.6019,6.6289,6.3132,6.6019,0.0,107627.2,77357.511,0.0,北京,全国地产,19930524,
600657.SH,信达地产,20150206,6.7642,6.6019,6.8544,6.4846,6.8634,-3.8101,147497.38,108197.616,-0.26150000000000073,北京,全国地产,19930524,
600657.SH,信达地产,20150205,7.2151,6.8634,7.2151,6.8544,6.9356,-1.041,203873.43,160025.026,-0.0721999999999996,北京,全国地产,19930524,
600657.SH,信达地产,20150204,6.8454,6.9356,6.9626,6.7642,6.8724,0.9196,148236.23,113034.071,0.06320000000000014,北京,全国地产,19930524,
600657.SH,信达地产,20150203,6.9446,6.8724,7.0257,6.674,6.9085,-0.5225,162168.9,122999.178,-0.03610000000000024,北京,全国地产,19930524,
600657.SH,信达地产,20150202,6.9897,6.9085,7.2061,6.8454,7.152,-3.4046,196322.43,152386.555,-0.24350000000000005,北京,全国地产,19930524,
600657.SH,信达地产,20150130,7.0438,7.152,7.4406,6.8905,7.0167,1.9283,278691.19,222939.317,0.13529999999999998,北京,全国地产,19930524,
600657.SH,信达地产,20150129,7.0167,7.0167,7.2061,6.9897,7.134,-1.6442,103701.64,81246.374,-0.11730000000000018,北京,全国地产,19930524,
600657.SH,信达地产,20150128,7.0618,7.134,7.2061,7.0167,7.134,0.0,141165.86,111346.58,0.0,北京,全国地产,19930524,
600657.SH,信达地产,20150127,7.3053,7.134,7.3053,6.9446,7.2873,-2.1037,214245.18,168850.399,-0.15329999999999977,北京,全国地产,19930524,
600657.SH,信达地产,20150126,7.2151,7.2873,7.4857,7.2061,7.2151,1.0007,235650.41,191235.699,0.07220000000000049,北京,全国地产,19930524,
600657.SH,信达地产,20150123,7.3053,7.2151,7.3865,7.134,7.3414,-1.7204,197922.41,158607.441,-0.12630000000000052,北京,全国地产,19930524,
600657.SH,信达地产,20150122,7.3504,7.3414,7.4767,7.17,7.3414,0.0,260679.61,211595.172,0.0,北京,全国地产,19930524,
600657.SH,信达地产,20150121,6.9897,7.3414,7.4767,6.9265,7.0528,4.092,373632.75,300013.262,0.28859999999999975,北京,全国地产,19930524,
600657.SH,信达地产,20150120,6.8995,7.0528,7.134,6.8093,6.683,5.5334,331775.66,257165.729,0.3698000000000006,北京,全国地产,19930524,
600657.SH,信达地产,20150119,6.4936,6.683,7.17,6.3223,6.7822,-1.4627,492548.79,373247.684,-0.09919999999999973,北京,全国地产,19930524,
600657.SH,信达地产,20150116,6.5568,6.7822,6.8544,6.4125,6.5026,4.2998,304780.22,225770.254,0.2795999999999994,北京,全国地产,19930524,
600657.SH,信达地产,20150115,6.1689,6.5026,6.5117,6.1239,6.1239,6.184,181738.87,128039.066,0.37870000000000026,北京,全国地产,19930524,
600657.SH,信达地产,20150114,6.1509,6.1239,6.178,6.0427,6.0968,0.4445,102947.91,69737.376,0.027099999999999902,北京,全国地产,19930524,
600657.SH,信达地产,20150113,6.1058,6.0968,6.187,5.9886,6.1058,-0.1474,159974.92,107840.174,-0.009000000000000341,北京,全国地产,19930524,
600657.SH,信达地产,20150112,6.3132,6.1058,6.3764,6.0788,6.4756,-5.7107,186583.84,128038.717,-0.3697999999999997,北京,全国地产,19930524,
600657.SH,信达地产,20150109,6.5387,6.4756,6.656,6.3854,6.5026,-0.4152,270328.55,196097.884,-0.027000000000000135,北京,全国地产,19930524,
600657.SH,信达地产,20150108,6.8995,6.5026,6.9356,6.4666,6.9446,-6.3647,359942.93,263360.928,-0.44200000000000017,北京,全国地产,19930524,
600657.SH,信达地产,20150107,7.1159,6.9446,7.3955,6.8183,7.1159,-2.4073,255627.39,199135.39,-0.17129999999999956,北京,全国地产,19930524,
600657.SH,信达地产,20150106,7.4045,7.1159,7.4136,6.9626,7.5398,-5.6222,339752.6,270941.622,-0.4238999999999997,北京,全国地产,19930524,
600657.SH,信达地产,20150105,7.4857,7.5398,8.099,7.4857,7.3594,2.4513,583759.96,501800.734,0.18039999999999967,北京,全国地产,19930524,
600657.SH,信达地产,20141231,6.8544,7.3594,7.4947,6.7371,6.8905,6.805,328141.6,257459.817,0.46889999999999965,北京,全国地产,19930524,
600657.SH,信达地产,20141230,6.8544,6.8905,6.9716,6.5838,6.8093,1.1925,218362.65,164545.005,0.08119999999999994,北京,全国地产,19930524,
600657.SH,信达地产,20141229,6.8454,6.8093,7.1791,6.5838,6.7913,0.265,339295.24,258906.214,0.018000000000000682,北京,全国地产,19930524,
600657.SH,信达地产,20141226,6.7371,6.7913,6.9356,6.674,6.7732,0.2672,185758.19,140530.454,0.01809999999999956,北京,全国地产,19930524,
600657.SH,信达地产,20141225,6.5207,6.7732,6.8093,6.3674,6.6019,2.5947,210968.48,154755.234,0.17130000000000045,北京,全国地产,19930524,
600657.SH,信达地产,20141224,7.0167,6.6019,7.0528,6.5838,7.0257,-6.0321,243248.26,183592.137,-0.42379999999999995,北京,全国地产,19930524,
600657.SH,信达地产,20141223,6.7191,7.0257,7.1069,6.5748,6.7642,3.8659,325978.43,250392.943,0.26149999999999984,北京,全国地产,19930524,
600657.SH,信达地产,20141222,6.9536,6.7642,7.17,6.6019,6.9446,-2.5977,279036.52,211967.233,-0.18040000000000056,北京,全国地产,19930524,
600657.SH,信达地产,20141219,6.8544,6.9446,7.1971,6.6019,6.8995,0.6537,339384.35,259464.446,0.045100000000000584,北京,全国地产,19930524,
600657.SH,信达地产,20141218,6.7732,6.8995,7.143,6.7011,6.656,3.6584,303578.78,233312.779,0.24350000000000005,北京,全国地产,19930524,
600657.SH,信达地产,20141217,6.5297,6.656,6.8995,6.4034,6.5297,1.9342,297365.46,220835.598,0.12629999999999963,北京,全国地产,19930524,
600657.SH,信达地产,20141216,6.4936,6.5297,6.665,6.3223,6.6019,-1.0936,290169.87,207809.051,-0.0721999999999996,北京,全国地产,19930524,
600657.SH,信达地产,20141215,6.205,6.6019,6.7642,6.0066,6.196,6.551,409137.49,290786.342,0.4058999999999999,北京,全国地产,19930524,
600657.SH,信达地产,20141212,6.1329,6.196,6.5928,6.0697,6.0517,2.3845,573657.2,401349.871,0.14429999999999943,北京,全国地产,19930524,
600657.SH,信达地产,20141211,5.5015,6.0517,6.0517,5.4294,5.5015,10.0009,867585.42,569589.207,0.5502000000000002,北京,全国地产,19930524,
600657.SH,信达地产,20141210,5.3572,5.5015,5.5737,5.1949,5.3572,2.6936,311225.74,186885.641,0.14430000000000032,北京,全国地产,19930524,
600657.SH,信达地产,20141209,5.6368,5.3572,6.2772,5.3302,5.8172,-7.9076,803883.42,513560.222,-0.45999999999999996,北京,全国地产,19930524,
600657.SH,信达地产,20141208,5.6188,5.8172,6.0156,5.3572,5.6819,2.3812,620066.42,394821.96,0.13529999999999998,北京,全国地产,19930524,
600657.SH,信达地产,20141205,6.0066,5.6819,6.0427,5.5196,6.1329,-7.3538,641355.13,412640.339,-0.4510000000000005,北京,全国地产,19930524,
600657.SH,信达地产,20141204,5.4835,6.1329,6.1419,5.4114,5.5827,9.8554,769004.02,495731.194,0.5502000000000002,北京,全国地产,19930524,
600657.SH,信达地产,20141203,5.5917,5.5827,6.1419,5.4565,5.5827,0.0,1129594.17,729010.044,0.0,北京,全国地产,19930524,
600657.SH,信达地产,20141202,4.9694,5.5827,5.5917,4.9153,5.0867,9.7509,821383.85,482049.269,0.49599999999999955,北京,全国地产,19930524,
600657.SH,信达地产,20141201,4.9604,5.0867,5.0867,4.8702,4.6267,9.9423,851758.57,473944.583,0.46000000000000085,北京,全国地产,19930524,
600657.SH,信达地产,20141128,4.1848,4.6267,4.6267,4.1667,4.2028,10.0861,596633.78,291116.863,0.4238999999999997,北京,全国地产,19930524,
600657.SH,信达地产,20141127,4.0766,4.2028,4.275,4.0495,4.0766,3.0957,340041.75,157195.051,0.12619999999999987,北京,全国地产,19930524,
600657.SH,信达地产,20141126,4.0585,4.0766,4.1216,3.9954,4.0585,0.446,218013.71,98022.977,0.01809999999999956,北京,全国地产,19930524,
600657.SH,信达地产,20141125,4.1126,4.0585,4.1758,4.0134,4.0946,-0.8816,287481.74,129718.695,-0.036099999999999355,北京,全国地产,19930524,
600657.SH,信达地产,20141124,4.1487,4.0946,4.2299,4.0495,3.8872,5.3355,629155.62,288573.033,0.2073999999999998,北京,全国地产,19930524,
600657.SH,信达地产,20141121,3.7338,3.8872,3.9052,3.7068,3.7158,4.6127,149625.85,62897.216,0.17139999999999977,北京,全国地产,19930524,
600657.SH,信达地产,20141120,3.7158,3.7158,3.7429,3.7068,3.7429,-0.724,64966.71,26812.293,-0.027099999999999902,北京,全国地产,19930524,
600657.SH,信达地产,20141119,3.824,3.7429,3.824,3.7248,3.815,-1.8899,126187.85,52722.844,-0.07209999999999983,北京,全国地产,19930524,
600657.SH,信达地产,20141118,3.815,3.815,3.8511,3.797,3.833,-0.4696,71635.01,30341.177,-0.018000000000000238,北京,全国地产,19930524,
600657.SH,信达地产,20141117,3.8421,3.833,3.8872,3.806,3.824,0.2354,89270.44,38026.511,0.009000000000000341,北京,全国地产,19930524,
600657.SH,信达地产,20141114,3.824,3.824,3.8601,3.7789,3.8511,-0.7037,106424.89,45066.088,-0.027100000000000346,北京,全国地产,19930524,
600657.SH,信达地产,20141113,3.9323,3.8511,3.9593,3.833,3.9232,-1.8378,143618.96,61910.771,-0.07209999999999983,北京,全国地产,19930524,
600657.SH,信达地产,20141112,3.833,3.9232,3.9323,3.7338,3.833,2.3532,191531.5,81768.856,0.09019999999999984,北京,全国地产,19930524,
600657.SH,信达地产,20141111,3.8421,3.833,3.9503,3.7789,3.833,0.0,325243.08,140033.895,0.0,北京,全国地产,19930524,
600657.SH,信达地产,20141110,3.797,3.833,3.8601,3.7519,3.797,0.9481,148278.81,62623.614,0.03600000000000003,北京,全国地产,19930524,
600657.SH,信达地产,20141107,3.824,3.797,3.8962,3.7879,3.833,-0.9392,154711.73,65804.472,-0.03600000000000003,北京,全国地产,19930524,
600657.SH,信达地产,20141106,3.815,3.833,3.8781,3.7789,3.815,0.4718,111201.65,47175.523,0.018000000000000238,北京,全国地产,19930524,
600657.SH,信达地产,20141105,3.8691,3.815,3.8872,3.806,3.8691,-1.3983,105595.59,44948.176,-0.05410000000000004,北京,全国地产,19930524,
600657.SH,信达地产,20141104,3.8781,3.8691,3.9052,3.833,3.8691,0.0,122644.29,52567.241,0.0,北京,全国地产,19930524,
600657.SH,信达地产,20141103,3.833,3.8691,3.9413,3.833,3.824,1.1794,213107.51,91677.457,0.04510000000000014,北京,全国地产,19930524,
600657.SH,信达地产,20141031,3.7519,3.824,3.833,3.7158,3.7248,2.6632,198796.38,83223.747,0.09919999999999973,北京,全国地产,19930524,
600657.SH,信达地产,20141030,3.7338,3.7248,3.7609,3.6797,3.7068,0.4856,166216.08,68551.608,0.018000000000000238,北京,全国地产,19930524,
600657.SH,信达地产,20141029,3.6527,3.7068,3.7429,3.6166,3.6346,1.9865,209410.32,85577.584,0.07220000000000004,北京,全国地产,19930524,
600657.SH,信达地产,20141028,3.5174,3.6346,3.6527,3.5174,3.5084,3.5971,118951.24,47556.425,0.12619999999999987,北京,全国地产,19930524,
600657.SH,信达地产,20141027,3.5535,3.5084,3.5535,3.4903,3.5535,-1.2692,88870.0,34699.427,-0.04510000000000014,北京,全国地产,19930524,
600657.SH,信达地产,20141024,3.5625,3.5535,3.5986,3.5264,3.5625,-0.2526,59513.43,23472.041,-0.008999999999999897,北京,全国地产,19930524,
600657.SH,信达地产,20141023,3.6797,3.5625,3.6978,3.4993,3.6797,-3.185,152928.93,60710.514,-0.11719999999999997,北京,全国地产,19930524,
600657.SH,信达地产,20141022,3.7789,3.6797,3.7879,3.6797,3.7699,-2.3926,76541.99,31737.258,-0.09019999999999984,北京,全国地产,19930524,
600657.SH,信达地产,20141021,3.806,3.7699,3.8511,3.7699,3.806,-0.9485,66372.99,28032.348,-0.03610000000000024,北京,全国地产,19930524,
600657.SH,信达地产,20141020,3.7609,3.806,3.824,3.7609,3.7609,1.1992,73846.06,31104.473,0.04510000000000014,北京,全国地产,19930524,
600657.SH,信达地产,20141017,3.7789,3.7609,3.833,3.7068,3.7879,-0.7128,127391.1,53235.095,-0.027000000000000135,北京,全国地产,19930524,
600657.SH,信达地产,20141016,3.8511,3.7879,3.9052,3.7699,3.8962,-2.7796,118197.15,50456.308,-0.10829999999999984,北京,全国地产,19930524,
600657.SH,信达地产,20141015,3.9864,3.8962,3.9864,3.806,3.9683,-1.8169,160012.09,68861.367,-0.07210000000000027,北京,全国地产,19930524,
600657.SH,信达地产,20141014,4.0224,3.9683,4.0585,3.9323,4.0315,-1.5677,182516.43,80404.166,-0.06320000000000014,北京,全国地产,19930524,
600657.SH,信达地产,20141013,3.9413,4.0315,4.0495,3.8962,3.9503,2.0555,204917.54,90379.063,0.08120000000000038,北京,全国地产,19930524,
600657.SH,信达地产,20141010,3.806,3.9503,4.0134,3.7789,3.806,3.7914,290103.18,125906.483,0.14429999999999987,北京,全国地产,19930524,
600657.SH,信达地产,20141009,3.7699,3.806,3.833,3.7068,3.7609,1.1992,188295.09,78747.138,0.04510000000000014,北京,全国地产,19930524,
600657.SH,信达地产,20141008,3.7519,3.7609,3.8962,3.7429,3.6707,2.4573,252462.39,106176.112,0.09019999999999984,北京,全国地产,19930524,
600657.SH,信达地产,20140930,3.6436,3.6707,3.6797,3.6346,3.6436,0.7438,85586.9,34694.636,0.027099999999999902,北京,全国地产,19930524,
600657.SH,信达地产,20140929,3.6707,3.6436,3.7068,3.6166,3.6707,-0.7383,154785.54,62700.968,-0.027099999999999902,北京,全国地产,19930524,
600657.SH,信达地产,20140926,3.6076,3.6707,3.7158,3.5986,3.6256,1.2439,116985.63,47628.83,0.04510000000000014,北京,全国地产,19930524,
600657.SH,信达地产,20140925,3.6256,3.6256,3.7248,3.5986,3.6166,0.2489,175247.59,71307.174,0.008999999999999897,北京,全国地产,19930524,
600657.SH,信达地产,20140924,3.5625,3.6166,3.6166,3.5354,3.5715,1.2628,131166.21,52196.221,0.04510000000000014,北京,全国地产,19930524,
600657.SH,信达地产,20140923,3.5625,3.5715,3.6346,3.5444,3.5264,1.2789,120572.94,47897.081,0.045099999999999696,北京,全国地产,19930524,
600657.SH,信达地产,20140922,3.6076,3.5264,3.6076,3.5084,3.5895,-1.7579,103241.41,40534.468,-0.06309999999999993,北京,全国地产,19930524,
600657.SH,信达地产,20140919,3.5895,3.5895,3.5986,3.5264,3.5805,0.2514,109938.09,43516.478,0.009000000000000341,北京,全国地产,19930524,
600657.SH,信达地产,20140918,3.6076,3.5805,3.6797,3.5625,3.5895,-0.2507,167046.14,66780.242,-0.009000000000000341,北京,全国地产,19930524,
600657.SH,信达地产,20140917,3.4993,3.5895,3.6076,3.4452,3.4903,2.8422,221514.58,86983.107,0.09920000000000018,北京,全国地产,19930524,
600657.SH,信达地产,20140916,3.5986,3.4903,3.6346,3.4633,3.5895,-2.7636,198682.79,78482.519,-0.09920000000000018,北京,全国地产,19930524,
600657.SH,信达地产,20140915,3.5625,3.5895,3.6346,3.5354,3.5535,1.0131,152755.3,60776.936,0.03600000000000003,北京,全国地产,19930524,
600657.SH,信达地产,20140912,3.4272,3.5535,3.5625,3.4182,3.4182,3.9582,190554.21,74144.946,0.13529999999999998,北京,全国地产,19930524,
600657.SH,信达地产,20140911,3.4633,3.4182,3.5174,3.4001,3.4723,-1.558,194626.21,74462.91,-0.05410000000000004,北京,全国地产,19930524,
600657.SH,信达地产,20140910,3.4092,3.4723,3.5535,3.3821,3.4001,2.1235,247285.28,95722.729,0.07220000000000004,北京,全国地产,19930524,
600657.SH,信达地产,20140909,3.3731,3.4001,3.4001,3.346,3.3731,0.8005,124294.86,46513.108,0.027000000000000135,北京,全国地产,19930524,
600657.SH,信达地产,20140905,3.355,3.3731,3.3821,3.3009,3.346,0.8099,150529.61,55811.768,0.027099999999999902,北京,全国地产,19930524,
600657.SH,信达地产,20140904,3.3099,3.346,3.4001,3.3099,3.2919,1.6434,198579.03,73672.005,0.05410000000000004,北京,全国地产,19930524,
600657.SH,信达地产,20140903,3.2649,3.2919,3.3099,3.2468,3.2649,0.827,162377.36,59017.326,0.027000000000000135,北京,全国地产,19930524,
600657.SH,信达地产,20140902,3.2288,3.2649,3.2649,3.2107,3.2198,1.4007,118339.73,42527.602,0.045099999999999696,北京,全国地产,19930524,
600657.SH,信达地产,20140901,3.1927,3.2198,3.2288,3.1837,3.2017,0.5653,92057.2,32761.061,0.018100000000000005,北京,全国地产,19930524,
600657.SH,信达地产,20140829,3.1386,3.2017,3.2198,3.1205,3.1386,2.0105,120377.19,42427.637,0.06310000000000038,北京,全国地产,19930524,
600657.SH,信达地产,20140828,3.1747,3.1386,3.1927,3.1205,3.1656,-0.8529,80200.34,28024.352,-0.027000000000000135,北京,全国地产,19930524,
600657.SH,信达地产,20140827,3.2378,3.1656,3.2468,3.1476,3.2198,-1.6833,127889.11,45109.765,-0.05420000000000025,北京,全国地产,19930524,
600657.SH,信达地产,20140826,3.2919,3.2198,3.319,3.2017,3.3099,-2.7221,123012.24,44536.4,-0.09009999999999962,北京,全国地产,19930524,
600657.SH,信达地产,20140825,3.2919,3.3099,3.319,3.2558,3.2919,0.5468,112242.89,40927.014,0.017999999999999794,北京,全国地产,19930524,
600657.SH,信达地产,20140822,3.3009,3.2919,3.3099,3.2558,3.2919,0.0,120414.66,43817.854,0.0,北京,全国地产,19930524,
600657.SH,信达地产,20140821,3.2829,3.2919,3.319,3.2468,3.2829,0.2741,146149.05,53177.749,0.008999999999999897,北京,全国地产,19930524,
600657.SH,信达地产,20140820,3.2468,3.2829,3.3009,3.2198,3.2558,0.8324,162429.61,58797.548,0.027100000000000346,北京,全国地产,19930524,
600657.SH,信达地产,20140819,3.2739,3.2558,3.2829,3.2198,3.2649,-0.2787,101560.14,36509.103,-0.009100000000000108,北京,全国地产,19930524,
600657.SH,信达地产,20140818,3.2468,3.2649,3.2739,3.2378,3.2468,0.5575,114436.01,41292.956,0.018100000000000005,北京,全国地产,19930524,
600657.SH,信达地产,20140815,3.2017,3.2468,3.2829,3.1837,3.1927,1.6945,111172.5,39911.742,0.05410000000000004,北京,全国地产,19930524,
600657.SH,信达地产,20140814,3.2378,3.1927,3.2829,3.1927,3.2378,-1.3929,145634.76,52430.457,-0.04510000000000014,北京,全国地产,19930524,
600657.SH,信达地产,20140813,3.2198,3.2378,3.2378,3.1927,3.2017,1.1275,131927.64,47105.724,0.0360999999999998,北京,全国地产,19930524,
600657.SH,信达地产,20140812,3.2288,3.2017,3.2288,3.1837,3.2378,-1.115,72330.37,25698.082,-0.0360999999999998,北京,全国地产,19930524,
600657.SH,信达地产,20140811,3.1656,3.2378,3.2378,3.1566,3.1656,2.2808,125258.76,44516.808,0.07220000000000004,北京,全国地产,19930524,
600657.SH,信达地产,20140808,3.1927,3.1656,3.1927,3.1386,3.1837,-0.5685,103775.53,36332.236,-0.018100000000000005,北京,全国地产,19930524,
600657.SH,信达地产,20140807,3.2288,3.1837,3.2468,3.1747,3.2378,-1.6709,88369.02,31457.822,-0.05410000000000004,北京,全国地产,19930524,
600657.SH,信达地产,20140806,3.2107,3.2378,3.2378,3.1747,3.2198,0.559,102824.23,36618.591,0.017999999999999794,北京,全国地产,19930524,
600657.SH,信达地产,20140805,3.2198,3.2198,3.2378,3.1927,3.2198,0.0,124946.59,44533.199,0.0,北京,全国地产,19930524,
600657.SH,信达地产,20140804,3.1747,3.2198,3.2198,3.1386,3.1656,1.7122,140706.44,49692.589,0.05420000000000025,北京,全国地产,19930524,
600657.SH,信达地产,20140801,3.2288,3.1656,3.2739,3.1476,3.2468,-2.5009,151415.76,53937.571,-0.08119999999999994,北京,全国地产,19930524,
600657.SH,信达地产,20140731,3.2107,3.2468,3.2558,3.1927,3.2288,0.5575,99417.48,35483.486,0.017999999999999794,北京,全国地产,19930524,
600657.SH,信达地产,20140730,3.2107,3.2288,3.2919,3.1837,3.2288,0.0,161214.22,57717.115,0.0,北京,全国地产,19930524,
600657.SH,信达地产,20140729,3.1927,3.2288,3.2558,3.1747,3.1927,1.1307,188194.11,67046.747,0.03610000000000024,北京,全国地产,19930524,
600657.SH,信达地产,20140728,3.1386,3.1927,3.2378,3.1296,3.1296,2.0162,184958.88,65244.673,0.06309999999999993,北京,全国地产,19930524,
600657.SH,信达地产,20140725,3.1205,3.1296,3.1386,3.0755,3.1115,0.5817,103355.59,35638.606,0.018100000000000005,北京,全国地产,19930524,
600657.SH,信达地产,20140724,3.0394,3.1115,3.2288,3.0304,3.0304,2.6762,234302.82,81343.244,0.08109999999999973,北京,全国地产,19930524,
600657.SH,信达地产,20140723,3.0213,3.0304,3.0484,3.0033,3.0213,0.3012,108065.66,36325.838,0.009100000000000108,北京,全国地产,19930524,
600657.SH,信达地产,20140722,2.9943,3.0213,3.0394,2.9762,2.9943,0.9017,137331.51,45964.576,0.027000000000000135,北京,全国地产,19930524,
600657.SH,信达地产,20140721,2.9943,2.9943,3.0213,2.9762,2.9943,0.0,64719.02,21500.602,0.0,北京,全国地产,19930524,
600657.SH,信达地产,20140718,2.9402,2.9943,3.0484,2.9402,2.9492,1.5292,145051.82,48306.849,0.04510000000000014,北京,全国地产,19930524,
600657.SH,信达地产,20140717,3.0123,2.9492,3.0123,2.9312,3.0123,-2.0947,89863.89,29530.078,-0.06310000000000038,北京,全国地产,19930524,
600657.SH,信达地产,20140716,2.9582,3.0123,3.0574,2.9492,2.9582,1.8288,174379.67,58337.465,0.05410000000000004,北京,全国地产,19930524,
600657.SH,信达地产,20140715,2.9672,2.9582,2.9762,2.9131,2.9582,0.0,70840.81,23113.015,0.0,北京,全国地产,19930524,
600657.SH,信达地产,20140714,2.9131,2.9582,2.9853,2.9041,2.9131,1.5482,82145.31,26859.217,0.04510000000000014,北京,全国地产,19930524,
600657.SH,信达地产,20140711,2.9041,2.9131,2.9402,2.877,2.8951,0.6217,71824.99,23163.473,0.018000000000000238,北京,全国地产,19930524,
600657.SH,信达地产,20140710,2.841,2.8951,3.0123,2.8319,2.841,1.9043,114373.33,36900.042,0.05409999999999959,北京,全国地产,19930524,
600657.SH,信达地产,20140709,2.8951,2.841,2.8951,2.8229,2.8951,-1.8687,56822.0,18100.866,-0.05409999999999959,北京,全国地产,19930524,
600657.SH,信达地产,20140708,2.9131,2.8951,2.9131,2.877,2.9131,-0.6179,51905.67,16624.275,-0.018000000000000238,北京,全国地产,19930524,
600657.SH,信达地产,20140707,2.8861,2.9131,2.9312,2.8861,2.8951,0.6217,60165.14,19401.126,0.018000000000000238,北京,全国地产,19930524,
600657.SH,信达地产,20140704,2.877,2.8951,2.9131,2.868,2.877,0.6291,62917.69,20141.657,0.018100000000000005,北京,全国地产,19930524,
600657.SH,信达地产,20140703,2.877,2.877,2.8951,2.841,2.877,0.0,59352.87,18913.595,0.0,北京,全国地产,19930524,
600657.SH,信达地产,20140702,2.859,2.877,2.9041,2.841,2.859,0.6296,67130.94,21392.971,0.017999999999999794,北京,全国地产,19930524,
600657.SH,信达地产,20140701,2.859,2.859,2.859,2.8319,2.859,0.0,63190.98,19938.696,0.0,北京,全国地产,19930524,
600657.SH,信达地产,20140630,2.859,2.859,2.868,2.8319,2.85,0.3158,72576.03,22951.427,0.008999999999999897,北京,全国地产,19930524,
600657.SH,信达地产,20140627,2.841,2.85,2.868,2.8049,2.841,0.3168,79153.99,24947.486,0.008999999999999897,北京,全国地产,19930524,
600657.SH,信达地产,20140626,2.8229,2.841,2.85,2.8229,2.8139,0.9631,30248.78,9527.869,0.027100000000000346,北京,全国地产,19930524,
600657.SH,信达地产,20140625,2.841,2.8139,2.85,2.8049,2.841,-0.9539,20846.99,6528.187,-0.027100000000000346,北京,全国地产,19930524,
600657.SH,信达地产,20140624,2.85,2.841,2.85,2.8229,2.8319,0.3213,16001.39,5038.592,0.009100000000000108,北京,全国地产,19930524,
600657.SH,信达地产,20140623,2.8049,2.8319,2.85,2.8049,2.7959,1.2876,17928.21,5625.716,0.03600000000000003,北京,全国地产,19930524,
600657.SH,信达地产,20140620,2.7778,2.7959,2.8139,2.7688,2.7868,0.3265,17203.32,5332.591,0.009100000000000108,北京,全国地产,19930524,
600657.SH,信达地产,20140619,2.859,2.7868,2.877,2.7688,2.859,-2.5254,32591.09,10191.012,-0.07220000000000004,北京,全国地产,19930524,
600657.SH,信达地产,20140618,2.8951,2.859,2.8951,2.85,2.877,-0.6257,22728.01,7246.258,-0.017999999999999794,北京,全国地产,19930524,
600657.SH,信达地产,20140617,2.9312,2.877,2.9312,2.877,2.9402,-2.1495,31568.04,10122.087,-0.06320000000000014,北京,全国地产,19930524,
600657.SH,信达地产,20140616,2.9221,2.9402,2.9672,2.9131,2.9221,0.6194,34965.86,11398.653,0.018100000000000005,北京,全国地产,19930524,
600657.SH,信达地产,20140613,2.8951,2.9221,2.9402,2.8861,2.8951,0.9326,36946.06,11921.23,0.027000000000000135,北京,全国地产,19930524,
600657.SH,信达地产,20140612,2.8951,2.8951,2.9041,2.877,2.8951,0.0,28301.51,9079.477,0.0,北京,全国地产,19930524,
600657.SH,信达地产,20140611,2.8951,2.8951,2.9131,2.868,2.8951,0.0,26529.41,8506.874,0.0,北京,全国地产,19930524,
600657.SH,信达地产,20140610,2.8951,2.8951,2.9041,2.868,2.877,0.6291,23588.21,7556.556,0.018100000000000005,北京,全国地产,19930524,
600657.SH,信达地产,20140609,2.8861,2.877,2.9221,2.877,2.877,0.0,25176.54,8090.467,0.0,北京,全国地产,19930524,
600657.SH,信达地产,20140606,2.9131,2.877,2.9131,2.85,2.9131,-1.2392,25688.16,8198.787,-0.03610000000000024,北京,全国地产,19930524,
600657.SH,信达地产,20140605,2.9131,2.9131,2.9221,2.868,2.9041,0.3099,36235.1,11631.595,0.008999999999999897,北京,全国地产,19930524,
600657.SH,信达地产,20140604,2.9582,2.9041,2.9762,2.8861,2.9582,-1.8288,35417.03,11491.235,-0.05410000000000004,北京,全国地产,19930524,
600657.SH,信达地产,20140603,2.9762,2.9582,3.0033,2.9582,2.9582,0.0,26445.52,8731.545,0.0,北京,全国地产,19930524,
600657.SH,信达地产,20140530,2.9853,2.9582,2.9943,2.9402,2.9672,-0.3033,27399.01,9008.613,-0.008999999999999897,北京,全国地产,19930524,
600657.SH,信达地产,20140529,3.0123,2.9672,3.0304,2.9672,3.0123,-1.4972,23459.03,7796.942,-0.04510000000000014,北京,全国地产,19930524,
600657.SH,信达地产,20140528,2.9943,3.0123,3.0394,2.9672,2.9943,0.6011,34251.97,11418.694,0.018000000000000238,北京,全国地产,19930524,
600657.SH,信达地产,20140527,3.0033,2.9943,3.0304,2.9762,3.0033,-0.2997,29997.96,9997.443,-0.008999999999999897,北京,全国地产,19930524,
600657.SH,信达地产,20140526,3.0394,3.0033,3.0574,2.9762,3.0304,-0.8943,32110.62,10699.198,-0.027100000000000346,北京,全国地产,19930524,
600657.SH,信达地产,20140523,2.9853,3.0304,3.0394,2.9762,2.9762,1.8211,46747.53,15648.221,0.05420000000000025,北京,全国地产,19930524,
600657.SH,信达地产,20140522,2.9853,2.9762,3.0304,2.9762,2.9853,-0.3048,30835.57,10267.956,-0.009100000000000108,北京,全国地产,19930524,
600657.SH,信达地产,20140521,2.9402,2.9853,3.0033,2.9131,2.9492,1.2241,27233.6,8994.979,0.03610000000000024,北京,全国地产,19930524,
600657.SH,信达地产,20140520,2.9672,2.9492,2.9943,2.9402,2.9402,0.3061,14287.5,4692.043,0.008999999999999897,北京,全国地产,19930524,
600657.SH,信达地产,20140519,2.9672,2.9402,2.9762,2.9041,2.9762,-1.2096,21863.97,7114.297,-0.03600000000000003,北京,全国地产,19930524,
600657.SH,信达地产,20140516,2.9762,2.9762,3.0033,2.9402,2.9762,0.0,20552.61,6773.637,0.0,北京,全国地产,19930524,
600657.SH,信达地产,20140515,3.0394,2.9762,3.0574,2.9672,3.0394,-2.0794,29655.2,9860.909,-0.06320000000000014,北京,全国地产,19930524,
600657.SH,信达地产,20140514,3.0574,3.0394,3.1296,3.0213,3.0304,0.297,47404.62,16153.506,0.008999999999999897,北京,全国地产,19930524,
600657.SH,信达地产,20140513,3.0845,3.0304,3.1025,3.0213,3.1205,-2.8874,57306.0,19428.804,-0.09009999999999962,北京,全国地产,19930524,
600657.SH,信达地产,20140512,2.868,3.1205,3.1296,2.85,2.841,9.8381,263419.62,89385.457,0.27949999999999964,北京,全国地产,19930524,
600657.SH,信达地产,20140509,2.9041,2.841,2.9221,2.7959,2.9131,-2.475,57809.65,18253.296,-0.07209999999999983,北京,全国地产,19930524,
600657.SH,信达地产,20140508,2.9041,2.9131,3.0123,2.8951,2.8951,0.6217,60256.87,19711.623,0.018000000000000238,北京,全国地产,19930524,
600657.SH,信达地产,20140507,2.9131,2.8951,2.9221,2.877,2.8951,0.0,23759.01,7643.86,0.0,北京,全国地产,19930524,
600657.SH,信达地产,20140506,2.8951,2.8951,2.9221,2.8951,2.8861,0.3118,28603.0,9230.863,0.008999999999999897,北京,全国地产,19930524,
600657.SH,信达地产,20140505,2.9582,2.8861,2.9582,2.8319,2.9672,-2.7332,65712.04,21049.807,-0.08110000000000017,北京,全国地产,19930524,
600657.SH,信达地产,20140430,2.9762,2.9672,3.0033,2.9402,2.9762,-0.3024,28691.58,9452.984,-0.008999999999999897,北京,全国地产,19930524,
600657.SH,信达地产,20140429,2.9943,2.9762,3.0033,2.9221,2.9672,0.3033,58065.07,19010.994,0.008999999999999897,北京,全国地产,19930524,
600657.SH,信达地产,20140428,3.0905,2.9672,3.1169,2.9496,3.1345,-5.3374,87169.07,29747.246,-0.1673,北京,全国地产,19930524,
600657.SH,信达地产,20140425,3.0905,3.1345,3.249,3.0729,3.0993,1.1357,138413.72,49833.003,0.03520000000000012,北京,全国地产,19930524,
600657.SH,信达地产,20140424,3.0993,3.0993,3.1874,3.0641,3.1081,-0.2831,62491.94,22226.543,-0.008799999999999919,北京,全国地产,19930524,
600657.SH,信达地产,20140423,3.0729,3.1081,3.1345,3.0641,3.0729,1.1455,54872.55,19353.492,0.035199999999999676,北京,全国地产,19930524,
600657.SH,信达地产,20140422,3.0289,3.0729,3.0905,3.0289,3.0465,0.8666,72583.88,25224.62,0.0264000000000002,北京,全国地产,19930524,
600657.SH,信达地产,20140421,3.0905,3.0465,3.1345,3.0465,3.1257,-2.5338,48042.11,16846.89,-0.07920000000000016,北京,全国地产,19930524,
600657.SH,信达地产,20140418,3.1081,3.1257,3.1345,3.0729,3.1257,0.0,51014.35,17969.46,0.0,北京,全国地产,19930524,
600657.SH,信达地产,20140417,3.1874,3.1257,3.1962,3.1169,3.1785,-1.6612,55798.54,19947.103,-0.05279999999999996,北京,全国地产,19930524,
600657.SH,信达地产,20140416,3.1697,3.1785,3.205,3.1521,3.1609,0.5568,58847.49,21253.158,0.017600000000000282,北京,全国地产,19930524,
600657.SH,信达地产,20140415,3.2226,3.1609,3.2226,3.1609,3.2314,-2.1817,77366.65,27926.331,-0.07050000000000001,北京,全国地产,19930524,
600657.SH,信达地产,20140414,3.1962,3.2314,3.249,3.1697,3.1962,1.1013,58621.26,21432.448,0.035199999999999676,北京,全国地产,19930524,
600657.SH,信达地产,20140411,3.2314,3.1962,3.2402,3.1874,3.249,-1.6251,85616.31,31230.564,-0.05279999999999996,北京,全国地产,19930524,
600657.SH,信达地产,20140410,3.3018,3.249,3.3018,3.2138,3.3018,-1.5991,123997.33,45744.811,-0.05279999999999996,北京,全国地产,19930524,
600657.SH,信达地产,20140409,3.293,3.3018,3.3194,3.2578,3.3106,-0.2658,84579.66,31588.187,-0.008799999999999919,北京,全国地产,19930524,
600657.SH,信达地产,20140408,3.2314,3.3106,3.3458,3.2226,3.3106,0.0,123902.5,46305.703,0.0,北京,全国地产,19930524,
600657.SH,信达地产,20140404,3.249,3.3106,3.3811,3.1874,3.2842,0.8038,156243.04,58357.934,0.0264000000000002,北京,全国地产,19930524,
600657.SH,信达地产,20140403,3.4427,3.2842,3.4427,3.1697,3.4339,-4.3595,292662.92,109626.757,-0.14970000000000017,北京,全国地产,19930524,
600657.SH,信达地产,20140402,3.2402,3.4339,3.5484,3.2138,3.2226,6.5568,441718.59,171279.73,0.21130000000000004,北京,全国地产,19930524,
600657.SH,信达地产,20140401,3.1962,3.2226,3.2754,3.1433,3.1962,0.826,120245.33,43963.985,0.026399999999999757,北京,全国地产,19930524,
600657.SH,信达地产,20140331,3.3018,3.1962,3.3458,3.1433,3.3282,-3.9661,166525.29,60953.193,-0.13199999999999967,北京,全国地产,19930524,
600657.SH,信达地产,20140328,3.293,3.3282,3.4691,3.2754,3.3194,0.2651,247381.6,94309.252,0.008799999999999919,北京,全国地产,19930524,
600657.SH,信达地产,20140327,3.3634,3.3194,3.4779,3.3106,3.3811,-1.8248,220378.88,84804.272,-0.06170000000000009,北京,全国地产,19930524,
600657.SH,信达地产,20140326,3.3987,3.3811,3.4339,3.2842,3.4075,-0.7748,240556.2,91725.846,-0.0264000000000002,北京,全国地产,19930524,
600657.SH,信达地产,20140325,3.5043,3.4075,3.5484,3.3723,3.5131,-3.0059,369123.02,144583.644,-0.10559999999999992,北京,全国地产,19930524,
600657.SH,信达地产,20140324,3.3811,3.5131,3.6188,3.3194,3.3106,6.1167,647314.82,253270.046,0.20250000000000012,北京,全国地产,19930524,
600657.SH,信达地产,20140321,3.0201,3.3106,3.3106,2.9848,3.0113,9.9392,606503.32,225575.299,0.2993000000000001,北京,全国地产,19930524,
600657.SH,信达地产,20140320,3.0113,3.0113,3.205,2.9936,3.0025,0.2931,120515.02,42386.699,0.008799999999999919,北京,全国地产,19930524,
600657.SH,信达地产,20140319,3.0553,3.0025,3.0553,2.9496,3.0729,-2.291,79205.0,26835.619,-0.07040000000000024,北京,全国地产,19930524,
600657.SH,信达地产,20140318,3.1257,3.0729,3.1257,3.0377,3.1257,-1.6892,67980.05,23765.998,-0.05279999999999996,北京,全国地产,19930524,
600657.SH,信达地产,20140317,3.0201,3.1257,3.1609,3.0201,3.0377,2.8969,97498.37,34540.873,0.08800000000000008,北京,全国地产,19930524,
600657.SH,信达地产,20140314,3.0553,3.0377,3.0993,3.0025,3.0905,-1.7085,98634.86,34126.87,-0.05279999999999996,北京,全国地产,19930524,
600657.SH,信达地产,20140313,2.8968,3.0905,3.2138,2.8352,2.9232,5.7232,334765.64,118649.98,0.1673,北京,全国地产,19930524,
600657.SH,信达地产,20140312,2.7999,2.9232,2.9936,2.7735,2.8087,4.0766,135854.55,44841.056,0.11450000000000005,北京,全国地产,19930524,
600657.SH,信达地产,20140311,2.7823,2.8087,2.8528,2.7559,2.7823,0.9489,54487.52,17382.137,0.026399999999999757,北京,全国地产,19930524,
600657.SH,信达地产,20140310,2.844,2.7823,2.8704,2.7647,2.8968,-3.9526,63237.56,20166.574,-0.1144999999999996,北京,全国地产,19930524,
600657.SH,信达地产,20140307,2.9848,2.8968,3.0025,2.888,2.9232,-0.9031,93358.22,31107.685,-0.0264000000000002,北京,全国地产,19930524,
600657.SH,信达地产,20140306,2.8352,2.9232,2.9672,2.7999,2.8264,3.4249,124072.14,40620.238,0.0968,北京,全国地产,19930524,
600657.SH,信达地产,20140305,2.8264,2.8264,2.8616,2.7999,2.8264,0.0,51955.02,16680.71,0.0,北京,全国地产,19930524,
600657.SH,信达地产,20140304,2.8352,2.8264,2.8528,2.7999,2.8352,-0.3104,55471.41,17803.336,-0.008799999999999919,北京,全国地产,19930524,
600657.SH,信达地产,20140303,2.8175,2.8352,2.844,2.7823,2.8175,0.6282,56815.11,18190.72,0.01770000000000005,北京,全国地产,19930524,
600657.SH,信达地产,20140228,2.7735,2.8175,2.8264,2.7383,2.7735,1.5864,52200.17,16511.881,0.04400000000000004,北京,全国地产,19930524,
600657.SH,信达地产,20140227,2.8175,2.7735,2.8264,2.7383,2.8352,-2.1762,71752.67,22825.29,-0.06170000000000009,北京,全国地产,19930524,
600657.SH,信达地产,20140226,2.7823,2.8352,2.8792,2.7207,2.7735,2.2246,85251.48,26957.519,0.06170000000000009,北京,全国地产,19930524,
600657.SH,信达地产,20140225,2.8792,2.7735,2.8968,2.7647,2.8528,-2.7797,105328.44,33827.559,-0.07929999999999993,北京,全国地产,19930524,
600657.SH,信达地产,20140224,3.0025,2.8528,3.0025,2.844,3.0377,-6.0868,119176.96,39177.855,-0.1849000000000003,北京,全国地产,19930524,
600657.SH,信达地产,20140221,3.0465,3.0377,3.0729,2.9936,3.0465,-0.2889,59067.6,20326.795,-0.008799999999999919,北京,全国地产,19930524,
600657.SH,信达地产,20140220,3.1874,3.0465,3.1962,3.0113,3.1874,-4.4205,132679.49,46532.416,-0.1408999999999998,北京,全国地产,19930524,
600657.SH,信达地产,20140219,3.1609,3.1874,3.2138,3.1345,3.2314,-1.3616,137044.68,49403.373,-0.04400000000000004,北京,全国地产,19930524,
600657.SH,信达地产,20140218,3.1257,3.2314,3.2578,3.0905,3.1785,1.6643,278788.67,100991.871,0.052899999999999725,北京,全国地产,19930524,
600657.SH,信达地产,20140217,3.2754,3.1785,3.3018,3.1609,3.1081,2.265,459292.43,167484.589,0.07040000000000024,北京,全国地产,19930524,
600657.SH,信达地产,20140214,2.8352,3.1081,3.1081,2.8087,2.8264,9.9667,179565.22,60670.899,0.28169999999999984,北京,全国地产,19930524,
600657.SH,信达地产,20140213,2.844,2.8264,2.8792,2.8175,2.8352,-0.3104,67870.14,21888.504,-0.008799999999999919,北京,全国地产,19930524,
600657.SH,信达地产,20140212,2.7999,2.8352,2.844,2.7823,2.7999,1.2608,61074.43,19530.254,0.03529999999999989,北京,全国地产,19930524,
600657.SH,信达地产,20140211,2.7999,2.7999,2.8087,2.7647,2.7999,0.0,61425.92,19458.914,0.0,北京,全国地产,19930524,
600657.SH,信达地产,20140210,2.7207,2.7999,2.7999,2.7119,2.7207,2.911,48124.95,15097.216,0.07920000000000016,北京,全国地产,19930524,
600657.SH,信达地产,20140207,2.7383,2.7207,2.7383,2.6767,2.7383,-0.6427,38085.0,11699.541,-0.017600000000000282,北京,全国地产,19930524,
600657.SH,信达地产,20140130,2.7911,2.7383,2.7911,2.7207,2.7823,-1.5814,26795.51,8367.278,-0.04400000000000004,北京,全国地产,19930524,
600657.SH,信达地产,20140129,2.7911,2.7823,2.8087,2.7647,2.7823,0.0,25680.72,8117.162,0.0,北京,全国地产,19930524,
600657.SH,信达地产,20140128,2.7823,2.7823,2.8087,2.7647,2.7647,0.6366,18967.79,5995.229,0.017600000000000282,北京,全国地产,19930524,
600657.SH,信达地产,20140127,2.7647,2.7647,2.844,2.7383,2.7911,-0.9459,49248.49,15614.273,-0.0264000000000002,北京,全国地产,19930524,
600657.SH,信达地产,20140124,2.7031,2.7911,2.8264,2.6943,2.7119,2.9205,69369.29,21899.846,0.07920000000000016,北京,全国地产,19930524,
600657.SH,信达地产,20140123,2.7471,2.7119,2.7559,2.7031,2.7471,-1.2814,38465.15,11886.466,-0.03520000000000012,北京,全国地产,19930524,
600657.SH,信达地产,20140122,2.6503,2.7471,2.7559,2.6415,2.6503,3.6524,59798.03,18439.307,0.0968,北京,全国地产,19930524,
600657.SH,信达地产,20140121,2.6062,2.6503,2.6503,2.6062,2.6062,1.6921,25300.38,7574.22,0.04410000000000025,北京,全国地产,19930524,
600657.SH,信达地产,20140120,2.6326,2.6062,2.6326,2.6062,2.6326,-1.0028,12831.95,3811.565,-0.0264000000000002,北京,全国地产,19930524,
600657.SH,信达地产,20140117,2.6415,2.6326,2.6415,2.5886,2.6503,-0.6678,31921.4,9476.35,-0.01770000000000005,北京,全国地产,19930524,
600657.SH,信达地产,20140116,2.6415,2.6503,2.6591,2.615,2.6326,0.6723,24765.35,7419.419,0.01770000000000005,北京,全国地产,19930524,
600657.SH,信达地产,20140115,2.615,2.6326,2.6503,2.615,2.6503,-0.6678,17629.67,5264.7,-0.01770000000000005,北京,全国地产,19930524,
600657.SH,信达地产,20140114,2.615,2.6503,2.6503,2.6062,2.615,1.3499,30129.76,8996.655,0.03529999999999989,北京,全国地产,19930524,
600657.SH,信达地产,20140113,2.6238,2.615,2.6679,2.5974,2.6238,-0.3354,19665.93,5849.128,-0.008799999999999919,北京,全国地产,19930524,
600657.SH,信达地产,20140110,2.6503,2.6238,2.6679,2.615,2.6679,-1.653,28323.75,8481.055,-0.044099999999999806,北京,全国地产,19930524,
600657.SH,信达地产,20140109,2.7031,2.6679,2.7207,2.6591,2.6943,-0.9798,30372.51,9282.061,-0.0264000000000002,北京,全国地产,19930524,
600657.SH,信达地产,20140108,2.7119,2.6943,2.7295,2.6855,2.7119,-0.649,25790.65,7927.993,-0.017599999999999838,北京,全国地产,19930524,
600657.SH,信达地产,20140107,2.6767,2.7119,2.7119,2.6767,2.6943,0.6532,15323.06,4692.866,0.017599999999999838,北京,全国地产,19930524,
600657.SH,信达地产,20140106,2.7559,2.6943,2.7559,2.6943,2.7735,-2.8556,32966.19,10169.343,-0.07919999999999972,北京,全国地产,19930524,
600657.SH,信达地产,20140103,2.7999,2.7735,2.7999,2.7559,2.8087,-1.2532,29350.16,9251.488,-0.03520000000000012,北京,全国地产,19930524,
600657.SH,信达地产,20140102,2.844,2.8087,2.844,2.7647,2.844,-1.2412,42426.71,13490.066,-0.03529999999999989,北京,全国地产,19930524,
600657.SH,信达地产,20131231,2.8175,2.844,2.8704,2.8087,2.8352,0.3104,20115.76,6509.212,0.008799999999999919,北京,全国地产,19930524,
600657.SH,信达地产,20131230,2.8528,2.8352,2.8616,2.8087,2.844,-0.3094,25038.29,8063.131,-0.008799999999999919,北京,全国地产,19930524,
600657.SH,信达地产,20131227,2.7647,2.844,2.8616,2.7559,2.7559,3.1968,63800.5,20386.919,0.08809999999999985,北京,全国地产,19930524,
600657.SH,信达地产,20131226,2.8087,2.7559,2.8087,2.7471,2.7999,-1.5715,23816.0,7492.159,-0.04400000000000004,北京,全国地产,19930524,
600657.SH,信达地产,20131225,2.7823,2.7999,2.8087,2.7735,2.7823,0.6326,17874.87,5665.594,0.017599999999999838,北京,全国地产,19930524,
600657.SH,信达地产,20131224,2.7823,2.7823,2.8087,2.7559,2.7647,0.6366,21729.25,6864.616,0.017600000000000282,北京,全国地产,19930524,
600657.SH,信达地产,20131223,2.8175,2.7647,2.8175,2.7383,2.7999,-1.2572,30964.99,9732.583,-0.03520000000000012,北京,全国地产,19930524,
600657.SH,信达地产,20131220,2.888,2.7999,2.8968,2.7911,2.8792,-2.7542,37919.4,12160.189,-0.07929999999999993,北京,全国地产,19930524,
600657.SH,信达地产,20131219,2.8968,2.8792,2.9232,2.8616,2.8792,0.0,59245.73,19517.47,0.0,北京,全国地产,19930524,
600657.SH,信达地产,20131218,2.888,2.8792,2.9144,2.8792,2.888,-0.3047,21197.29,6967.743,-0.008799999999999919,北京,全国地产,19930524,
600657.SH,信达地产,20131217,2.8968,2.888,2.8968,2.8704,2.888,0.0,34895.57,11407.975,0.0,北京,全国地产,19930524,
600657.SH,信达地产,20131216,2.9408,2.888,2.9584,2.8704,2.932,-1.5007,59651.42,19680.979,-0.04400000000000004,北京,全国地产,19930524,
600657.SH,信达地产,20131213,2.9056,2.932,2.9584,2.888,2.888,1.5235,87385.6,29129.338,0.04400000000000004,北京,全国地产,19930524,
600657.SH,信达地产,20131212,2.9232,2.888,2.932,2.8792,2.932,-1.5007,58149.02,19149.287,-0.04400000000000004,北京,全国地产,19930524,
600657.SH,信达地产,20131211,2.8968,2.932,2.932,2.8616,2.8968,1.2151,82769.87,27281.961,0.03520000000000012,北京,全国地产,19930524,
600657.SH,信达地产,20131210,2.888,2.8968,2.9232,2.8792,2.8792,0.6113,69372.4,22841.568,0.017599999999999838,北京,全国地产,19930524,
600657.SH,信达地产,20131209,2.8792,2.8792,2.888,2.8616,2.8792,0.0,27532.03,8995.642,0.0,北京,全国地产,19930524,
600657.SH,信达地产,20131206,2.8792,2.8792,2.8968,2.8528,2.888,-0.3047,41849.26,13669.178,-0.008799999999999919,北京,全国地产,19930524,
600657.SH,信达地产,20131205,2.8704,2.888,2.888,2.8616,2.8792,0.3056,45197.84,14764.382,0.008799999999999919,北京,全国地产,19930524,
600657.SH,信达地产,20131204,2.8175,2.8792,2.9056,2.7999,2.8175,2.1899,80651.96,26263.257,0.06170000000000009,北京,全国地产,19930524,
600657.SH,信达地产,20131203,2.7735,2.8175,2.8264,2.7559,2.7735,1.5864,49026.04,15584.5,0.04400000000000004,北京,全国地产,19930524,
600657.SH,信达地产,20131202,2.8175,2.7735,2.844,2.7559,2.8528,-2.7797,73970.15,23462.208,-0.07929999999999993,北京,全国地产,19930524,
600657.SH,信达地产,20131129,2.8704,2.8528,2.888,2.8352,2.8704,-0.6132,52490.56,17080.371,-0.017600000000000282,北京,全国地产,19930524,
600657.SH,信达地产,20131128,2.8528,2.8704,2.8968,2.8352,2.8528,0.6169,64065.8,20873.201,0.017600000000000282,北京,全国地产,19930524,
600657.SH,信达地产,20131127,2.8352,2.8528,2.8616,2.8087,2.8352,0.6208,38448.34,12386.759,0.017599999999999838,北京,全国地产,19930524,
600657.SH,信达地产,20131126,2.8616,2.8352,2.8704,2.8175,2.8792,-1.5282,58233.51,18768.069,-0.04400000000000004,北京,全国地产,19930524,
600657.SH,信达地产,20131125,2.8264,2.8792,2.8968,2.8264,2.7999,2.8322,95241.84,31068.58,0.07929999999999993,北京,全国地产,19930524,
600657.SH,信达地产,20131122,2.8264,2.7999,2.8264,2.7911,2.8264,-0.9376,31464.37,10020.797,-0.026499999999999968,北京,全国地产,19930524,
600657.SH,信达地产,20131121,2.844,2.8264,2.844,2.7999,2.8528,-0.9254,37318.91,11975.488,-0.026399999999999757,北京,全国地产,19930524,
600657.SH,信达地产,20131120,2.8616,2.8528,2.8704,2.8264,2.8616,-0.3075,29920.03,9678.062,-0.008800000000000363,北京,全国地产,19930524,
600657.SH,信达地产,20131119,2.844,2.8616,2.8704,2.8264,2.844,0.6188,37565.5,12148.985,0.017600000000000282,北京,全国地产,19930524,
600657.SH,信达地产,20131118,2.7911,2.844,2.8528,2.7735,2.7823,2.2176,60286.65,19295.274,0.061699999999999644,北京,全国地产,19930524,
600657.SH,信达地产,20131115,2.7383,2.7823,2.7999,2.7295,2.7295,1.9344,62493.69,19723.647,0.0528000000000004,北京,全国地产,19930524,
600657.SH,信达地产,20131114,2.7295,2.7295,2.7383,2.6943,2.7295,0.0,25696.36,7921.771,0.0,北京,全国地产,19930524,
600657.SH,信达地产,20131113,2.7647,2.7295,2.7735,2.7295,2.7647,-1.2732,28166.7,8803.831,-0.03520000000000012,北京,全国地产,19930524,
600657.SH,信达地产,20131112,2.7559,2.7647,2.7911,2.7383,2.7471,0.6407,31483.43,9881.921,0.017599999999999838,北京,全国地产,19930524,
600657.SH,信达地产,20131111,2.7471,2.7471,2.7647,2.7119,2.7559,-0.3193,30520.83,9515.467,-0.008799999999999919,北京,全国地产,19930524,
600657.SH,信达地产,20131108,2.7823,2.7559,2.8087,2.7471,2.7823,-0.9489,25912.87,8155.489,-0.0264000000000002,北京,全国地产,19930524,
600657.SH,信达地产,20131107,2.7999,2.7823,2.8175,2.7823,2.8087,-0.9399,24740.56,7862.594,-0.026399999999999757,北京,全国地产,19930524,
600657.SH,信达地产,20131106,2.8175,2.8087,2.8352,2.7911,2.8264,-0.6262,37470.98,11964.636,-0.01770000000000005,北京,全国地产,19930524,
600657.SH,信达地产,20131105,2.8175,2.8264,2.844,2.7823,2.8352,-0.3104,40343.43,12907.84,-0.008799999999999919,北京,全国地产,19930524,
600657.SH,信达地产,20131104,2.8352,2.8352,2.844,2.8087,2.8352,0.0,41600.15,13370.713,0.0,北京,全国地产,19930524,
600657.SH,信达地产,20131101,2.8175,2.8352,2.8352,2.7911,2.8264,0.3114,47485.19,15193.684,0.008799999999999919,北京,全国地产,19930524,
600657.SH,信达地产,20131031,2.8352,2.8264,2.9056,2.8087,2.8352,-0.3104,76412.36,24743.55,-0.008799999999999919,北京,全国地产,19930524,
600657.SH,信达地产,20131030,2.7823,2.8352,2.8352,2.7383,2.7823,1.9013,106830.03,33889.325,0.052899999999999725,北京,全国地产,19930524,
600657.SH,信达地产,20131029,2.8175,2.7823,2.8704,2.7207,2.8352,-1.8658,77569.94,24609.727,-0.052899999999999725,北京,全国地产,19930524,
600657.SH,信达地产,20131028,2.8968,2.8352,2.9056,2.7999,2.888,-1.8283,59588.58,19193.242,-0.05279999999999996,北京,全国地产,19930524,
600657.SH,信达地产,20131025,2.9408,2.888,2.9496,2.8792,2.9408,-1.7954,45714.5,15101.913,-0.05279999999999996,北京,全国地产,19930524,
600657.SH,信达地产,20131024,2.9584,2.9408,2.9672,2.9144,2.9408,0.0,52607.19,17563.925,0.0,北京,全国地产,19930524,
600657.SH,信达地产,20131023,2.976,2.9408,3.0113,2.932,2.9672,-0.8897,65237.74,22014.129,-0.0264000000000002,北京,全国地产,19930524,
600657.SH,信达地产,20131022,2.9936,2.9672,3.0201,2.9584,3.0113,-1.4645,72315.93,24540.789,-0.044099999999999806,北京,全国地产,19930524,
600657.SH,信达地产,20131021,3.0025,3.0113,3.0201,2.9408,3.0025,0.2931,105075.31,35476.165,0.008799999999999919,北京,全国地产,19930524,
600657.SH,信达地产,20131018,2.9848,3.0025,3.0113,2.976,2.9848,0.593,27324.91,9290.982,0.01770000000000005,北京,全国地产,19930524,
600657.SH,信达地产,20131017,2.9848,2.9848,3.0201,2.976,2.9672,0.5932,52729.34,17985.677,0.017599999999999838,北京,全国地产,19930524,
600657.SH,信达地产,20131016,3.0289,2.9672,3.0465,2.9408,3.0465,-2.603,64115.61,21717.607,-0.07929999999999993,北京,全国地产,19930524,
600657.SH,信达地产,20131015,3.0817,3.0465,3.0817,2.9936,3.0817,-1.1422,94120.19,32412.19,-0.03520000000000012,北京,全国地产,19930524,
600657.SH,信达地产,20131014,3.1081,3.0817,3.1169,3.0729,3.1081,-0.8494,62698.97,22012.766,-0.026399999999999757,北京,全国地产,19930524,
600657.SH,信达地产,20131011,3.0993,3.1081,3.1345,3.0641,3.0729,1.1455,64755.99,22828.238,0.035199999999999676,北京,全国地产,19930524,
600657.SH,信达地产,20131010,3.0729,3.0729,3.1345,3.0641,3.0905,-0.5695,44275.39,15542.977,-0.017599999999999838,北京,全国地产,19930524,
600657.SH,信达地产,20131009,3.0905,3.0905,3.1081,3.0553,3.0993,-0.2839,45801.95,16025.089,-0.008799999999999919,北京,全国地产,19930524,
600657.SH,信达地产,20131008,3.0201,3.0993,3.1169,2.9848,3.0201,2.6224,57984.24,20255.381,0.07920000000000016,北京,全国地产,19930524,
600657.SH,信达地产,20130930,3.0113,3.0201,3.0377,2.9848,2.9936,0.8852,34332.13,11740.969,0.026499999999999968,北京,全国地产,19930524,
600657.SH,信达地产,20130927,2.9936,2.9936,3.0201,2.9496,2.9936,0.0,37024.21,12585.623,0.0,北京,全国地产,19930524,
600657.SH,信达地产,20130926,3.1257,2.9936,3.1257,2.976,3.1169,-3.9559,63034.4,21631.938,-0.12329999999999997,北京,全国地产,19930524,
600657.SH,信达地产,20130925,3.1697,3.1169,3.1785,3.0905,3.1785,-1.938,71028.39,25200.115,-0.06160000000000032,北京,全国地产,19930524,
600657.SH,信达地产,20130924,3.205,3.1785,3.2138,3.1433,3.1962,-0.5538,55015.88,19848.319,-0.01770000000000005,北京,全国地产,19930524,
600657.SH,信达地产,20130923,3.1169,3.1962,3.205,3.1169,3.0817,3.7155,69412.72,25050.562,0.11450000000000005,北京,全国地产,19930524,
600657.SH,信达地产,20130918,3.0817,3.0817,3.1081,3.0553,3.0729,0.2864,35807.45,12546.723,0.008799999999999919,北京,全国地产,19930524,
600657.SH,信达地产,20130917,3.205,3.0729,3.2226,3.0553,3.2226,-4.6453,74408.16,26472.42,-0.14969999999999972,北京,全国地产,19930524,
600657.SH,信达地产,20130916,3.2578,3.2226,3.2754,3.205,3.2578,-1.0805,45871.52,16802.381,-0.03520000000000012,北京,全国地产,19930524,
600657.SH,信达地产,20130913,3.249,3.2578,3.3018,3.2226,3.249,0.2709,76562.91,28376.248,0.008799999999999919,北京,全国地产,19930524,
600657.SH,信达地产,20130912,3.2402,3.249,3.2578,3.1962,3.2402,0.2716,58064.95,21245.157,0.008799999999999919,北京,全国地产,19930524,
600657.SH,信达地产,20130911,3.2842,3.2402,3.3194,3.1874,3.2842,-1.3397,78155.76,28842.929,-0.043999999999999595,北京,全国地产,19930524,
600657.SH,信达地产,20130910,3.2226,3.2842,3.3194,3.1962,3.2226,1.9115,117639.05,43732.348,0.06159999999999988,北京,全国地产,19930524,
600657.SH,信达地产,20130909,3.0905,3.2226,3.2314,3.0817,3.0905,4.2744,137110.37,49522.43,0.13209999999999988,北京,全国地产,19930524,
600657.SH,信达地产,20130906,3.1257,3.0905,3.1257,3.0377,3.1169,-0.847,66470.24,23290.426,-0.026399999999999757,北京,全国地产,19930524,
600657.SH,信达地产,20130905,3.0993,3.1169,3.1345,3.0905,3.1081,0.2831,42539.45,15043.368,0.008799999999999919,北京,全国地产,19930524,
600657.SH,信达地产,20130904,3.0993,3.1081,3.1345,3.0905,3.1345,-0.8422,50428.97,17808.589,-0.0264000000000002,北京,全国地产,19930524,
600657.SH,信达地产,20130903,3.0465,3.1345,3.1345,3.0113,3.0465,2.8886,66024.59,23134.656,0.08800000000000008,北京,全国地产,19930524,
600657.SH,信达地产,20130902,3.0729,3.0465,3.0993,2.976,3.0729,-0.8591,53901.03,18585.226,-0.0264000000000002,北京,全国地产,19930524,
600657.SH,信达地产,20130830,3.0729,3.0729,3.1521,3.0553,3.0729,0.0,93808.2,33164.427,0.0,北京,全国地产,19930524,
600657.SH,信达地产,20130829,3.0113,3.0729,3.0729,3.0113,3.0025,2.3447,63951.0,22094.675,0.07040000000000024,北京,全国地产,19930524,
600657.SH,信达地产,20130828,3.0289,3.0025,3.0465,2.9584,3.0377,-1.1588,73717.44,25208.86,-0.03520000000000012,北京,全国地产,19930524,
600657.SH,信达地产,20130827,3.0201,3.0377,3.0817,3.0025,3.0025,1.1724,71679.88,24790.914,0.03520000000000012,北京,全国地产,19930524,
600657.SH,信达地产,20130826,2.9584,3.0025,3.0025,2.932,2.9496,1.7935,44848.06,15195.42,0.052899999999999725,北京,全国地产,19930524,
600657.SH,信达地产,20130823,2.9936,2.9496,2.9936,2.9056,2.9936,-1.4698,32687.59,10973.695,-0.043999999999999595,北京,全国地产,19930524,
600657.SH,信达地产,20130822,2.9496,2.9936,3.0201,2.9232,2.932,2.101,72574.02,24599.025,0.06159999999999988,北京,全国地产,19930524,
600657.SH,信达地产,20130821,2.9408,2.932,2.976,2.9056,2.9232,0.301,47726.89,15894.679,0.008799999999999919,北京,全国地产,19930524,
600657.SH,信达地产,20130820,2.9848,2.9232,2.9848,2.9056,2.976,-1.7742,47932.9,16033.419,-0.05279999999999996,北京,全国地产,19930524,
600657.SH,信达地产,20130819,2.9408,2.976,2.9936,2.932,2.9672,0.2966,32274.33,10882.009,0.008799999999999919,北京,全国地产,19930524,
600657.SH,信达地产,20130816,2.9672,2.9672,3.0905,2.9408,2.9936,-0.8819,83053.05,28235.254,-0.026399999999999757,北京,全国地产,19930524,
600657.SH,信达地产,20130815,3.0905,2.9936,3.1081,2.9848,3.0817,-2.8588,73735.4,25282.927,-0.08810000000000029,北京,全国地产,19930524,
600657.SH,信达地产,20130814,3.0817,3.0817,3.1785,3.0553,3.0641,0.5744,95721.6,33877.463,0.017600000000000282,北京,全国地产,19930524,
600657.SH,信达地产,20130813,3.0201,3.0641,3.1521,3.0025,3.0113,1.7534,86882.12,30323.862,0.05279999999999996,北京,全国地产,19930524,
600657.SH,信达地产,20130812,3.0113,3.0113,3.0377,2.9672,2.9848,0.8878,137947.38,47058.491,0.026499999999999968,北京,全国地产,19930524,
600657.SH,信达地产,20130809,2.9496,2.9848,3.0025,2.888,2.9496,1.1934,90071.12,30141.265,0.035199999999999676,北京,全国地产,19930524,
600657.SH,信达地产,20130808,2.9144,2.9496,2.9936,2.8704,2.9232,0.9031,82717.34,27550.567,0.0264000000000002,北京,全国地产,19930524,
600657.SH,信达地产,20130807,2.888,2.9232,3.0377,2.888,2.9232,0.0,111878.84,37914.558,0.0,北京,全国地产,19930524,
600657.SH,信达地产,20130806,2.9232,2.9232,2.932,2.844,2.932,-0.3001,119073.18,39069.911,-0.008799999999999919,北京,全国地产,19930524,
600657.SH,信达地产,20130805,2.9672,2.932,3.0113,2.9232,2.9672,-1.1863,131540.6,44141.116,-0.03520000000000012,北京,全国地产,19930524,
600657.SH,信达地产,20130802,2.7735,2.9672,2.9672,2.7471,2.6943,10.1288,302787.91,99875.647,0.2728999999999999,北京,全国地产,19930524,
600657.SH,信达地产,20130801,2.6415,2.6943,2.7031,2.6238,2.6503,1.6602,39416.23,12002.932,0.04400000000000004,北京,全国地产,19930524,
600657.SH,信达地产,20130731,2.6679,2.6503,2.7735,2.6326,2.6062,1.6921,63248.48,19265.711,0.04410000000000025,北京,全国地产,19930524,
600657.SH,信达地产,20130730,2.615,2.6062,2.6503,2.5798,2.6062,0.0,42682.81,12667.095,0.0,北京,全国地产,19930524,
600657.SH,信达地产,20130729,2.6855,2.6062,2.6943,2.5798,2.6855,-2.9529,44351.85,13237.268,-0.07930000000000037,北京,全国地产,19930524,
600657.SH,信达地产,20130726,2.6943,2.6855,2.7119,2.6591,2.6855,0.0,21298.96,6490.99,0.0,北京,全国地产,19930524,
600657.SH,信达地产,20130725,2.7031,2.6855,2.7471,2.6855,2.7119,-0.9735,34775.4,10691.678,-0.026399999999999757,北京,全国地产,19930524,
600657.SH,信达地产,20130724,2.7647,2.7119,2.7647,2.6503,2.7735,-2.221,60954.22,18710.981,-0.06159999999999988,北京,全国地产,19930524,
600657.SH,信达地产,20130723,2.7207,2.7735,2.7911,2.6943,2.7207,1.9407,41374.2,12985.63,0.05279999999999996,北京,全国地产,19930524,
600657.SH,信达地产,20130722,2.6679,2.7207,2.7559,2.6679,2.7031,0.6511,57971.57,17871.871,0.017599999999999838,北京,全国地产,19930524,
600657.SH,信达地产,20130719,2.8352,2.7031,2.8704,2.6415,2.8352,-4.6593,59691.38,18698.156,-0.13209999999999988,北京,全国地产,19930524,
600657.SH,信达地产,20130718,2.8704,2.8352,2.8968,2.8175,2.8968,-2.1265,36069.76,11647.328,-0.06159999999999988,北京,全国地产,19930524,
600657.SH,信达地产,20130717,2.8528,2.8968,2.976,2.8264,2.8704,0.9197,56966.4,18829.232,0.026399999999999757,北京,全国地产,19930524,
600657.SH,信达地产,20130716,2.8528,2.8704,2.8792,2.7823,2.8528,0.6169,32893.64,10582.862,0.017600000000000282,北京,全国地产,19930524,
600657.SH,信达地产,20130715,2.8616,2.8528,2.8968,2.8264,2.8528,0.0,49030.26,15890.235,0.0,北京,全国地产,19930524,
600657.SH,信达地产,20130712,2.9144,2.8528,2.932,2.8528,2.9144,-2.1136,51011.89,16753.018,-0.06160000000000032,北京,全国地产,19930524,
600657.SH,信达地产,20130711,2.8264,2.9144,2.9672,2.8087,2.8175,3.4392,65895.0,21752.321,0.09690000000000021,北京,全国地产,19930524,
600657.SH,信达地产,20130710,2.7295,2.8175,2.8264,2.7207,2.7119,3.8939,28174.78,8879.684,0.10559999999999992,北京,全国地产,19930524,
600657.SH,信达地产,20130709,2.7471,2.7119,2.7735,2.6855,2.7471,-1.2814,21811.34,6720.961,-0.03520000000000012,北京,全国地产,19930524,
600657.SH,信达地产,20130708,2.7911,2.7471,2.8175,2.7471,2.8352,-3.1074,37065.28,11674.326,-0.08809999999999985,北京,全国地产,19930524,
600657.SH,信达地产,20130705,2.7911,2.8352,2.932,2.7911,2.7823,1.9013,40506.84,13186.286,0.052899999999999725,北京,全国地产,19930524,
600657.SH,信达地产,20130704,2.7295,2.7823,2.8264,2.7207,2.7647,0.6366,25308.84,8014.542,0.017600000000000282,北京,全国地产,19930524,
600657.SH,信达地产,20130703,2.7823,2.7647,2.8087,2.6943,2.7999,-1.2572,22565.98,7037.303,-0.03520000000000012,北京,全国地产,19930524,
600657.SH,信达地产,20130702,2.7735,2.7999,2.8616,2.7559,2.7823,0.6326,48627.88,15529.523,0.017599999999999838,北京,全国地产,19930524,
600657.SH,信达地产,20130701,2.7207,2.7823,2.844,2.6503,2.7383,1.6068,64221.75,19914.324,0.04400000000000004,北京,全国地产,19930524,
600657.SH,信达地产,20130628,2.6591,2.7383,2.7999,2.6415,2.6591,2.9785,62495.61,19507.609,0.07920000000000016,北京,全国地产,19930524,
600657.SH,信达地产,20130627,2.6943,2.6591,2.7295,2.6503,2.6767,-0.6575,47173.66,14424.565,-0.017599999999999838,北京,全国地产,19930524,
600657.SH,信达地产,20130626,2.6767,2.6767,2.6943,2.6062,2.6855,-0.3277,57729.6,17403.309,-0.008800000000000363,北京,全国地产,19930524,
600657.SH,信达地产,20130625,2.7647,2.6855,2.8087,2.4918,2.7647,-2.8647,99061.48,29519.985,-0.07919999999999972,北京,全国地产,19930524,
600657.SH,信达地产,20130624,3.0905,2.7647,3.0905,2.7647,3.0729,-10.0296,86396.96,27922.058,-0.30820000000000025,北京,全国地产,19930524,
600657.SH,信达地产,20130621,3.0377,3.0729,3.0905,3.0113,3.0553,0.576,25334.04,8802.995,0.017600000000000282,北京,全国地产,19930524,
600657.SH,信达地产,20130620,3.1257,3.0553,3.1433,3.0377,3.1433,-2.7996,26879.08,9410.34,-0.08800000000000008,北京,全国地产,19930524,
600657.SH,信达地产,20130619,3.1785,3.1433,3.1785,3.0553,3.1609,-0.5568,24097.42,8492.215,-0.017599999999999838,北京,全国地产,19930524,
600657.SH,信达地产,20130618,3.1349,3.1608,3.1608,3.1176,3.1349,0.8262,23542.78,8580.596,0.025900000000000034,北京,全国地产,19930524,
600657.SH,信达地产,20130617,3.1608,3.1349,3.1608,3.109,3.1608,-0.8194,19768.01,7191.08,-0.025900000000000034,北京,全国地产,19930524,
600657.SH,信达地产,20130614,3.1263,3.1608,3.1608,3.109,3.0831,2.5202,24101.96,8761.013,0.0777000000000001,北京,全国地产,19930524,
600657.SH,信达地产,20130613,3.2558,3.0831,3.2558,3.0658,3.2903,-6.2973,44594.41,16187.81,-0.20719999999999983,北京,全国地产,19930524,
600657.SH,信达地产,20130607,3.3162,3.2903,3.3508,3.2472,3.3162,-0.781,29999.23,11431.788,-0.025900000000000034,北京,全国地产,19930524,
600657.SH,信达地产,20130606,3.3853,3.3162,3.4285,3.2817,3.4112,-2.7849,36534.59,14271.866,-0.0950000000000002,北京,全国地产,19930524,
600657.SH,信达地产,20130605,3.4112,3.4112,3.4199,3.3681,3.4112,0.0,27923.22,10971.81,0.0,北京,全国地产,19930524,
600657.SH,信达地产,20130604,3.4631,3.4112,3.4717,3.4026,3.4631,-1.4987,38019.26,15109.179,-0.051899999999999835,北京,全国地产,19930524,
600657.SH,信达地产,20130603,3.4717,3.4631,3.489,3.4199,3.4631,0.0,38312.01,15343.67,0.0,北京,全国地产,19930524,
600657.SH,信达地产,20130531,3.4717,3.4631,3.5149,3.4544,3.4717,-0.2477,39856.16,16050.887,-0.008599999999999941,北京,全国地产,19930524,
600657.SH,信达地产,20130530,3.5062,3.4717,3.5062,3.4631,3.5062,-0.984,37618.76,15151.119,-0.03450000000000042,北京,全国地产,19930524,
600657.SH,信达地产,20130529,3.4976,3.5062,3.5321,3.489,3.4976,0.2459,49312.62,20029.822,0.008600000000000385,北京,全国地产,19930524,
600657.SH,信达地产,20130528,3.4026,3.4976,3.5149,3.3853,3.4112,2.5328,58449.39,23397.511,0.08639999999999981,北京,全国地产,19930524,
600657.SH,信达地产,20130527,3.4112,3.4112,3.4199,3.3594,3.4112,0.0,51928.43,20375.024,0.0,北京,全国地产,19930524,
600657.SH,信达地产,20130524,3.4458,3.4112,3.4717,3.394,3.4371,-0.7535,54094.11,21372.776,-0.025900000000000034,北京,全国地产,19930524,
600657.SH,信达地产,20130523,3.489,3.4371,3.5235,3.4371,3.5062,-1.9708,65793.11,26477.332,-0.06910000000000016,北京,全国地产,19930524,
600657.SH,信达地产,20130522,3.5062,3.5062,3.584,3.4544,3.489,0.493,89244.33,36314.89,0.017200000000000326,北京,全国地产,19930524,
600657.SH,信达地产,20130521,3.4976,3.489,3.5149,3.4544,3.489,0.0,54137.76,21779.419,0.0,北京,全国地产,19930524,
600657.SH,信达地产,20130520,3.5149,3.489,3.5494,3.4631,3.5062,-0.4906,83867.59,33950.919,-0.017200000000000326,北京,全国地产,19930524,
600657.SH,信达地产,20130517,3.3681,3.5062,3.5581,3.3681,3.3681,4.1002,149898.45,60197.932,0.1381000000000001,北京,全国地产,19930524,
600657.SH,信达地产,20130516,3.3249,3.3681,3.3681,3.2903,3.3162,1.565,65365.63,25268.887,0.05190000000000028,北京,全国地产,19930524,
600657.SH,信达地产,20130515,3.299,3.3162,3.3853,3.2817,3.3162,0.0,48150.88,18520.118,0.0,北京,全国地产,19930524,
600657.SH,信达地产,20130514,3.2472,3.3162,3.3249,3.2212,3.2472,2.1249,60139.11,22804.133,0.06899999999999995,北京,全国地产,19930524,
600657.SH,信达地产,20130513,3.2558,3.2472,3.2644,3.2126,3.2472,0.0,30570.09,11442.987,0.0,北京,全国地产,19930524,
600657.SH,信达地产,20130510,3.2212,3.2472,3.2644,3.1953,3.2299,0.5356,40579.98,15201.445,0.01729999999999965,北京,全国地产,19930524,
600657.SH,信达地产,20130509,3.299,3.2299,3.3162,3.1867,3.299,-2.0946,70021.4,26154.591,-0.06909999999999972,北京,全国地产,19930524,
600657.SH,信达地产,20130508,3.3076,3.299,3.3422,3.2903,3.2903,0.2644,46629.82,17866.593,0.008700000000000152,北京,全国地产,19930524,
600657.SH,信达地产,20130507,3.299,3.2903,3.3162,3.2731,3.2903,0.0,35547.35,13551.82,0.0,北京,全国地产,19930524,
600657.SH,信达地产,20130506,3.2817,3.2903,3.299,3.2731,3.2644,0.7934,45870.38,17470.558,0.02589999999999959,北京,全国地产,19930524,
600657.SH,信达地产,20130503,3.2385,3.2644,3.3162,3.2385,3.2212,1.3411,53967.1,20486.843,0.04320000000000013,北京,全国地产,19930524,
600657.SH,信达地产,20130502,3.3335,3.2212,3.3422,3.1781,3.4458,-6.5181,124313.11,46779.476,-0.22460000000000013,北京,全国地产,19930524,
600657.SH,信达地产,20130426,3.5149,3.4458,3.5321,3.4371,3.4976,-1.481,60324.91,24364.413,-0.051799999999999624,北京,全国地产,19930524,
600657.SH,信达地产,20130425,3.6099,3.4976,3.6099,3.489,3.6185,-3.3412,100152.23,41030.822,-0.12090000000000023,北京,全国地产,19930524,
600657.SH,信达地产,20130424,3.6012,3.6185,3.6444,3.5667,3.6012,0.4804,47709.23,19906.329,0.017300000000000093,北京,全国地产,19930524,
600657.SH,信达地产,20130423,3.679,3.6012,3.7049,3.5494,3.7049,-2.799,93335.6,38979.33,-0.1036999999999999,北京,全国地产,19930524,
600657.SH,信达地产,20130422,3.7394,3.7049,3.7653,3.6531,3.774,-1.8309,73393.18,31481.584,-0.06910000000000016,北京,全国地产,19930524,
600657.SH,信达地产,20130419,3.6876,3.774,3.7826,3.6876,3.7049,1.8651,96224.06,41755.121,0.06910000000000016,北京,全国地产,19930524,
600657.SH,信达地产,20130418,3.6617,3.7049,3.7308,3.6358,3.6876,0.4691,49219.45,21050.517,0.01729999999999965,北京,全国地产,19930524,
600657.SH,信达地产,20130417,3.7049,3.6876,3.7394,3.6358,3.7049,-0.4669,51677.95,22013.909,-0.01729999999999965,北京,全国地产,19930524,
600657.SH,信达地产,20130416,3.5581,3.7049,3.7135,3.5494,3.6185,2.3877,69275.35,29390.992,0.08639999999999981,北京,全国地产,19930524,
600657.SH,信达地产,20130415,3.5753,3.6185,3.6703,3.5581,3.6012,0.4804,46536.05,19440.101,0.017300000000000093,北京,全国地产,19930524,
600657.SH,信达地产,20130412,3.6617,3.6012,3.6703,3.584,3.6531,-1.4207,43647.17,18300.467,-0.051899999999999835,北京,全国地产,19930524,
600657.SH,信达地产,20130411,3.6876,3.6531,3.7135,3.6271,3.6703,-0.4686,44720.69,18972.549,-0.017200000000000326,北京,全国地产,19930524,
600657.SH,信达地产,20130410,3.7221,3.6703,3.748,3.6099,3.7221,-1.3917,63847.75,27200.973,-0.05180000000000007,北京,全国地产,19930524,
600657.SH,信达地产,20130409,3.679,3.7221,3.774,3.679,3.6962,0.7007,72954.85,31454.668,0.025900000000000034,北京,全国地产,19930524,
600657.SH,信达地产,20130408,3.6099,3.6962,3.7049,3.5321,3.679,0.4675,75688.97,31758.7,0.017200000000000326,北京,全国地产,19930524,
600657.SH,信达地产,20130403,3.774,3.679,3.7912,3.6099,3.748,-1.841,119279.23,51428.572,-0.0690000000000004,北京,全国地产,19930524,
600657.SH,信达地产,20130402,3.8603,3.748,3.9208,3.7394,3.843,-2.472,126289.68,55833.988,-0.09499999999999975,北京,全国地产,19930524,
600657.SH,信达地产,20130401,3.7826,3.843,3.9208,3.7826,3.7653,2.0636,103118.13,46065.888,0.0777000000000001,北京,全国地产,19930524,
600657.SH,信达地产,20130329,3.7567,3.7653,3.8258,3.7135,3.7653,0.0,90550.59,39563.977,0.0,北京,全国地产,19930524,
600657.SH,信达地产,20130328,3.8603,3.7653,3.8603,3.7567,3.938,-4.3855,127804.31,56288.927,-0.1727000000000003,北京,全国地产,19930524,
600657.SH,信达地产,20130327,4.0244,3.938,4.0762,3.8949,4.033,-2.3556,143798.46,66277.919,-0.0950000000000002,北京,全国地产,19930524,
600657.SH,信达地产,20130326,4.033,4.033,4.1885,3.9726,4.0849,-1.2705,192053.95,90585.137,-0.051899999999999835,北京,全国地产,19930524,
600657.SH,信达地产,20130325,3.869,4.0849,4.1885,3.8344,3.9035,4.6471,313290.84,145566.853,0.1814,北京,全国地产,19930524,
600657.SH,信达地产,20130322,3.7826,3.9035,3.9035,3.7221,3.7912,2.9621,181185.39,80386.084,0.11230000000000029,北京,全国地产,19930524,
600657.SH,信达地产,20130321,3.8258,3.7912,3.8603,3.748,3.8171,-0.6785,142501.09,62595.249,-0.025900000000000034,北京,全国地产,19930524,
600657.SH,信达地产,20130320,3.7394,3.8171,3.8344,3.7049,3.7653,1.3757,205362.19,90197.041,0.05180000000000007,北京,全国地产,19930524,
600657.SH,信达地产,20130319,3.6703,3.7653,3.774,3.5667,3.6703,2.5883,155754.38,66475.566,0.09499999999999975,北京,全国地产,19930524,
600657.SH,信达地产,20130318,3.6444,3.6703,3.7308,3.6185,3.6444,0.7107,107110.11,45674.718,0.025900000000000034,北京,全国地产,19930524,
600657.SH,信达地产,20130315,3.7394,3.6444,3.7394,3.6099,3.7221,-2.0875,120907.08,51344.914,-0.0777000000000001,北京,全国地产,19930524,
600657.SH,信达地产,20130314,3.7653,3.7221,3.8085,3.679,3.8085,-2.2686,119776.96,51883.876,-0.08639999999999981,北京,全国地产,19930524,
600657.SH,信达地产,20130313,3.7308,3.8085,3.9294,3.7049,3.748,1.6142,251742.58,111661.521,0.060499999999999776,北京,全国地产,19930524,
600657.SH,信达地产,20130312,3.7049,3.748,3.7567,3.6185,3.7308,0.461,184570.17,78950.7,0.017200000000000326,北京,全国地产,19930524,
600657.SH,信达地产,20130311,3.584,3.7308,3.7653,3.5667,3.5926,3.8468,231952.11,99827.43,0.13819999999999988,北京,全国地产,19930524,
600657.SH,信达地产,20130308,3.6962,3.5926,3.7049,3.5581,3.7394,-3.9258,169667.46,71000.641,-0.14679999999999982,北京,全国地产,19930524,
600657.SH,信达地产,20130307,3.584,3.7394,3.7826,3.5581,3.5926,4.0862,233575.1,99873.903,0.14679999999999982,北京,全国地产,19930524,
600657.SH,信达地产,20130306,3.5408,3.5926,3.6703,3.5321,3.5321,1.7129,154254.93,64464.786,0.06050000000000022,北京,全国地产,19930524,
600657.SH,信达地产,20130305,3.5062,3.5321,3.5408,3.4026,3.5062,0.7387,166000.37,66920.908,0.02589999999999959,北京,全国地产,19930524,
600657.SH,信达地产,20130304,3.7135,3.5062,3.7135,3.5062,3.8949,-9.9797,348192.15,144161.176,-0.3886999999999996,北京,全国地产,19930524,
600657.SH,信达地产,20130301,3.9467,3.8949,3.9899,3.8258,3.9208,-0.6606,284905.74,128628.85,-0.025900000000000034,北京,全国地产,19930524,
600657.SH,信达地产,20130228,3.5926,3.9208,3.9208,3.584,3.5667,9.9279,406530.52,181436.185,0.35409999999999986,北京,全国地产,19930524,
600657.SH,信达地产,20130227,3.5667,3.5667,3.6185,3.4631,3.5581,0.2417,101056.32,41557.296,0.008599999999999941,北京,全国地产,19930524,
600657.SH,信达地产,20130226,3.6444,3.5581,3.6703,3.5581,3.6962,-3.7363,88197.43,37003.947,-0.1381000000000001,北京,全国地产,19930524,
600657.SH,信达地产,20130225,3.7826,3.6962,3.8171,3.6185,3.6962,0.0,172310.95,73749.814,0.0,北京,全国地产,19930524,
600657.SH,信达地产,20130222,3.5321,3.6962,3.843,3.489,3.5235,4.9014,257619.05,110464.591,0.1727000000000003,北京,全国地产,19930524,
600657.SH,信达地产,20130221,3.5494,3.5235,3.6012,3.4631,3.6358,-3.0887,49207.52,20190.841,-0.11230000000000029,北京,全国地产,19930524,
600657.SH,信达地产,20130220,3.584,3.6358,3.6617,3.5408,3.6012,0.9608,54183.25,22592.347,0.034600000000000186,北京,全国地产,19930524,
600657.SH,信达地产,20130219,3.7308,3.6012,3.7308,3.5149,3.7308,-3.4738,69964.5,29318.346,-0.12959999999999994,北京,全国地产,19930524,
600657.SH,信达地产,20130218,3.7221,3.7308,3.774,3.7049,3.7221,0.2337,67556.72,29185.409,0.008699999999999708,北京,全国地产,19930524,
600657.SH,信达地产,20130208,3.7221,3.7221,3.7653,3.6962,3.7567,-0.921,72764.31,31462.491,-0.03459999999999974,北京,全国地产,19930524,
600657.SH,信达地产,20130207,3.6531,3.7567,3.7653,3.6185,3.679,2.112,131505.2,56402.143,0.0777000000000001,北京,全国地产,19930524,
600657.SH,信达地产,20130206,3.6012,3.679,3.7135,3.5581,3.6099,1.9142,124709.33,52633.675,0.06909999999999972,北京,全国地产,19930524,
600657.SH,信达地产,20130205,3.5062,3.6099,3.6358,3.4717,3.5235,2.4521,103841.27,42849.981,0.08640000000000025,北京,全国地产,19930524,
600657.SH,信达地产,20130204,3.5494,3.5235,3.5753,3.4458,3.5494,-0.7297,113213.75,45793.302,-0.025900000000000034,北京,全国地产,19930524,
600657.SH,信达地产,20130201,3.584,3.5494,3.6099,3.4544,3.5667,-0.485,161295.37,65725.674,-0.017300000000000093,北京,全国地产,19930524,
600657.SH,信达地产,20130131,3.7567,3.5667,3.7653,3.5667,3.7567,-5.0576,128399.21,54159.034,-0.18999999999999995,北京,全国地产,19930524,
600657.SH,信达地产,20130130,3.6703,3.7567,3.7567,3.6531,3.679,2.112,97654.52,41975.378,0.0777000000000001,北京,全国地产,19930524,
600657.SH,信达地产,20130129,3.6617,3.679,3.748,3.6531,3.6617,0.4725,89545.01,38265.747,0.01729999999999965,北京,全国地产,19930524,
600657.SH,信达地产,20130128,3.5321,3.6617,3.6617,3.5321,3.5494,3.1639,103768.24,43279.109,0.11230000000000029,北京,全国地产,19930524,
600657.SH,信达地产,20130125,3.6099,3.5494,3.6444,3.5321,3.6271,-2.1422,46614.08,19302.717,-0.0777000000000001,北京,全国地产,19930524,
600657.SH,信达地产,20130124,3.7135,3.6271,3.774,3.5581,3.7049,-2.0999,109208.75,46674.316,-0.07779999999999987,北京,全国地产,19930524,
600657.SH,信达地产,20130123,3.6185,3.7049,3.7135,3.6099,3.6444,1.6601,65795.35,27978.901,0.060499999999999776,北京,全国地产,19930524,
600657.SH,信达地产,20130122,3.7135,3.6444,3.7135,3.6271,3.7135,-1.8608,48580.9,20649.989,-0.06909999999999972,北京,全国地产,19930524,
600657.SH,信达地产,20130121,3.6876,3.7135,3.7826,3.6876,3.6876,0.7024,88761.28,38322.765,0.02589999999999959,北京,全国地产,19930524,
600657.SH,信达地产,20130118,3.584,3.6876,3.6962,3.5753,3.584,2.8906,68932.96,29148.079,0.10360000000000014,北京,全国地产,19930524,
600657.SH,信达地产,20130117,3.6099,3.584,3.6444,3.5321,3.6185,-0.9534,52716.8,21892.639,-0.034499999999999975,北京,全国地产,19930524,
600657.SH,信达地产,20130116,3.6876,3.6185,3.7135,3.6012,3.6962,-2.1022,80992.33,34166.564,-0.0777000000000001,北京,全国地产,19930524,
600657.SH,信达地产,20130115,3.6962,3.6962,3.7308,3.6444,3.679,0.4675,94381.75,40338.312,0.017200000000000326,北京,全国地产,19930524,
600657.SH,信达地产,20130114,3.5408,3.679,3.6962,3.5408,3.5581,3.3979,59822.43,25187.393,0.12089999999999979,北京,全国地产,19930524,
600657.SH,信达地产,20130111,3.6876,3.5581,3.6876,3.5149,3.6876,-3.5118,73954.9,30725.652,-0.12950000000000017,北京,全国地产,19930524,
600657.SH,信达地产,20130110,3.6271,3.6876,3.7567,3.6099,3.6271,1.668,66431.06,28339.335,0.06050000000000022,北京,全国地产,19930524,
600657.SH,信达地产,20130109,3.6617,3.6271,3.6876,3.584,3.6962,-1.8695,69746.44,29450.695,-0.06910000000000016,北京,全国地产,19930524,
600657.SH,信达地产,20130108,3.6703,3.6962,3.7912,3.5494,3.6703,0.7057,89324.53,38081.308,0.025900000000000034,北京,全国地产,19930524,
600657.SH,信达地产,20130107,3.6531,3.6703,3.679,3.6099,3.6703,0.0,59710.97,25150.748,0.0,北京,全国地产,19930524,
600657.SH,信达地产,20130104,3.7049,3.6703,3.774,3.6444,3.6531,0.4708,124337.04,53256.099,0.017200000000000326,北京,全国地产,19930524,
600657.SH,信达地产,20121231,3.584,3.6531,3.7394,3.5581,3.5581,2.67,197143.12,83086.762,0.09499999999999975,北京,全国地产,19930524,
600657.SH,信达地产,20121228,3.4112,3.5581,3.5753,3.4026,3.4112,4.3064,149787.45,60724.136,0.14690000000000003,北京,全国地产,19930524,
600657.SH,信达地产,20121227,3.4717,3.4112,3.4803,3.394,3.4458,-1.0041,81150.18,32198.181,-0.034600000000000186,北京,全国地产,19930524,
600657.SH,信达地产,20121226,3.4285,3.4458,3.4803,3.4112,3.4285,0.5046,99894.89,39826.58,0.017300000000000093,北京,全国地产,19930524,
600657.SH,信达地产,20121225,3.2731,3.4285,3.4803,3.2644,3.2817,4.4733,199512.36,78745.317,0.14680000000000026,北京,全国地产,19930524,
600657.SH,信达地产,20121224,3.2903,3.2817,3.3335,3.2644,3.3162,-1.0403,33160.22,12660.373,-0.034499999999999975,北京,全国地产,19930524,
600657.SH,信达地产,20121221,3.3335,3.3162,3.3853,3.2903,3.3335,-0.519,61602.09,23807.218,-0.017300000000000093,北京,全国地产,19930524,
600657.SH,信达地产,20121220,3.2903,3.3335,3.3422,3.2558,3.3162,0.5217,69427.53,26473.414,0.017300000000000093,北京,全国地产,19930524,
600657.SH,信达地产,20121219,3.3249,3.3162,3.3335,3.2644,3.3249,-0.2617,57739.88,22031.208,-0.008700000000000152,北京,全国地产,19930524,
600657.SH,信达地产,20121218,3.3594,3.3249,3.4199,3.2817,3.3594,-1.027,117504.09,45611.971,-0.034499999999999975,北京,全国地产,19930524,
600657.SH,信达地产,20121217,3.3508,3.3594,3.4199,3.3076,3.3594,0.0,87055.2,33929.968,0.0,北京,全国地产,19930524,
600657.SH,信达地产,20121214,3.1953,3.3594,3.3853,3.1953,3.2299,4.0094,136423.91,52599.954,0.12949999999999973,北京,全国地产,19930524,
600657.SH,信达地产,20121213,3.2903,3.2299,3.3508,3.2126,3.299,-2.0946,72095.08,27436.464,-0.06909999999999972,北京,全国地产,19930524,
600657.SH,信达地产,20121212,3.2472,3.299,3.3249,3.2385,3.2644,1.0599,51367.47,19518.347,0.03459999999999974,北京,全国地产,19930524,
600657.SH,信达地产,20121211,3.2644,3.2644,3.3853,3.2385,3.2644,0.0,114877.9,44141.638,0.0,北京,全国地产,19930524,
600657.SH,信达地产,20121210,3.1781,3.2644,3.299,3.1522,3.1694,2.9974,127665.5,48071.4,0.0950000000000002,北京,全国地产,19930524,
600657.SH,信达地产,20121207,3.1263,3.1694,3.1781,3.109,3.1263,1.3786,89984.44,32830.07,0.043099999999999916,北京,全国地产,19930524,
600657.SH,信达地产,20121206,3.109,3.1263,3.1694,3.0744,3.109,0.5564,76076.99,27551.168,0.017300000000000093,北京,全国地产,19930524,
600657.SH,信达地产,20121205,2.9794,3.109,3.1435,2.9708,2.9708,4.6519,123601.91,43858.093,0.13819999999999988,北京,全国地产,19930524,
600657.SH,信达地产,20121204,2.9449,2.9708,3.0053,2.9103,2.9708,0.0,45775.11,15681.561,0.0,北京,全国地产,19930524,
600657.SH,信达地产,20121203,2.9881,2.9708,3.0485,2.9535,2.9881,-0.579,60512.33,20995.655,-0.017300000000000093,北京,全国地产,19930524,
600657.SH,信达地产,20121130,2.8585,2.9881,3.0399,2.8585,2.8672,4.2167,87463.62,30231.115,0.12090000000000023,北京,全国地产,19930524,
600657.SH,信达地产,20121129,2.8931,2.8672,2.9449,2.8585,2.8931,-0.8952,38234.0,12817.235,-0.025900000000000034,北京,全国地产,19930524,
600657.SH,信达地产,20121128,2.9276,2.8931,2.9276,2.8672,2.9276,-1.1784,32475.2,10885.156,-0.034499999999999975,北京,全国地产,19930524,
600657.SH,信达地产,20121127,2.9881,2.9276,3.0053,2.9017,3.0053,-2.5854,42888.85,14571.07,-0.0777000000000001,北京,全国地产,19930524,
600657.SH,信达地产,20121126,3.0399,3.0053,3.0399,2.9881,3.0399,-1.1382,19309.8,6733.795,-0.03459999999999974,北京,全国地产,19930524,
600657.SH,信达地产,20121123,3.0313,3.0399,3.0744,3.014,3.0313,0.2837,29625.72,10466.716,0.008599999999999941,北京,全国地产,19930524,
600657.SH,信达地产,20121122,3.0226,3.0313,3.0313,2.9881,3.0399,-0.2829,33869.87,11809.42,-0.008599999999999941,北京,全国地产,19930524,
600657.SH,信达地产,20121121,2.9881,3.0399,3.0572,2.9276,2.9881,1.7335,39904.89,13872.747,0.051799999999999624,北京,全国地产,19930524,
600657.SH,信达地产,20121120,2.9881,2.9881,3.0399,2.9708,2.9708,0.5823,38597.64,13429.076,0.017300000000000093,北京,全国地产,19930524,
600657.SH,信达地产,20121119,2.9708,2.9708,2.9794,2.9276,2.9794,-0.2886,27471.32,9407.313,-0.008599999999999941,北京,全国地产,19930524,
600657.SH,信达地产,20121116,2.9708,2.9794,3.0053,2.9363,2.9708,0.2895,32940.22,11314.025,0.008599999999999941,北京,全国地产,19930524,
600657.SH,信达地产,20121115,3.014,2.9708,3.0658,2.9622,3.0313,-1.9958,43603.43,15267.512,-0.060499999999999776,北京,全国地产,19930524,
600657.SH,信达地产,20121114,3.014,3.0313,3.0485,2.9967,3.014,0.574,33359.21,11670.671,0.017300000000000093,北京,全国地产,19930524,
600657.SH,信达地产,20121113,3.204,3.014,3.204,3.0053,3.204,-5.9301,72307.0,25943.506,-0.1900000000000004,北京,全国地产,19930524,
600657.SH,信达地产,20121112,3.1781,3.204,3.2126,3.109,3.1522,1.6433,87111.1,31970.287,0.05180000000000007,北京,全国地产,19930524,
600657.SH,信达地产,20121109,3.1176,3.1522,3.1867,3.0917,3.1263,0.8285,37988.94,13825.605,0.025900000000000034,北京,全国地产,19930524,
600657.SH,信达地产,20121108,3.1694,3.1263,3.2644,3.1263,3.204,-2.4251,56783.72,21011.73,-0.0777000000000001,北京,全国地产,19930524,
600657.SH,信达地产,20121107,3.2472,3.204,3.2644,3.1953,3.2472,-1.3304,57127.24,21295.527,-0.04319999999999968,北京,全国地产,19930524,
600657.SH,信达地产,20121106,3.299,3.2472,3.299,3.1867,3.299,-1.5702,58822.72,22042.108,-0.05180000000000007,北京,全国地产,19930524,
600657.SH,信达地产,20121105,3.3508,3.299,3.3767,3.2644,3.3681,-2.0516,86330.31,33077.417,-0.06910000000000016,北京,全国地产,19930524,
600657.SH,信达地产,20121102,3.299,3.3681,3.4371,3.2644,3.3076,1.8291,140148.05,54373.281,0.06050000000000022,北京,全国地产,19930524,
600657.SH,信达地产,20121101,3.109,3.3076,3.3681,3.109,3.109,6.3879,170639.99,64586.085,0.1985999999999999,北京,全国地产,19930524,
600657.SH,信达地产,20121031,3.0831,3.109,3.1263,3.0744,3.1522,-1.3705,47853.26,17162.522,-0.04320000000000013,北京,全国地产,19930524,
600657.SH,信达地产,20121030,3.109,3.1522,3.1953,3.0917,3.109,1.3895,30937.94,11302.377,0.04320000000000013,北京,全国地产,19930524,
600657.SH,信达地产,20121029,3.1176,3.109,3.1435,3.0658,3.0831,0.8401,30582.52,11007.58,0.025900000000000034,北京,全国地产,19930524,
600657.SH,信达地产,20121026,3.1349,3.0831,3.1694,3.0572,3.1349,-1.6524,31431.37,11297.29,-0.05180000000000007,北京,全国地产,19930524,
600657.SH,信达地产,20121025,3.2126,3.1349,3.2472,3.1349,3.2126,-2.4186,39164.09,14450.572,-0.0777000000000001,北京,全国地产,19930524,
600657.SH,信达地产,20121024,3.1781,3.2126,3.2558,3.1694,3.2126,0.0,40219.4,14955.608,0.0,北京,全国地产,19930524,
600657.SH,信达地产,20121023,3.2212,3.2126,3.3681,3.1953,3.2299,-0.5356,117645.44,44954.453,-0.017300000000000093,北京,全国地产,19930524,
600657.SH,信达地产,20121022,3.1349,3.2299,3.2644,3.1003,3.1522,2.4649,59258.82,21785.044,0.0777000000000001,北京,全国地产,19930524,
600657.SH,信达地产,20121019,3.1608,3.1522,3.2126,3.1349,3.1694,-0.5427,51245.83,18823.963,-0.017199999999999882,北京,全国地产,19930524,
600657.SH,信达地产,20121018,3.0485,3.1694,3.2212,3.0485,3.0572,3.67,88828.64,32458.759,0.11220000000000008,北京,全国地产,19930524,
600657.SH,信达地产,20121017,3.0485,3.0572,3.0658,3.0053,3.0485,0.2854,20191.56,7098.139,0.008699999999999708,北京,全国地产,19930524,
600657.SH,信达地产,20121016,3.014,3.0485,3.0831,3.0053,3.014,1.1447,27284.45,9636.297,0.03450000000000042,北京,全国地产,19930524,
600657.SH,信达地产,20121015,3.0313,3.014,3.0313,2.9967,3.0313,-0.5707,18534.6,6463.787,-0.017300000000000093,北京,全国地产,19930524,
600657.SH,信达地产,20121012,3.0313,3.0313,3.0744,2.9967,3.0313,0.0,32935.14,11573.267,0.0,北京,全国地产,19930524,
600657.SH,信达地产,20121011,3.0658,3.0313,3.0744,3.014,3.0917,-1.9536,53223.29,18761.849,-0.06040000000000001,北京,全国地产,19930524,
600657.SH,信达地产,20121010,2.9881,3.0917,3.1263,2.9708,2.9881,3.4671,81752.64,28970.882,0.10359999999999969,北京,全国地产,19930524,
600657.SH,信达地产,20121009,2.9276,2.9881,2.9967,2.9276,2.9276,2.0665,38647.06,13311.449,0.06050000000000022,北京,全国地产,19930524,
600657.SH,信达地产,20121008,2.9622,2.9276,2.9622,2.9103,2.9535,-0.8769,27961.65,9488.225,-0.025900000000000034,北京,全国地产,19930524,
600657.SH,信达地产,20120928,2.8844,2.9535,2.9622,2.8844,2.9103,1.4844,46503.96,15821.622,0.04320000000000013,北京,全国地产,19930524,
600657.SH,信达地产,20120927,2.8326,2.9103,2.9363,2.8067,2.8326,2.7431,32772.98,10941.968,0.0777000000000001,北京,全国地产,19930524,
600657.SH,信达地产,20120926,2.9017,2.8326,2.919,2.8326,2.9103,-2.6698,20646.29,6867.444,-0.0777000000000001,北京,全国地产,19930524,
600657.SH,信达地产,20120925,2.8931,2.9103,2.919,2.8844,2.9103,0.0,13924.27,4678.249,0.0,北京,全国地产,19930524,
600657.SH,信达地产,20120924,2.8672,2.9103,2.9363,2.8499,2.8758,1.1997,28005.68,9375.5,0.034499999999999975,北京,全国地产,19930524,
600657.SH,信达地产,20120921,2.8931,2.8758,2.9103,2.8585,2.8844,-0.2982,28764.67,9605.3,-0.008599999999999941,北京,全国地产,19930524,
600657.SH,信达地产,20120920,2.9622,2.8844,2.9622,2.8758,2.9794,-3.1886,45459.87,15312.276,-0.0950000000000002,北京,全国地产,19930524,
600657.SH,信达地产,20120919,2.9708,2.9794,2.9794,2.919,2.9622,0.5806,49405.3,16862.536,0.017199999999999882,北京,全国地产,19930524,
600657.SH,信达地产,20120918,3.0658,2.9622,3.0658,2.9449,3.014,-1.7186,67453.5,23285.153,-0.051799999999999624,北京,全国地产,19930524,
600657.SH,信达地产,20120917,3.1176,3.014,3.1608,3.0053,3.1349,-3.8566,56855.33,20151.536,-0.12090000000000023,北京,全国地产,19930524,
600657.SH,信达地产,20120914,3.1522,3.1349,3.1781,3.0917,3.1176,0.5549,53935.83,19560.463,0.017300000000000093,北京,全国地产,19930524,
600657.SH,信达地产,20120913,3.1522,3.1176,3.1867,3.1176,3.1694,-1.6344,24777.26,9043.335,-0.05180000000000007,北京,全国地产,19930524,
600657.SH,信达地产,20120912,3.1608,3.1694,3.1781,3.1263,3.1522,0.5457,35968.2,13151.174,0.017199999999999882,北京,全国地产,19930524,
600657.SH,信达地产,20120911,3.1867,3.1522,3.1867,3.109,3.1867,-1.0826,32920.77,11973.639,-0.034499999999999975,北京,全国地产,19930524,
600657.SH,信达地产,20120910,3.1867,3.1867,3.2299,3.1435,3.1781,0.2706,69866.46,25725.907,0.008599999999999941,北京,全国地产,19930524,
600657.SH,信达地产,20120907,3.0917,3.1781,3.2212,3.0744,3.0744,3.373,69937.59,25608.022,0.10370000000000035,北京,全国地产,19930524,
600657.SH,信达地产,20120906,3.0744,3.0744,3.0917,3.0313,3.0485,0.8496,20670.51,7325.17,0.02589999999999959,北京,全国地产,19930524,
600657.SH,信达地产,20120905,3.014,3.0485,3.0485,2.9967,3.0226,0.8569,13749.23,4822.85,0.025900000000000034,北京,全国地产,19930524,
600657.SH,信达地产,20120904,3.1003,3.0226,3.1003,2.9967,3.1003,-2.5062,21256.03,7515.121,-0.07769999999999966,北京,全国地产,19930524,
600657.SH,信达地产,20120903,3.0399,3.1003,3.1349,3.0226,3.0399,1.9869,49605.54,17784.766,0.06040000000000001,北京,全国地产,19930524,
600657.SH,信达地产,20120831,3.0399,3.0399,3.0831,3.014,3.0399,0.0,19082.88,6727.293,0.0,北京,全国地产,19930524,
600657.SH,信达地产,20120830,3.0485,3.0399,3.0917,2.9708,3.0658,-0.8448,24205.89,8520.606,-0.025900000000000034,北京,全国地产,19930524,
600657.SH,信达地产,20120829,3.1263,3.0658,3.1608,3.0485,3.1176,-1.6615,29120.85,10423.212,-0.05180000000000007,北京,全国地产,19930524,
600657.SH,信达地产,20120828,3.109,3.1176,3.1522,3.0917,3.1263,-0.2783,20169.26,7298.453,-0.008700000000000152,北京,全国地产,19930524,
600657.SH,信达地产,20120827,3.2126,3.1263,3.2385,3.109,3.2299,-3.2075,20390.16,7457.76,-0.10360000000000014,北京,全国地产,19930524,
600657.SH,信达地产,20120824,3.2817,3.2299,3.2817,3.2126,3.2817,-1.5785,14147.74,5296.265,-0.051799999999999624,北京,全国地产,19930524,
600657.SH,信达地产,20120823,3.2558,3.2817,3.299,3.2472,3.2731,0.2627,15484.32,5861.3,0.008599999999999941,北京,全国地产,19930524,
600657.SH,信达地产,20120822,3.2903,3.2731,3.3162,3.2472,3.299,-0.7851,14214.63,5396.298,-0.025900000000000034,北京,全国地产,19930524,
600657.SH,信达地产,20120821,3.2817,3.299,3.3249,3.2644,3.2731,0.7913,14537.32,5558.138,0.025900000000000034,北京,全国地产,19930524,
600657.SH,信达地产,20120820,3.2903,3.2731,3.3076,3.2299,3.2817,-0.2621,24418.04,9237.967,-0.008599999999999941,北京,全国地产,19930524,
600657.SH,信达地产,20120817,3.3162,3.2817,3.3335,3.2558,3.299,-0.5244,11809.48,4502.148,-0.017300000000000093,北京,全国地产,19930524,
600657.SH,信达地产,20120816,3.2558,3.299,3.3422,3.2558,3.2385,1.8681,19936.34,7624.286,0.060499999999999776,北京,全国地产,19930524,
600657.SH,信达地产,20120815,3.2644,3.2385,3.299,3.2385,3.2817,-1.3164,6685.89,2529.672,-0.04319999999999968,北京,全国地产,19930524,
600657.SH,信达地产,20120814,3.2644,3.2817,3.3076,3.2299,3.2644,0.53,15898.19,6019.392,0.01729999999999965,北京,全国地产,19930524,
600657.SH,信达地产,20120813,3.3594,3.2644,3.3594,3.2644,3.3594,-2.8279,18086.94,6906.724,-0.09499999999999975,北京,全国地产,19930524,
600657.SH,信达地产,20120810,3.4285,3.3594,3.4371,3.3249,3.4199,-1.7691,31253.9,12151.681,-0.06050000000000022,北京,全国地产,19930524,
600657.SH,信达地产,20120809,3.4112,3.4199,3.4371,3.3767,3.4112,0.255,17166.58,6794.169,0.008700000000000152,北京,全国地产,19930524,
600657.SH,信达地产,20120808,3.3853,3.4112,3.4285,3.3853,3.4112,0.0,19568.53,7712.218,0.0,北京,全国地产,19930524,
600657.SH,信达地产,20120807,3.3853,3.4112,3.4285,3.3422,3.3853,0.7651,16556.75,6506.342,0.025900000000000034,北京,全国地产,19930524,
600657.SH,信达地产,20120806,3.3335,3.3853,3.4026,3.2903,3.3076,2.3491,26158.05,10128.231,0.0777000000000001,北京,全国地产,19930524,
600657.SH,信达地产,20120803,3.2731,3.3076,3.3076,3.2558,3.2472,1.8601,11135.0,4235.663,0.06040000000000001,北京,全国地产,19930524,
600657.SH,信达地产,20120802,3.3335,3.2472,3.3594,3.204,3.3508,-3.0918,22324.52,8495.048,-0.10360000000000014,北京,全国地产,19930524,
600657.SH,信达地产,20120801,3.2472,3.3508,3.3681,3.2385,3.2558,2.9179,17577.85,6778.96,0.0950000000000002,北京,全国地产,19930524,
600657.SH,信达地产,20120731,3.2817,3.2558,3.3162,3.2472,3.2903,-1.0485,14511.11,5498.907,-0.034499999999999975,北京,全国地产,19930524,
600657.SH,信达地产,20120730,3.3249,3.2903,3.3422,3.2731,3.3162,-0.781,20758.7,7947.218,-0.025900000000000034,北京,全国地产,19930524,
600657.SH,信达地产,20120727,3.2212,3.3162,3.3508,3.2212,3.204,3.5019,20097.32,7620.143,0.11219999999999963,北京,全国地产,19930524,
600657.SH,信达地产,20120726,3.2299,3.204,3.2817,3.1953,3.2385,-1.0653,15551.94,5821.197,-0.034499999999999975,北京,全国地产,19930524,
600657.SH,信达地产,20120725,3.3162,3.2385,3.3249,3.2126,3.3249,-2.5986,22247.85,8424.627,-0.08639999999999981,北京,全国地产,19930524,
600657.SH,信达地产,20120724,3.2903,3.3249,3.3594,3.2817,3.2903,1.0516,14427.48,5561.099,0.034600000000000186,北京,全国地产,19930524,
600657.SH,信达地产,20120723,3.3508,3.2903,3.3508,3.2817,3.3422,-1.5529,17901.83,6834.098,-0.05190000000000028,北京,全国地产,19930524,
600657.SH,信达地产,20120720,3.3249,3.3422,3.3681,3.299,3.3594,-0.512,18021.21,6972.182,-0.017199999999999882,北京,全国地产,19930524,
600657.SH,信达地产,20120719,3.3162,3.3594,3.3853,3.2903,3.3162,1.3027,32406.87,12583.064,0.04320000000000013,北京,全国地产,19930524,
600657.SH,信达地产,20120718,3.3681,3.3162,3.3681,3.2472,3.3681,-1.5409,46299.95,17606.309,-0.05190000000000028,北京,全国地产,19930524,
600657.SH,信达地产,20120717,3.2644,3.3681,3.3681,3.2558,3.2558,3.4492,51790.02,20018.516,0.11230000000000029,北京,全国地产,19930524,
600657.SH,信达地产,20120716,3.4976,3.2558,3.4976,3.2385,3.5062,-7.1416,84209.14,32662.154,-0.2504000000000004,北京,全国地产,19930524,
600657.SH,信达地产,20120713,3.6444,3.5062,3.6962,3.4544,3.679,-4.6969,109890.33,45024.466,-0.17279999999999962,北京,全国地产,19930524,
600657.SH,信达地产,20120712,3.6444,3.679,3.7049,3.6099,3.6271,1.4309,37012.54,15635.835,0.051899999999999835,北京,全国地产,19930524,
600657.SH,信达地产,20120711,3.6012,3.6271,3.6617,3.5926,3.6012,0.7192,17127.78,7184.02,0.025900000000000034,北京,全国地产,19930524,
600657.SH,信达地产,20120710,3.7308,3.6012,3.748,3.6012,3.748,-3.9168,34878.04,14677.13,-0.14680000000000026,北京,全国地产,19930524,
600657.SH,信达地产,20120709,3.9639,3.748,3.9639,3.748,3.9639,-5.4467,44459.5,19838.45,-0.21589999999999998,北京,全国地产,19930524,
600657.SH,信达地产,20120706,3.9467,3.9639,4.033,3.5321,3.9121,1.3241,82446.4,37022.239,0.05180000000000007,北京,全国地产,19930524,
600657.SH,信达地产,20120705,3.869,3.9121,3.938,3.8517,3.9035,0.2203,26335.25,11906.154,0.008599999999999941,北京,全国地产,19930524,
600657.SH,信达地产,20120704,3.9208,3.9035,3.9553,3.8862,3.9294,-0.6591,20376.43,9229.454,-0.02589999999999959,北京,全国地产,19930524,
600657.SH,信达地产,20120703,3.9208,3.9294,4.0071,3.8603,3.8862,1.1116,24255.53,11090.992,0.04319999999999968,北京,全国地产,19930524,
600657.SH,信达地产,20120702,3.8344,3.8862,3.9121,3.8171,3.8258,1.5788,19435.32,8729.881,0.06040000000000001,北京,全国地产,19930524,
600657.SH,信达地产,20120629,3.774,3.8258,3.8258,3.7135,3.7653,1.6068,15876.94,6953.692,0.06050000000000022,北京,全国地产,19930524,
600657.SH,信达地产,20120628,3.8344,3.7653,3.8776,3.7653,3.8344,-1.8021,23954.57,10608.249,-0.06910000000000016,北京,全国地产,19930524,
600657.SH,信达地产,20120627,3.8517,3.8344,3.9294,3.8258,3.843,-0.2238,30098.19,13514.194,-0.008599999999999941,北京,全国地产,19930524,
600657.SH,信达地产,20120626,3.9035,3.843,3.9294,3.8171,3.9121,-1.7663,89935.09,40067.554,-0.06910000000000016,北京,全国地产,19930524,
600657.SH,信达地产,20120625,4.1712,3.9121,4.1712,3.8862,4.1626,-6.0179,50113.27,23176.494,-0.25050000000000017,北京,全国地产,19930524,
600657.SH,信达地产,20120621,4.1539,4.1626,4.1971,4.1194,4.1798,-0.4115,13470.19,6487.031,-0.017199999999999882,北京,全国地产,19930524,
600657.SH,信达地产,20120620,4.2317,4.1798,4.2576,4.1626,4.2058,-0.6182,16051.63,7770.347,-0.0259999999999998,北京,全国地产,19930524,
600657.SH,信达地产,20120619,4.2662,4.2058,4.2748,4.1539,4.2576,-1.2166,23576.24,11490.559,-0.05180000000000007,北京,全国地产,19930524,
600657.SH,信达地产,20120618,4.1809,4.2577,4.3003,4.1724,4.1724,2.0444,51565.5,25741.044,0.08530000000000015,北京,全国地产,19930524,
600657.SH,信达地产,20120615,4.2235,4.1724,4.2406,4.087,4.198,-0.6098,61089.59,29666.374,-0.025600000000000733,北京,全国地产,19930524,
600657.SH,信达地产,20120614,4.2833,4.198,4.3003,4.1809,4.2833,-1.9915,41666.21,20810.089,-0.08529999999999927,北京,全国地产,19930524,
600657.SH,信达地产,20120613,4.2662,4.2833,4.3003,4.2321,4.2747,0.2012,52745.88,26407.398,0.008599999999999497,北京,全国地产,19930524,
600657.SH,信达地产,20120612,3.9932,4.2747,4.3515,3.9846,4.0358,5.9195,143910.07,70981.943,0.2389000000000001,北京,全国地产,19930524,
600657.SH,信达地产,20120611,4.0188,4.0358,4.1468,3.8737,3.9761,1.5015,65370.0,30572.643,0.059699999999999864,北京,全国地产,19930524,
600657.SH,信达地产,20120608,4.0444,3.9761,4.087,3.9676,3.9676,0.2142,37544.47,17662.311,0.008500000000000174,北京,全国地产,19930524,
600657.SH,信达地产,20120607,3.9761,3.9676,4.0614,3.9505,3.9846,-0.4266,36240.03,17027.801,-0.016999999999999904,北京,全国地产,19930524,
600657.SH,信达地产,20120606,4.0956,3.9846,4.0956,3.8652,4.0956,-2.7102,70216.14,32530.828,-0.11100000000000021,北京,全国地产,19930524,
600657.SH,信达地产,20120605,4.1382,4.0956,4.1553,4.0529,4.1041,-0.2071,27161.69,13071.41,-0.00849999999999973,北京,全国地产,19930524,
600657.SH,信达地产,20120604,4.2235,4.1041,4.2747,4.0956,4.2918,-4.3735,44160.26,21643.478,-0.18770000000000042,北京,全国地产,19930524,
600657.SH,信达地产,20120601,4.2662,4.2918,4.3003,4.2065,4.2491,1.0049,35921.88,17984.59,0.04269999999999996,北京,全国地产,19930524,
600657.SH,信达地产,20120531,4.2662,4.2491,4.2747,4.215,4.2662,-0.4008,42186.51,20997.661,-0.017100000000000115,北京,全国地产,19930524,
600657.SH,信达地产,20120530,4.1297,4.2662,4.3089,4.1041,4.0956,4.1654,130187.31,65026.529,0.1706000000000003,北京,全国地产,19930524,
600657.SH,信达地产,20120529,4.0529,4.0956,4.1468,4.0444,4.0529,1.0536,41905.93,20196.672,0.04269999999999996,北京,全国地产,19930524,
600657.SH,信达地产,20120528,4.0017,4.0529,4.07,3.9164,4.0017,1.2795,39176.76,18343.073,0.05120000000000058,北京,全国地产,19930524,
600657.SH,信达地产,20120525,4.1126,4.0017,4.1638,3.9932,4.1126,-2.6966,27202.09,13014.196,-0.1109,北京,全国地产,19930524,
600657.SH,信达地产,20120524,4.087,4.1126,4.1297,4.0614,4.07,1.0467,22863.15,10988.267,0.042599999999999305,北京,全国地产,19930524,
600657.SH,信达地产,20120523,4.07,4.07,4.1297,4.0358,4.07,0.0,19907.2,9509.783,0.0,北京,全国地产,19930524,
600657.SH,信达地产,20120522,4.0188,4.07,4.087,3.9932,3.9846,2.1433,19098.14,9074.478,0.08540000000000036,北京,全国地产,19930524,
600657.SH,信达地产,20120521,4.0017,3.9846,4.0358,3.942,4.0017,-0.4273,15424.09,7217.109,-0.01709999999999967,北京,全国地产,19930524,
600657.SH,信达地产,20120518,4.0785,4.0017,4.1126,3.9334,4.1297,-3.0995,37342.47,17583.848,-0.1280000000000001,北京,全国地产,19930524,
600657.SH,信达地产,20120517,4.1126,4.1297,4.1382,4.0444,4.087,1.0448,35431.73,17051.708,0.04269999999999996,北京,全国地产,19930524,
600657.SH,信达地产,20120516,4.1809,4.087,4.1809,4.0529,4.1894,-2.4443,24629.45,11872.184,-0.10240000000000027,北京,全国地产,19930524,
600657.SH,信达地产,20120515,4.0956,4.1894,4.215,3.9932,4.1382,1.2373,62737.85,30184.946,0.05119999999999969,北京,全国地产,19930524,
600657.SH,信达地产,20120514,4.1809,4.1382,4.2406,4.1041,4.1297,0.2058,62970.29,30801.83,0.008500000000000618,北京,全国地产,19930524,
600657.SH,信达地产,20120511,4.07,4.1297,4.1724,4.0273,4.1041,0.6238,33542.14,16143.973,0.025599999999999845,北京,全国地产,19930524,
600657.SH,信达地产,20120510,4.0956,4.1041,4.1382,3.9761,4.0956,0.2075,48398.82,23080.154,0.00849999999999973,北京,全国地产,19930524,
600657.SH,信达地产,20120509,4.1553,4.0956,4.198,4.087,4.1724,-1.8407,68363.41,33181.212,-0.07679999999999954,北京,全国地产,19930524,
600657.SH,信达地产,20120508,4.1724,4.1724,4.215,4.1212,4.1894,-0.4058,40409.34,19758.594,-0.017000000000000348,北京,全国地产,19930524,
600657.SH,信达地产,20120507,4.1553,4.1894,4.2235,4.0273,4.1638,0.6148,62274.96,30031.438,0.025599999999999845,北京,全国地产,19930524,
600657.SH,信达地产,20120504,4.1126,4.1638,4.1894,4.1126,4.1382,0.6186,40701.77,19867.309,0.025599999999999845,北京,全国地产,19930524,
600657.SH,信达地产,20120503,4.198,4.1382,4.2321,4.0785,4.2321,-2.2188,60285.23,29194.66,-0.09389999999999965,北京,全国地产,19930524,
600657.SH,信达地产,20120502,4.2577,4.2321,4.2662,4.1382,4.2235,0.2036,95250.92,47005.28,0.008600000000000385,北京,全国地产,19930524,
600657.SH,信达地产,20120427,4.198,4.2235,4.2918,4.1553,4.3601,-3.133,145487.21,71849.5,-0.1366000000000005,北京,全国地产,19930524,
600657.SH,信达地产,20120425,4.1809,4.3601,4.4283,4.1382,4.1553,4.9286,270805.16,137106.94,0.20479999999999965,北京,全国地产,19930524,
600657.SH,信达地产,20120424,3.9932,4.1553,4.1724,3.8737,4.0102,3.6183,129327.74,61138.959,0.14510000000000023,北京,全国地产,19930524,
600657.SH,信达地产,20120423,4.0785,4.0102,4.1297,3.9932,4.07,-1.4693,78658.9,37488.84,-0.059800000000000075,北京,全国地产,19930524,
600657.SH,信达地产,20120420,3.9164,4.07,4.1297,3.8737,3.9334,3.4728,92535.89,43733.78,0.1366000000000005,北京,全国地产,19930524,
600657.SH,信达地产,20120419,3.9676,3.9334,4.0017,3.8908,3.9676,-0.862,35793.47,16515.236,-0.03420000000000023,北京,全国地产,19930524,
600657.SH,信达地产,20120418,3.8481,3.9676,4.0188,3.8055,3.8396,3.3337,82147.81,38133.339,0.1280000000000001,北京,全国地产,19930524,
600657.SH,信达地产,20120417,3.959,3.8396,4.0444,3.8396,3.959,-3.0159,60032.54,27684.292,-0.11940000000000017,北京,全国地产,19930524,
600657.SH,信达地产,20120416,3.8481,3.959,4.0529,3.8396,3.8908,1.7529,75562.69,35066.315,0.06820000000000004,北京,全国地产,19930524,
600657.SH,信达地产,20120413,3.959,3.8908,4.0529,3.8737,3.9505,-1.5112,82616.07,38228.104,-0.059699999999999864,北京,全国地产,19930524,
600657.SH,信达地产,20120412,3.814,3.9505,3.959,3.7713,3.7969,4.0454,115771.1,52424.053,0.15359999999999996,北京,全国地产,19930524,
600657.SH,信达地产,20120411,3.6519,3.7969,3.8908,3.6263,3.7031,2.533,96542.2,42918.178,0.09379999999999988,北京,全国地产,19930524,
600657.SH,信达地产,20120410,3.6177,3.7031,3.7031,3.5324,3.6177,2.3606,32476.26,13758.34,0.08539999999999992,北京,全国地产,19930524,
600657.SH,信达地产,20120409,3.6775,3.6177,3.7031,3.6092,3.686,-1.853,20594.56,8834.209,-0.0682999999999998,北京,全国地产,19930524,
600657.SH,信达地产,20120406,3.6263,3.686,3.7287,3.6007,3.6348,1.4086,58122.6,25105.393,0.051200000000000134,北京,全国地产,19930524,
600657.SH,信达地产,20120405,3.5666,3.6348,3.6519,3.558,3.5666,1.9122,51990.92,22023.78,0.0681999999999996,北京,全国地产,19930524,
600657.SH,信达地产,20120330,3.5324,3.5666,3.5836,3.4983,3.5068,1.7053,22851.44,9499.152,0.059800000000000075,北京,全国地产,19930524,
600657.SH,信达地产,20120329,3.4812,3.5068,3.6177,3.4556,3.4983,0.243,44665.51,18544.912,0.008500000000000174,北京,全国地产,19930524,
600657.SH,信达地产,20120328,3.6604,3.4983,3.7116,3.4898,3.6433,-3.9799,47412.25,20048.982,-0.14500000000000002,北京,全国地产,19930524,
600657.SH,信达地产,20120327,3.6689,3.6433,3.7116,3.6177,3.6519,-0.2355,20231.26,8676.819,-0.008599999999999941,北京,全国地产,19930524,
600657.SH,信达地产,20120326,3.6689,3.6519,3.7201,3.5836,3.6945,-1.1531,34144.81,14625.183,-0.04260000000000019,北京,全国地产,19930524,
600657.SH,信达地产,20120323,3.7543,3.6945,3.7628,3.6433,3.7884,-2.4786,43548.25,18921.694,-0.0939000000000001,北京,全国地产,19930524,
600657.SH,信达地产,20120322,3.7543,3.7884,3.8396,3.7372,3.7713,0.4534,76650.75,34097.218,0.017100000000000115,北京,全国地产,19930524,
600657.SH,信达地产,20120321,3.7372,3.7713,3.8396,3.7201,3.7201,1.3763,63258.65,28022.577,0.051200000000000134,北京,全国地产,19930524,
600657.SH,信达地产,20120320,3.686,3.7201,3.814,3.686,3.7031,0.4591,85399.19,37621.026,0.016999999999999904,北京,全国地产,19930524,
600657.SH,信达地产,20120319,3.686,3.7031,3.7543,3.6689,3.6689,0.9322,52409.87,22730.602,0.03420000000000023,北京,全国地产,19930524,
600657.SH,信达地产,20120316,3.6177,3.6689,3.7031,3.5324,3.6007,1.8941,66222.71,28164.765,0.06820000000000004,北京,全国地产,19930524,
600657.SH,信达地产,20120315,3.7799,3.6007,3.7884,3.5239,3.7799,-4.7409,110631.86,47262.243,-0.17920000000000025,北京,全国地产,19930524,
600657.SH,信达地产,20120314,3.9932,3.7799,4.0529,3.7713,3.9761,-4.9345,112735.35,51998.67,-0.19620000000000015,北京,全国地产,19930524,
600657.SH,信达地产,20120313,3.9249,3.9761,3.9761,3.8993,3.9078,1.7478,60209.35,27834.485,0.06830000000000025,北京,全国地产,19930524,
600657.SH,信达地产,20120312,4.0102,3.9078,4.0102,3.8652,3.9846,-1.9274,106356.27,48882.186,-0.07679999999999998,北京,全国地产,19930524,
600657.SH,信达地产,20120309,4.0017,3.9846,4.0188,3.942,3.9846,0.0,85755.21,39915.563,0.0,北京,全国地产,19930524,
600657.SH,信达地产,20120308,3.959,3.9846,4.0529,3.9249,3.942,1.0807,96702.74,45211.762,0.04259999999999975,北京,全国地产,19930524,
600657.SH,信达地产,20120307,3.942,3.942,4.0358,3.8908,4.0444,-2.5319,127822.17,59081.476,-0.10240000000000027,北京,全国地产,19930524,
600657.SH,信达地产,20120306,4.1126,4.0444,4.1382,4.0017,4.1382,-2.2667,47764.34,22662.308,-0.09379999999999988,北京,全国地产,19930524,
600657.SH,信达地产,20120305,4.1809,4.1382,4.2662,4.1212,4.1809,-1.0213,63091.8,31045.768,-0.04269999999999996,北京,全国地产,19930524,
600657.SH,信达地产,20120302,4.0444,4.1809,4.2406,4.0444,4.0529,3.1582,112059.5,54664.736,0.1280000000000001,北京,全国地产,19930524,
600657.SH,信达地产,20120301,4.0102,4.0529,4.0785,3.9505,4.0188,0.8485,32571.71,15459.293,0.03410000000000046,北京,全国地产,19930524,
600657.SH,信达地产,20120229,4.0614,4.0188,4.0956,3.9932,4.1468,-3.0867,61026.72,28908.357,-0.1280000000000001,北京,全国地产,19930524,
600657.SH,信达地产,20120228,4.1041,4.1468,4.1724,3.9846,4.1126,0.8316,131883.36,63069.896,0.03420000000000023,北京,全国地产,19930524,
600657.SH,信达地产,20120227,4.1638,4.1126,4.2662,4.0785,4.1212,-0.2087,165440.32,81109.212,-0.008600000000000385,北京,全国地产,19930524,
600657.SH,信达地产,20120224,3.8737,4.1212,4.2406,3.8481,3.8737,6.3892,217388.15,103599.455,0.24750000000000005,北京,全国地产,19930524,
600657.SH,信达地产,20120223,3.8567,3.8737,3.9078,3.8225,3.8652,0.2199,77658.57,35226.707,0.00849999999999973,北京,全国地产,19930524,
600657.SH,信达地产,20120222,3.7372,3.8652,3.942,3.7372,3.7713,2.4899,171959.31,77988.49,0.0939000000000001,北京,全国地产,19930524,
600657.SH,信达地产,20120221,3.6604,3.7713,3.7969,3.6348,3.6519,3.2695,115639.45,50427.752,0.11940000000000017,北京,全国地产,19930524,
600657.SH,信达地产,20120220,3.6775,3.6519,3.7372,3.6433,3.6177,0.9454,104133.43,45029.079,0.034199999999999786,北京,全国地产,19930524,
600657.SH,信达地产,20120217,3.6007,3.6177,3.6433,3.5495,3.5922,0.7099,57504.71,24298.344,0.025500000000000078,北京,全国地产,19930524,
600657.SH,信达地产,20120216,3.6263,3.5922,3.6775,3.558,3.6263,-0.9404,60371.14,25506.45,-0.03410000000000002,北京,全国地产,19930524,
600657.SH,信达地产,20120215,3.6092,3.6263,3.6433,3.5666,3.6263,0.0,60224.02,25467.262,0.0,北京,全国地产,19930524,
600657.SH,信达地产,20120214,3.558,3.6263,3.6519,3.5068,3.5751,1.4321,77581.06,32636.94,0.051200000000000134,北京,全国地产,19930524,
600657.SH,信达地产,20120213,3.4556,3.5751,3.5922,3.4044,3.5495,0.7212,141873.64,58062.254,0.025599999999999845,北京,全国地产,19930524,
600657.SH,信达地产,20120210,3.4642,3.5495,3.7116,3.4471,3.4471,2.9706,168569.34,70998.483,0.10240000000000027,北京,全国地产,19930524,
600657.SH,信达地产,20120209,3.3618,3.4471,3.5495,3.3447,3.3618,2.5373,110125.93,44752.105,0.08529999999999971,北京,全国地产,19930524,
600657.SH,信达地产,20120208,3.2594,3.3618,3.3788,3.2594,3.2679,2.8734,33406.67,13037.303,0.0939000000000001,北京,全国地产,19930524,
600657.SH,信达地产,20120207,3.3532,3.2679,3.3618,3.2594,3.3447,-2.2962,18626.53,7164.015,-0.07679999999999998,北京,全国地产,19930524,
600657.SH,信达地产,20120206,3.3618,3.3447,3.3703,3.3106,3.3532,-0.2535,30285.42,11885.885,-0.008500000000000174,北京,全国地产,19930524,
600657.SH,信达地产,20120203,3.2935,3.3532,3.3703,3.2935,3.3106,1.2868,35056.23,13699.597,0.04260000000000019,北京,全国地产,19930524,
600657.SH,信达地产,20120202,3.2423,3.3106,3.3106,3.2253,3.2338,2.3749,28218.88,10824.615,0.07679999999999998,北京,全国地产,19930524,
600657.SH,信达地产,20120201,3.2594,3.2338,3.2935,3.2167,3.2765,-1.3032,19721.37,7521.894,-0.04269999999999996,北京,全国地产,19930524,
600657.SH,信达地产,20120131,3.285,3.2765,3.302,3.2423,3.285,-0.2588,19180.37,7337.073,-0.008500000000000174,北京,全国地产,19930524,
600657.SH,信达地产,20120130,3.3532,3.285,3.3703,3.2679,3.3532,-2.0339,26333.99,10216.223,-0.06820000000000004,北京,全国地产,19930524,
600657.SH,信达地产,20120120,3.302,3.3532,3.3788,3.285,3.285,2.0761,42107.81,16458.486,0.06820000000000004,北京,全国地产,19930524,
600657.SH,信达地产,20120119,3.2509,3.285,3.3106,3.2082,3.2338,1.5833,35298.03,13574.39,0.051200000000000134,北京,全国地产,19930524,
600657.SH,信达地产,20120118,3.2935,3.2338,3.3106,3.2253,3.2935,-1.8127,40058.24,15337.042,-0.059699999999999864,北京,全国地产,19930524,
600657.SH,信达地产,20120117,3.0973,3.2935,3.3191,3.0802,3.157,4.3237,52274.6,19594.645,0.13649999999999984,北京,全国地产,19930524,
600657.SH,信达地产,20120113,3.2594,3.157,3.302,3.1229,3.2594,-3.1417,32911.4,12266.607,-0.10239999999999982,北京,全国地产,19930524,
600657.SH,信达地产,20120112,3.2253,3.2594,3.3532,3.2082,3.2253,1.0573,51214.38,19699.739,0.03410000000000002,北京,全国地产,19930524,
600657.SH,信达地产,20120111,3.2594,3.2253,3.285,3.2167,3.2765,-1.5626,38039.3,14480.787,-0.051200000000000134,北京,全国地产,19930524,
600657.SH,信达地产,20120110,3.157,3.2765,3.302,3.1485,3.157,3.7852,49510.85,18747.418,0.11949999999999994,北京,全国地产,19930524,
600657.SH,信达地产,20120109,3.0461,3.157,3.1655,3.0119,3.0375,3.9342,34023.37,12356.309,0.11949999999999994,北京,全国地产,19930524,
600657.SH,信达地产,20120106,3.029,3.0375,3.0802,2.9693,3.029,0.2806,21791.46,7718.245,0.008500000000000174,北京,全国地产,19930524,
600657.SH,信达地产,20120105,3.1143,3.029,3.1399,3.0119,3.1314,-3.2701,25624.67,9252.546,-0.10240000000000027,北京,全国地产,19930524,
600657.SH,信达地产,20120104,3.2082,3.1314,3.2253,3.1314,3.1826,-1.6087,26353.37,9792.107,-0.05119999999999969,北京,全国地产,19930524,
600657.SH,信达地产,20111230,3.1741,3.1826,3.2167,3.157,3.1485,1.0831,25625.44,9583.161,0.03410000000000002,北京,全国地产,19930524,
600657.SH,信达地产,20111229,3.1826,3.1485,3.1997,3.1314,3.157,-0.2692,22595.88,8381.143,-0.008500000000000174,北京,全国地产,19930524,
600657.SH,信达地产,20111228,3.1229,3.157,3.1826,3.0973,3.1485,0.27,29149.94,10743.447,0.008500000000000174,北京,全国地产,19930524,
600657.SH,信达地产,20111227,3.3106,3.1485,3.3276,3.1143,3.3106,-4.8964,67085.08,25177.18,-0.16210000000000013,北京,全国地产,19930524,
600657.SH,信达地产,20111226,3.3532,3.3106,3.3959,3.2935,3.3703,-1.7714,22430.64,8810.614,-0.059699999999999864,北京,全国地产,19930524,
600657.SH,信达地产,20111223,3.3191,3.3703,3.3959,3.2935,3.3191,1.5426,31350.39,12319.319,0.05119999999999969,北京,全国地产,19930524,
600657.SH,信达地产,20111222,3.4044,3.3191,3.4215,3.2082,3.43,-3.2332,52264.61,20240.007,-0.1109,北京,全国地产,19930524,
600657.SH,信达地产,20111221,3.5922,3.43,3.6007,3.3874,3.558,-3.5975,29407.0,12202.701,-0.12799999999999967,北京,全国地产,19930524,
600657.SH,信达地产,20111220,3.5495,3.558,3.6092,3.5239,3.5495,0.2395,28939.43,12132.905,0.00849999999999973,北京,全国地产,19930524,
600657.SH,信达地产,20111219,3.558,3.5495,3.5666,3.4812,3.5836,-0.9516,25487.28,10524.389,-0.03410000000000002,北京,全国地产,19930524,
600657.SH,信达地产,20111216,3.4812,3.5836,3.5922,3.4812,3.4983,2.4383,30083.88,12432.14,0.08530000000000015,北京,全国地产,19930524,
600657.SH,信达地产,20111215,3.4983,3.4983,3.5666,3.4727,3.5324,-0.9653,34414.91,14247.375,-0.03410000000000002,北京,全国地产,19930524,
600657.SH,信达地产,20111214,3.5324,3.5324,3.6007,3.5154,3.5324,0.0,21275.11,8844.902,0.0,北京,全国地产,19930524,
600657.SH,信达地产,20111213,3.7031,3.5324,3.7031,3.5324,3.7116,-4.8281,40954.03,17303.143,-0.1791999999999998,北京,全国地产,19930524,
600657.SH,信达地产,20111212,3.7457,3.7116,3.7799,3.7031,3.7969,-2.2466,25574.6,11193.703,-0.08530000000000015,北京,全国地产,19930524,
600657.SH,信达地产,20111209,3.7372,3.7969,3.8823,3.7287,3.7713,0.6788,52702.52,23612.832,0.025599999999999845,北京,全国地产,19930524,
600657.SH,信达地产,20111208,3.7799,3.7713,3.8396,3.6689,3.7969,-0.6742,32797.25,14435.016,-0.025599999999999845,北京,全国地产,19930524,
600657.SH,信达地产,20111207,3.8311,3.7969,3.8311,3.7713,3.8055,-0.226,22318.51,9944.965,-0.008599999999999941,北京,全国地产,19930524,
600657.SH,信达地产,20111206,3.7713,3.8055,3.8567,3.7543,3.7799,0.6773,41708.78,18648.683,0.025599999999999845,北京,全国地产,19930524,
600657.SH,信达地产,20111205,3.8225,3.7799,3.8567,3.7543,3.8652,-2.2069,38897.21,17280.369,-0.08530000000000015,北京,全国地产,19930524,
600657.SH,信达地产,20111202,3.9334,3.8652,4.0017,3.8055,4.0358,-4.2272,87781.61,40195.558,-0.17059999999999986,北京,全国地产,19930524,
600657.SH,信达地产,20111201,4.1638,4.0358,4.2491,3.9932,3.9334,2.6033,185517.85,89493.513,0.10240000000000027,北京,全国地产,19930524,
600657.SH,信达地产,20111130,3.8823,3.9334,4.1468,3.8737,3.8993,0.8745,181184.78,84785.939,0.034099999999999575,北京,全国地产,19930524,
600657.SH,信达地产,20111129,3.8652,3.8993,3.9249,3.8311,3.814,2.2365,31621.87,14375.805,0.08530000000000015,北京,全国地产,19930524,
600657.SH,信达地产,20111128,3.8737,3.814,3.8908,3.7969,3.8567,-1.1072,23152.24,10392.619,-0.04269999999999996,北京,全国地产,19930524,
600657.SH,信达地产,20111125,3.9249,3.8567,3.942,3.8481,3.942,-2.1639,22722.85,10357.701,-0.08530000000000015,北京,全国地产,19930524,
600657.SH,信达地产,20111124,3.8993,3.942,3.9932,3.8311,3.9164,0.6537,36773.23,16895.575,0.02560000000000029,北京,全国地产,19930524,
600657.SH,信达地产,20111123,3.9164,3.9164,3.9505,3.8823,3.9164,0.0,21968.33,10082.596,0.0,北京,全国地产,19930524,
600657.SH,信达地产,20111122,3.8993,3.9164,3.9334,3.8481,3.9334,-0.4322,17926.07,8191.77,-0.016999999999999904,北京,全国地产,19930524,
600657.SH,信达地产,20111121,3.9249,3.9334,3.9505,3.8737,3.9249,0.2166,21362.28,9806.863,0.00849999999999973,北京,全国地产,19930524,
600657.SH,信达地产,20111118,4.0614,3.9249,4.0614,3.8652,4.0785,-3.7661,55533.23,25713.811,-0.15359999999999996,北京,全国地产,19930524,
600657.SH,信达地产,20111117,4.0956,4.0785,4.1468,4.07,4.0956,-0.4175,30371.23,14623.474,-0.017100000000000115,北京,全国地产,19930524,
600657.SH,信达地产,20111116,4.1894,4.0956,4.1894,4.0444,4.1894,-2.239,38034.5,18303.693,-0.09379999999999988,北京,全国地产,19930524,
600657.SH,信达地产,20111115,4.1553,4.1894,4.215,4.1126,4.1553,0.8206,53420.34,26067.028,0.034099999999999575,北京,全国地产,19930524,
600657.SH,信达地产,20111114,4.0614,4.1553,4.1638,4.0529,4.0358,2.961,51778.11,24986.048,0.11950000000000038,北京,全国地产,19930524,
600657.SH,信达地产,20111111,4.0785,4.0358,4.1382,4.0358,4.087,-1.2528,30853.85,14746.315,-0.05119999999999969,北京,全国地产,19930524,
600657.SH,信达地产,20111110,4.087,4.087,4.1468,4.0273,4.1382,-1.2373,45701.03,21781.88,-0.05120000000000058,北京,全国地产,19930524,
600657.SH,信达地产,20111109,4.0956,4.1382,4.1553,4.0188,4.0785,1.4638,35503.82,16985.439,0.05970000000000031,北京,全国地产,19930524,
600657.SH,信达地产,20111108,4.1724,4.0785,4.2321,4.0614,4.1809,-2.4492,45642.77,22030.777,-0.10240000000000027,北京,全国地产,19930524,
600657.SH,信达地产,20111107,4.215,4.1809,4.3089,4.1809,4.2406,-1.4078,36878.91,18264.88,-0.05969999999999942,北京,全国地产,19930524,
600657.SH,信达地产,20111104,4.2235,4.2406,4.2918,4.1809,4.1809,1.4279,58285.69,28891.123,0.05969999999999942,北京,全国地产,19930524,
600657.SH,信达地产,20111103,4.1638,4.1809,4.3003,4.1468,4.1553,0.6161,85758.04,42413.635,0.025599999999999845,北京,全国地产,19930524,
600657.SH,信达地产,20111102,4.0358,4.1553,4.1724,4.0188,4.1126,1.0383,53628.23,25694.985,0.04270000000000085,北京,全国地产,19930524,
600657.SH,信达地产,20111101,4.0956,4.1126,4.1809,4.087,4.1638,-1.2296,42738.9,20627.098,-0.05120000000000058,北京,全国地产,19930524,
600657.SH,信达地产,20111031,4.1212,4.1638,4.1724,4.0614,4.1553,0.2046,56568.31,27366.429,0.00849999999999973,北京,全国地产,19930524,
600657.SH,信达地产,20111028,4.1041,4.1553,4.2918,4.0529,4.0188,3.3965,104428.23,51119.0,0.13650000000000073,北京,全国地产,19930524,
600657.SH,信达地产,20111027,4.0273,4.0188,4.0785,3.9846,4.0188,0.0,40659.52,19157.829,0.0,北京,全国地产,19930524,
600657.SH,信达地产,20111026,3.9761,4.0188,4.1382,3.959,4.0017,0.4273,71594.8,33977.522,0.017100000000000115,北京,全国地产,19930524,
600657.SH,信达地产,20111025,4.0017,4.0017,4.0444,3.8652,3.9164,2.178,53152.73,24633.549,0.08529999999999971,北京,全国地产,19930524,
600657.SH,信达地产,20111024,3.8396,3.9164,3.9334,3.7628,3.8481,1.7749,49150.87,22196.222,0.0682999999999998,北京,全国地产,19930524,
600657.SH,信达地产,20111021,3.8652,3.8481,3.9078,3.8055,3.8481,0.0,22350.45,10116.789,0.0,北京,全国地产,19930524,
600657.SH,信达地产,20111020,4.0444,3.8481,4.0444,3.7543,4.0614,-5.2519,65597.14,29774.299,-0.21329999999999982,北京,全国地产,19930524,
600657.SH,信达地产,20111019,4.2235,4.0614,4.3174,3.9932,4.2577,-4.6105,82904.12,39992.941,-0.19629999999999992,北京,全国地产,19930524,
600657.SH,信达地产,20111018,4.2577,4.2577,4.4369,4.2065,4.2833,-0.5977,91065.4,46476.433,-0.025599999999999845,北京,全国地产,19930524,
600657.SH,信达地产,20111017,4.3003,4.2833,4.3601,4.2577,4.3345,-1.1812,35136.59,17687.4,-0.05120000000000058,北京,全国地产,19930524,
600657.SH,信达地产,20111014,4.3601,4.3345,4.3857,4.2662,4.3601,-0.5871,36691.52,18602.084,-0.025599999999999845,北京,全国地产,19930524,
600657.SH,信达地产,20111013,4.3174,4.3601,4.3942,4.3003,4.3345,0.5906,34277.45,17508.425,0.025599999999999845,北京,全国地产,19930524,
600657.SH,信达地产,20111012,4.1724,4.3345,4.3601,4.1297,4.1638,4.0996,50553.14,25544.732,0.17070000000000007,北京,全国地产,19930524,
600657.SH,信达地产,20111011,4.2491,4.1638,4.3259,4.1382,4.1638,0.0,22684.03,11186.862,0.0,北京,全国地产,19930524,
600657.SH,信达地产,20111010,4.2577,4.1638,4.2747,4.1212,4.215,-1.2147,19129.08,9413.634,-0.05119999999999969,北京,全国地产,19930524,
600657.SH,信达地产,20110930,4.215,4.215,4.2833,4.1468,4.2321,-0.4041,31395.12,15490.281,-0.017100000000000115,北京,全国地产,19930524,
600657.SH,信达地产,20110929,4.3345,4.2321,4.3515,4.2235,4.3515,-2.7439,38411.43,19364.94,-0.11939999999999973,北京,全国地产,19930524,
600657.SH,信达地产,20110928,4.4539,4.3515,4.4881,4.3345,4.4283,-1.7343,33710.9,17371.454,-0.07680000000000042,北京,全国地产,19930524,
600657.SH,信达地产,20110927,4.4625,4.4283,4.5051,4.4027,4.4198,0.1923,22597.47,11750.76,0.00849999999999973,北京,全国地产,19930524,
600657.SH,信达地产,20110926,4.5051,4.4198,4.5478,4.4113,4.5051,-1.8934,28534.62,14903.733,-0.08529999999999927,北京,全国地产,19930524,
600657.SH,信达地产,20110923,4.4283,4.5051,4.5734,4.3942,4.4795,0.5715,39041.57,20601.249,0.025599999999999845,北京,全国地产,19930524,
600657.SH,信达地产,20110922,4.599,4.4795,4.6246,4.471,4.6331,-3.3153,53077.57,28259.032,-0.15359999999999996,北京,全国地产,19930524,
600657.SH,信达地产,20110921,4.5478,4.6331,4.6758,4.4966,4.5307,2.2601,50476.0,27264.248,0.10239999999999938,北京,全国地产,19930524,
600657.SH,信达地产,20110920,4.5563,4.5307,4.5904,4.4795,4.5563,-0.5619,35223.99,18697.679,-0.025599999999999845,北京,全国地产,19930524,
600657.SH,信达地产,20110919,4.616,4.5563,4.6672,4.5392,4.6502,-2.0193,35861.78,19226.075,-0.09389999999999965,北京,全国地产,19930524,
600657.SH,信达地产,20110916,4.7014,4.6502,4.7696,4.6416,4.6758,-0.5475,53589.27,29507.905,-0.025599999999999845,北京,全国地产,19930524,
600657.SH,信达地产,20110915,4.6843,4.6758,4.8208,4.6587,4.6672,0.1843,46033.93,25493.269,0.008599999999999497,北京,全国地产,19930524,
600657.SH,信达地产,20110914,4.6928,4.6672,4.6928,4.5307,4.6502,0.3656,29875.09,16191.91,0.017000000000000348,北京,全国地产,19930524,
600657.SH,信达地产,20110913,4.6928,4.6502,4.7099,4.5819,4.7355,-1.8013,32164.79,17495.129,-0.08530000000000015,北京,全国地产,19930524,
600657.SH,信达地产,20110909,4.7099,4.7355,4.7952,4.6843,4.7099,0.5435,34207.93,18968.199,0.025599999999999845,北京,全国地产,19930524,
600657.SH,信达地产,20110908,4.8123,4.7099,4.8208,4.7014,4.8123,-2.1279,43303.89,24148.924,-0.10239999999999938,北京,全国地产,19930524,
600657.SH,信达地产,20110907,4.7014,4.8123,4.8379,4.6758,4.6758,2.9193,47997.93,26821.151,0.13649999999999984,北京,全国地产,19930524,
600657.SH,信达地产,20110906,4.6928,4.6758,4.7696,4.6331,4.7782,-2.1431,43960.28,24180.444,-0.10240000000000027,北京,全国地产,19930524,
600657.SH,信达地产,20110905,4.8208,4.7782,4.8294,4.744,4.872,-1.9253,32407.46,18174.137,-0.09379999999999988,北京,全国地产,19930524,
600657.SH,信达地产,20110902,4.8038,4.872,4.8976,4.7355,4.8294,0.8821,49913.94,28080.427,0.04260000000000019,北京,全国地产,19930524,
600657.SH,信达地产,20110901,4.8549,4.8294,4.9317,4.7952,4.8805,-1.047,50980.76,29004.265,-0.05109999999999992,北京,全国地产,19930524,
600657.SH,信达地产,20110831,4.8976,4.8805,4.9488,4.7184,4.9147,-0.6959,87293.9,49495.029,-0.03420000000000023,北京,全国地产,19930524,
600657.SH,信达地产,20110830,5.0853,4.9147,5.128,4.8891,5.0512,-2.7023,115183.15,67734.495,-0.13649999999999984,北京,全国地产,19930524,
600657.SH,信达地产,20110829,5.0171,5.0512,5.1451,4.9488,5.0085,0.8526,137773.16,81567.568,0.04269999999999996,北京,全国地产,19930524,
600657.SH,信达地产,20110826,5.2133,5.0085,5.2389,4.9829,5.128,-2.3303,167354.68,100054.195,-0.11950000000000038,北京,全国地产,19930524,
600657.SH,信达地产,20110825,4.6416,5.128,5.128,4.6416,4.6587,10.0736,160180.14,93704.889,0.4693000000000005,北京,全国地产,19930524,
600657.SH,信达地产,20110824,4.7099,4.6587,4.7782,4.6416,4.7014,-0.9082,42218.66,23302.535,-0.04269999999999996,北京,全国地产,19930524,
600657.SH,信达地产,20110823,4.616,4.7014,4.7099,4.6075,4.599,2.2266,35426.49,19387.743,0.10239999999999938,北京,全国地产,19930524,
600657.SH,信达地产,20110822,4.6416,4.599,4.7099,4.5734,4.6672,-1.4613,31652.23,17237.709,-0.06820000000000004,北京,全国地产,19930524,
600657.SH,信达地产,20110819,4.5819,4.6672,4.6928,4.5648,4.6928,-0.5455,44890.1,24443.082,-0.025599999999999845,北京,全国地产,19930524,
600657.SH,信达地产,20110818,4.8208,4.6928,4.8208,4.6843,4.744,-1.0793,60096.97,33503.847,-0.05119999999999969,北京,全国地产,19930524,
600657.SH,信达地产,20110817,4.744,4.744,4.8379,4.6331,4.744,0.0,58541.82,32568.264,0.0,北京,全国地产,19930524,
600657.SH,信达地产,20110816,4.8379,4.744,4.8891,4.7355,4.8379,-1.9409,50379.06,28339.577,-0.09390000000000054,北京,全国地产,19930524,
600657.SH,信达地产,20110815,4.8294,4.8379,4.8805,4.7867,4.8038,0.7099,46258.44,26154.248,0.03410000000000046,北京,全国地产,19930524,
600657.SH,信达地产,20110812,4.7867,4.8038,4.8294,4.727,4.7355,1.4423,68326.67,38269.471,0.0682999999999998,北京,全国地产,19930524,
600657.SH,信达地产,20110811,4.5478,4.7355,4.7611,4.5222,4.6502,1.8343,65465.09,35970.185,0.08530000000000015,北京,全国地产,19930524,
600657.SH,信达地产,20110810,4.616,4.6502,4.7952,4.5819,4.5478,2.2516,85021.3,46735.502,0.10240000000000027,北京,全国地产,19930524,
600657.SH,信达地产,20110809,4.4966,4.5478,4.5904,4.3259,4.599,-1.1133,91415.59,48129.165,-0.05120000000000058,北京,全国地产,19930524,
600657.SH,信达地产,20110808,4.9061,4.599,4.9659,4.4881,4.9744,-7.5466,96183.05,53204.064,-0.37539999999999996,北京,全国地产,19930524,
600657.SH,信达地产,20110805,4.9915,4.9744,5.0256,4.9061,5.1365,-3.1558,57698.93,33676.725,-0.1620999999999997,北京,全国地产,19930524,
600657.SH,信达地产,20110804,5.1109,5.1365,5.1706,5.1024,5.1024,0.6683,45853.67,27613.31,0.034099999999999575,北京,全国地产,19930524,
600657.SH,信达地产,20110803,4.9915,5.1024,5.1536,4.9829,5.0341,1.3567,69239.9,41481.614,0.0683000000000007,北京,全国地产,19930524,
600657.SH,信达地产,20110802,5.1024,5.0341,5.1024,4.9744,5.1109,-1.5027,53024.51,31175.127,-0.07680000000000042,北京,全国地产,19930524,
600657.SH,信达地产,20110801,5.0768,5.1109,5.1706,5.0512,5.1109,0.0,42485.31,25499.613,0.0,北京,全国地产,19930524,
600657.SH,信达地产,20110729,4.9915,5.1109,5.1536,4.9573,5.0,2.218,84385.7,50244.517,0.1109,北京,全国地产,19930524,
600657.SH,信达地产,20110728,5.0341,5.0,5.0597,4.9573,5.1024,-2.0069,58927.6,34562.375,-0.10240000000000027,北京,全国地产,19930524,
600657.SH,信达地产,20110727,5.0597,5.1024,5.128,5.0171,5.0597,0.8439,57331.47,34193.809,0.04269999999999996,北京,全国地产,19930524,
600657.SH,信达地产,20110726,5.0427,5.0597,5.0853,5.0256,5.0427,0.3371,41835.52,24786.912,0.017000000000000348,北京,全国地产,19930524,
600657.SH,信达地产,20110725,5.2474,5.0427,5.2474,5.0256,5.2816,-4.5233,103727.31,62244.837,-0.2389000000000001,北京,全国地产,19930524,
600657.SH,信达地产,20110722,5.256,5.2816,5.3157,5.2218,5.2304,0.9789,59132.66,36497.268,0.05119999999999969,北京,全国地产,19930524,
600657.SH,信达地产,20110721,5.3242,5.2304,5.3498,5.2304,5.3328,-1.9202,66756.27,41183.542,-0.10239999999999938,北京,全国地产,19930524,
600657.SH,信达地产,20110720,5.3413,5.3328,5.3669,5.273,5.3242,0.1615,79432.18,49485.275,0.008599999999999497,北京,全国地产,19930524,
600657.SH,信达地产,20110719,5.2816,5.3242,5.3669,5.256,5.3157,0.1599,113169.99,70635.574,0.008500000000000618,北京,全国地产,19930524,
600657.SH,信达地产,20110718,5.2986,5.3157,5.3754,5.2048,5.3072,0.1602,140839.79,87173.159,0.00849999999999973,北京,全国地产,19930524,
600657.SH,信达地产,20110715,5.384,5.3072,5.4096,5.2474,5.4608,-2.8128,200261.17,124364.953,-0.15359999999999996,北京,全国地产,19930524,
600657.SH,信达地产,20110714,5.4608,5.4608,5.4778,5.384,5.3584,1.911,103289.62,65686.642,0.10240000000000027,北京,全国地产,19930524,
600657.SH,信达地产,20110712,5.529,5.3584,5.529,5.3498,5.5802,-3.9748,148908.58,94480.864,-0.2218,北京,全国地产,19930524,
600657.SH,信达地产,20110711,5.5461,5.5802,5.5802,5.4778,5.5717,0.1526,75423.76,48932.913,0.00849999999999973,北京,全国地产,19930524,
600657.SH,信达地产,20110708,5.5205,5.5717,5.6143,5.5034,5.529,0.7723,102230.82,66707.8,0.04269999999999996,北京,全国地产,19930524,
600657.SH,信达地产,20110707,5.5546,5.529,5.6314,5.4949,5.5973,-1.2202,130239.57,84741.212,-0.0682999999999998,北京,全国地产,19930524,
600657.SH,信达地产,20110706,5.6485,5.5973,5.6826,5.529,5.6911,-1.6482,123777.95,81067.023,-0.09379999999999988,北京,全国地产,19930524,
600657.SH,信达地产,20110705,5.6314,5.6911,5.7765,5.5887,5.6485,0.7542,155502.97,103674.691,0.042599999999999305,北京,全国地产,19930524,
600657.SH,信达地产,20110704,5.6314,5.6485,5.7338,5.5717,5.6058,0.7617,195035.43,129071.611,0.04269999999999996,北京,全国地产,19930524,
600657.SH,信达地产,20110701,5.4437,5.6058,5.785,5.401,5.4352,3.1388,252318.39,165301.111,0.1706000000000003,北京,全国地产,19930524,
600657.SH,信达地产,20110630,5.3328,5.4352,5.4778,5.2901,5.3413,1.758,166614.11,106083.733,0.09389999999999965,北京,全国地产,19930524,
600657.SH,信达地产,20110629,5.4608,5.3413,5.5375,5.3328,5.4863,-2.6429,108323.78,68949.766,-0.14499999999999957,北京,全国地产,19930524,
600657.SH,信达地产,20110628,5.4693,5.4863,5.5631,5.3498,5.4863,0.0,179976.9,114757.749,0.0,北京,全国地产,19930524,
600657.SH,信达地产,20110627,5.4266,5.4863,5.5205,5.3925,5.4352,0.9402,180919.97,115558.501,0.05109999999999992,北京,全国地产,19930524,
600657.SH,信达地产,20110624,5.3413,5.4352,5.4522,5.2901,5.3584,1.4333,248472.34,157001.734,0.07680000000000042,北京,全国地产,19930524,
600657.SH,信达地产,20110623,5.1792,5.3584,5.3754,5.1706,5.2048,2.9511,141824.93,88070.582,0.15359999999999996,北京,全国地产,19930524,
600657.SH,信达地产,20110622,5.2645,5.2048,5.2816,5.1792,5.256,-0.9741,60080.19,36687.808,-0.05120000000000058,北京,全国地产,19930524,
600657.SH,信达地产,20110621,5.2218,5.256,5.273,5.1706,5.1962,1.1508,86997.33,53366.283,0.059800000000000075,北京,全国地产,19930524,
600657.SH,信达地产,20110620,5.0853,5.1962,5.2645,5.0768,5.0939,2.0083,116039.79,70635.203,0.1023000000000005,北京,全国地产,19930524,
600657.SH,信达地产,20110617,5.1365,5.0939,5.2218,5.0768,5.1621,-1.3212,94660.56,57105.631,-0.06820000000000004,北京,全国地产,19930524,
600657.SH,信达地产,20110616,5.1706,5.1621,5.2901,5.1451,5.2218,-1.1433,103420.79,62960.321,-0.05970000000000031,北京,全国地产,19930524,
600657.SH,信达地产,20110615,5.3157,5.2218,5.3925,5.2218,5.3498,-2.3926,111851.49,69560.861,-0.1280000000000001,北京,全国地产,19930524,
600657.SH,信达地产,20110614,5.256,5.3498,5.4863,5.2474,5.256,1.7846,175147.99,110878.773,0.09379999999999988,北京,全国地产,19930524,
600657.SH,信达地产,20110613,5.1792,5.256,5.3072,5.1109,5.273,-0.3224,105690.89,64610.59,-0.01699999999999946,北京,全国地产,19930524,
600657.SH,信达地产,20110610,5.1621,5.273,5.3754,5.1621,5.1706,1.9804,141307.08,87033.726,0.10239999999999938,北京,全国地产,19930524,
600657.SH,信达地产,20110609,5.401,5.1706,5.4608,5.1621,5.4437,-5.0168,180483.83,112310.025,-0.27309999999999945,北京,全国地产,19930524,
600657.SH,信达地产,20110608,5.256,5.4437,5.5461,5.2048,5.2901,2.9035,258776.93,164329.24,0.15359999999999996,北京,全国地产,19930524,
600657.SH,信达地产,20110607,5.1877,5.2901,5.3157,5.1706,5.2218,1.308,110974.06,68196.46,0.0682999999999998,北京,全国地产,19930524,
600657.SH,信达地产,20110603,5.0853,5.2218,5.3157,5.0853,5.128,1.8292,123603.33,75714.444,0.09379999999999988,北京,全国地产,19930524,
600657.SH,信达地产,20110602,5.1792,5.128,5.2133,5.0597,5.2645,-2.5928,128482.43,77174.447,-0.13649999999999984,北京,全国地产,19930524,
600657.SH,信达地产,20110601,5.1877,5.2645,5.273,5.1621,5.2304,0.652,134691.91,82409.946,0.034099999999999575,北京,全国地产,19930524,
600657.SH,信达地产,20110531,5.1109,5.2304,5.2474,5.0085,5.0939,2.6797,151339.03,91010.655,0.13650000000000073,北京,全国地产,19930524,
600657.SH,信达地产,20110530,5.128,5.0939,5.1962,5.0341,5.1621,-1.3212,106074.86,63636.426,-0.06820000000000004,北京,全国地产,19930524,
600657.SH,信达地产,20110527,5.384,5.1621,5.4266,5.1365,5.4352,-5.0247,193579.01,119288.639,-0.27310000000000034,北京,全国地产,19930524,
600657.SH,信达地产,20110526,5.4693,5.4352,5.6143,5.4266,5.4437,-0.1561,247401.01,159867.577,-0.00849999999999973,北京,全国地产,19930524,
600657.SH,信达地产,20110525,5.4608,5.4437,5.5631,5.3925,5.4949,-0.9318,160652.03,103185.915,-0.05120000000000058,北京,全国地产,19930524,
600657.SH,信达地产,20110524,5.4778,5.4949,5.5717,5.2986,5.529,-0.6167,211178.44,134767.44,-0.034099999999999575,北京,全国地产,19930524,
600657.SH,信达地产,20110523,6.0751,5.529,6.1092,5.4949,6.1007,-9.3711,375134.13,252846.434,-0.5716999999999999,北京,全国地产,19930524,
600657.SH,信达地产,20110520,6.0666,6.1007,6.1945,6.0154,6.1689,-1.1055,256005.53,183103.023,-0.06820000000000004,北京,全国地产,19930524,
600657.SH,信达地产,20110519,6.442,6.1689,6.4761,6.0836,6.2884,-1.9003,497169.86,363691.151,-0.11950000000000038,北京,全国地产,19930524,
600657.SH,信达地产,20110518,6.3311,6.2884,6.4164,6.1348,6.2884,0.0,617088.99,455898.286,0.0,北京,全国地产,19930524,
600657.SH,信达地产,20110517,6.2543,6.2884,6.442,6.186,6.3055,-0.2712,688935.27,509268.326,-0.017100000000000115,北京,全国地产,19930524,
600657.SH,信达地产,20110516,6.2116,6.3055,6.3823,6.1263,6.2628,0.6818,797462.58,582448.034,0.04269999999999996,北京,全国地产,19930524,
600657.SH,信达地产,20110513,6.1177,6.2628,6.3225,5.9983,6.1263,2.2281,940442.03,679620.285,0.13650000000000073,北京,全国地产,19930524,
600657.SH,信达地产,20110512,5.4778,6.1263,6.1263,5.4608,5.5717,9.9539,854645.91,598510.605,0.5545999999999998,北京,全国地产,19930524,
600657.SH,信达地产,20110511,5.2389,5.5717,5.6485,5.1877,5.2474,6.1802,228565.36,146678.494,0.32430000000000003,北京,全国地产,19930524,
600657.SH,信达地产,20110510,5.1792,5.2474,5.273,5.1536,5.1877,1.1508,43294.92,26404.072,0.05969999999999942,北京,全国地产,19930524,
600657.SH,信达地产,20110509,5.1962,5.1877,5.2474,5.1706,5.1792,0.1641,37966.8,23185.599,0.008500000000000618,北京,全国地产,19930524,
600657.SH,信达地产,20110506,5.2389,5.1792,5.2389,5.1536,5.2389,-1.1396,38337.2,23344.422,-0.05970000000000031,北京,全国地产,19930524,
600657.SH,信达地产,20110505,5.1195,5.2389,5.2816,5.0853,5.1365,1.9936,55483.05,34084.967,0.10240000000000027,北京,全国地产,19930524,
600657.SH,信达地产,20110504,5.1706,5.1365,5.2304,5.128,5.1877,-0.9869,48569.33,29384.529,-0.05120000000000058,北京,全国地产,19930524,
600657.SH,信达地产,20110503,5.1621,5.1877,5.2218,5.0768,5.1451,0.828,48289.83,29159.803,0.04260000000000019,北京,全国地产,19930524,
600657.SH,信达地产,20110429,5.0683,5.1451,5.1706,5.0341,5.0512,1.859,39476.03,23684.534,0.09390000000000054,北京,全国地产,19930524,
600657.SH,信达地产,20110428,5.2986,5.0512,5.2986,5.0341,5.256,-3.8965,73780.49,44412.542,-0.20480000000000054,北京,全国地产,19930524,
600657.SH,信达地产,20110427,5.4266,5.256,5.4522,5.1877,5.3925,-2.5313,63897.04,39862.283,-0.13649999999999984,北京,全国地产,19930524,
600657.SH,信达地产,20110426,5.3328,5.3925,5.4352,5.3242,5.3498,0.7982,57496.47,36254.54,0.04269999999999996,北京,全国地产,19930524,
600657.SH,信达地产,20110425,5.4949,5.3498,5.529,5.3328,5.5119,-2.9409,75419.77,47901.751,-0.1620999999999997,北京,全国地产,19930524,
600657.SH,信达地产,20110422,5.6485,5.5119,5.657,5.4949,5.6399,-2.2695,103987.36,67714.101,-0.1280000000000001,北京,全国地产,19930524,
600657.SH,信达地产,20110421,5.6143,5.6399,5.6741,5.5802,5.6058,0.6083,77609.18,51123.051,0.034099999999999575,北京,全国地产,19930524,
600657.SH,信达地产,20110420,5.6058,5.6058,5.6826,5.5802,5.5973,0.1519,78063.88,51475.897,0.008500000000000618,北京,全国地产,19930524,
600657.SH,信达地产,20110419,5.6997,5.5973,5.7509,5.5973,5.802,-3.5281,124509.46,82396.095,-0.20469999999999988,北京,全国地产,19930524,
600657.SH,信达地产,20110418,5.7594,5.802,5.8874,5.6741,5.802,0.0,146601.11,99556.039,0.0,北京,全国地产,19930524,
600657.SH,信达地产,20110415,5.6229,5.802,5.8703,5.5546,5.6399,2.8742,149082.2,99962.357,0.1620999999999997,北京,全国地产,19930524,
600657.SH,信达地产,20110414,5.7167,5.6399,5.7253,5.6143,5.7167,-1.3434,94289.45,62384.673,-0.07680000000000042,北京,全国地产,19930524,
600657.SH,信达地产,20110413,5.6741,5.7167,5.7253,5.5375,5.7082,0.1489,113034.5,74688.517,0.008500000000000618,北京,全国地产,19930524,
600657.SH,信达地产,20110412,5.6485,5.7082,5.7594,5.6314,5.6314,1.3638,118076.1,78863.384,0.07679999999999954,北京,全国地产,19930524,
600657.SH,信达地产,20110411,5.7679,5.6314,5.8447,5.6058,5.785,-2.6551,177846.35,118123.655,-0.15359999999999996,北京,全国地产,19930524,
600657.SH,信达地产,20110407,5.8106,5.785,5.9044,5.7253,5.8447,-1.0214,137966.12,93925.773,-0.05969999999999942,北京,全国地产,19930524,
600657.SH,信达地产,20110406,5.93,5.8447,6.1092,5.8276,5.9983,-2.5607,222693.59,154689.443,-0.15360000000000085,北京,全国地产,19930524,
600657.SH,信达地产,20110401,5.7935,5.9983,6.0154,5.7167,5.7935,3.535,188488.41,129708.609,0.20480000000000054,北京,全国地产,19930524,
600657.SH,信达地产,20110331,5.785,5.7935,5.8532,5.657,5.7765,0.2943,167609.8,112861.844,0.01699999999999946,北京,全国地产,19930524,
600657.SH,信达地产,20110330,5.8959,5.7765,5.9556,5.7167,5.9215,-2.4487,201338.31,137158.316,-0.14499999999999957,北京,全国地产,19930524,
600657.SH,信达地产,20110329,5.8959,5.9215,6.2201,5.8618,5.9386,-0.2879,335085.96,236430.094,-0.017100000000000115,北京,全国地产,19930524,
600657.SH,信达地产,20110328,5.802,5.9386,6.1433,5.7167,5.8191,2.0536,438199.22,306469.005,0.11950000000000038,北京,全国地产,19930524,
600657.SH,信达地产,20110325,5.6655,5.8191,5.9556,5.6399,5.7253,1.6383,429841.81,292966.928,0.09379999999999988,北京,全国地产,19930524,
600657.SH,信达地产,20110324,5.7167,5.7253,5.8447,5.5717,5.657,1.2074,557293.73,371841.01,0.0682999999999998,北京,全国地产,19930524,
600657.SH,信达地产,20110323,5.1451,5.657,5.657,5.1195,5.1451,9.9493,382561.82,246549.696,0.5118999999999998,北京,全国地产,19930524,
600657.SH,信达地产,20110322,5.256,5.1451,5.2816,5.1024,5.273,-2.4256,164522.18,99638.181,-0.12789999999999946,北京,全国地产,19930524,
600657.SH,信达地产,20110321,5.4352,5.273,5.4949,5.256,5.3498,-1.4356,336253.09,212673.458,-0.07680000000000042,北京,全国地产,19930524,
600657.SH,信达地产,20110318,5.3328,5.3498,5.4181,5.2304,5.2901,1.1285,207202.01,129742.839,0.05970000000000031,北京,全国地产,19930524,
600657.SH,信达地产,20110317,5.2048,5.2901,5.3328,5.1365,5.2389,0.9773,138346.69,85231.794,0.05119999999999969,北京,全国地产,19930524,
600657.SH,信达地产,20110316,5.128,5.2389,5.273,5.1195,5.1536,1.6552,109109.74,66650.958,0.08530000000000015,北京,全国地产,19930524,
600657.SH,信达地产,20110315,5.2304,5.1536,5.2304,5.0171,5.2474,-1.7876,133883.67,80222.12,-0.09379999999999988,北京,全国地产,19930524,
600657.SH,信达地产,20110314,5.1365,5.2474,5.2901,5.1365,5.1536,1.8201,138814.06,85059.901,0.09379999999999988,北京,全国地产,19930524,
600657.SH,信达地产,20110311,5.1792,5.1536,5.3072,5.1365,5.1877,-0.6573,154021.19,94393.016,-0.03410000000000046,北京,全国地产,19930524,
600657.SH,信达地产,20110310,5.1877,5.1877,5.2816,5.1365,5.2133,-0.4911,92797.73,56452.677,-0.025599999999999845,北京,全国地产,19930524,
600657.SH,信达地产,20110309,5.273,5.2133,5.2901,5.1877,5.2645,-0.9726,95504.17,58453.077,-0.05119999999999969,北京,全国地产,19930524,
600657.SH,信达地产,20110308,5.2816,5.2645,5.3242,5.1792,5.256,0.1617,114275.1,70234.307,0.00849999999999973,北京,全国地产,19930524,
600657.SH,信达地产,20110307,5.3072,5.256,5.3754,5.2048,5.2474,0.1639,184310.74,113968.206,0.008600000000000385,北京,全国地产,19930524,
600657.SH,信达地产,20110304,5.0512,5.2474,5.2816,5.0512,5.0768,3.3604,213458.06,130156.912,0.17059999999999942,北京,全国地产,19930524,
600657.SH,信达地产,20110303,5.1621,5.0768,5.1962,5.0597,5.1706,-1.8141,140396.9,84521.361,-0.09379999999999988,北京,全国地产,19930524,
600657.SH,信达地产,20110302,5.0256,5.1706,5.1877,4.9744,5.0597,2.1918,221213.0,132111.14,0.1109,北京,全国地产,19930524,
600657.SH,信达地产,20110301,5.0,5.0597,5.128,4.9659,5.0,1.194,187123.79,111123.261,0.05970000000000031,北京,全国地产,19930524,
600657.SH,信达地产,20110228,4.9403,5.0,5.0512,4.9061,4.9488,1.0346,102158.41,59646.864,0.05119999999999969,北京,全国地产,19930524,
600657.SH,信达地产,20110225,4.9488,4.9488,4.9744,4.8635,4.9403,0.1721,78548.64,45356.461,0.008500000000000618,北京,全国地产,19930524,
600657.SH,信达地产,20110224,4.8549,4.9403,4.9573,4.8464,4.872,1.4019,68835.96,39661.578,0.0682999999999998,北京,全国地产,19930524,
600657.SH,信达地产,20110223,4.8379,4.872,4.9232,4.8123,4.8464,0.5282,67855.28,38700.933,0.025599999999999845,北京,全国地产,19930524,
600657.SH,信达地产,20110222,5.0853,4.8464,5.0939,4.8379,5.0768,-4.5383,128742.56,74730.92,-0.23040000000000038,北京,全国地产,19930524,
600657.SH,信达地产,20110221,4.9232,5.0768,5.1365,4.9147,5.0085,1.3637,190499.64,112592.498,0.0683000000000007,北京,全国地产,19930524,
600657.SH,信达地产,20110218,4.9061,5.0085,5.0256,4.872,4.9061,2.0872,178415.75,104050.268,0.10239999999999938,北京,全国地产,19930524,
600657.SH,信达地产,20110217,4.9915,4.9061,4.9915,4.8464,5.0,-1.878,93629.97,53885.377,-0.09389999999999965,北京,全国地产,19930524,
600657.SH,信达地产,20110216,4.9232,5.0,5.0171,4.8635,4.9488,1.0346,103939.35,60374.844,0.05119999999999969,北京,全国地产,19930524,
600657.SH,信达地产,20110215,4.9744,4.9488,5.1024,4.9232,4.9573,-0.1715,206360.28,121306.989,-0.00849999999999973,北京,全国地产,19930524,
600657.SH,信达地产,20110214,4.8891,4.9573,5.0171,4.8635,4.9147,0.8668,127055.88,73524.111,0.04260000000000019,北京,全国地产,19930524,
600657.SH,信达地产,20110211,4.8038,4.9147,4.9915,4.7611,4.8379,1.5875,185513.84,106207.943,0.07679999999999954,北京,全国地产,19930524,
600657.SH,信达地产,20110210,4.6758,4.8379,4.8464,4.6502,4.6587,3.8466,123564.2,69030.888,0.1792000000000007,北京,全国地产,19930524,
600657.SH,信达地产,20110209,4.7014,4.6587,4.7184,4.6502,4.744,-1.7981,61885.4,33954.152,-0.08530000000000015,北京,全国地产,19930524,
600657.SH,信达地产,20110201,4.6928,4.744,4.8038,4.6672,4.6843,1.2745,100631.48,55798.488,0.05969999999999942,北京,全国地产,19930524,
600657.SH,信达地产,20110131,4.6758,4.6843,4.7014,4.6416,4.6843,0.0,78096.65,42801.939,0.0,北京,全国地产,19930524,
600657.SH,信达地产,20110128,4.6672,4.6843,4.744,4.616,4.6672,0.3664,115273.81,63231.247,0.017100000000000115,北京,全国地产,19930524,
600657.SH,信达地产,20110127,4.7184,4.6672,4.7355,4.6246,4.8208,-3.1862,187505.31,102544.158,-0.15359999999999996,北京,全国地产,19930524,
600657.SH,信达地产,20110126,4.7611,4.8208,4.8379,4.7184,4.7526,1.435,60218.15,33767.614,0.06820000000000004,北京,全国地产,19930524,
600657.SH,信达地产,20110125,4.7611,4.7526,4.8123,4.7355,4.7611,-0.1785,42570.02,23777.878,-0.00849999999999973,北京,全国地产,19930524,
600657.SH,信达地产,20110124,4.8208,4.7611,4.8379,4.7184,4.8464,-1.7601,95386.52,53291.856,-0.08530000000000015,北京,全国地产,19930524,
600657.SH,信达地产,20110121,5.0256,4.8464,5.2304,4.8294,5.0085,-3.2365,318764.96,186575.052,-0.1620999999999997,北京,全国地产,19930524,
600657.SH,信达地产,20110120,5.2133,5.0085,5.2218,5.0,5.2304,-4.2425,43189.27,25809.248,-0.22190000000000065,北京,全国地产,19930524,
600657.SH,信达地产,20110119,5.1024,5.2304,5.273,5.0768,5.128,1.9969,71823.02,43644.436,0.10240000000000027,北京,全国地产,19930524,
600657.SH,信达地产,20110118,5.0341,5.128,5.1706,5.0341,5.0512,1.5204,49439.59,29638.37,0.07680000000000042,北京,全国地产,19930524,
600657.SH,信达地产,20110117,5.3754,5.0512,5.3754,4.9915,5.4096,-6.6253,77332.48,46819.007,-0.3584000000000005,北京,全国地产,19930524,
600657.SH,信达地产,20110114,5.3925,5.4096,5.4693,5.3242,5.4352,-0.471,68488.47,43176.135,-0.025599999999999845,北京,全国地产,19930524,
600657.SH,信达地产,20110113,5.4778,5.4352,5.5631,5.3925,5.4778,-0.7777,60987.02,39144.962,-0.04260000000000019,北京,全国地产,19930524,
600657.SH,信达地产,20110112,5.384,5.4778,5.5205,5.3584,5.401,1.422,79018.46,50533.225,0.07680000000000042,北京,全国地产,19930524,
600657.SH,信达地产,20110111,5.256,5.401,5.4096,5.2218,5.273,2.4275,58163.84,36526.645,0.1280000000000001,北京,全国地产,19930524,
600657.SH,信达地产,20110110,5.3157,5.273,5.4778,5.2645,5.3498,-1.4356,65825.43,41515.626,-0.07680000000000042,北京,全国地产,19930524,
600657.SH,信达地产,20110107,5.3072,5.3498,5.4608,5.2816,5.3157,0.6415,88657.85,56056.9,0.03410000000000046,北京,全国地产,19930524,
600657.SH,信达地产,20110106,5.3157,5.3157,5.384,5.256,5.3242,-0.1596,64119.73,40005.855,-0.008500000000000618,北京,全国地产,19930524,
600657.SH,信达地产,20110105,5.2901,5.3242,5.3754,5.256,5.3413,-0.3201,70641.19,43953.33,-0.017100000000000115,北京,全国地产,19930524,
600657.SH,信达地产,20110104,5.1877,5.3413,5.4863,5.1451,5.2218,2.2885,128751.16,80523.027,0.11950000000000038,北京,全国地产,19930524,
600657.SH,信达地产,20101231,5.0768,5.2218,5.273,4.9488,5.0768,2.8561,171720.08,102294.992,0.14499999999999957,北京,全国地产,19930524,
600657.SH,信达地产,20101230,5.1536,5.0768,5.1536,4.9488,5.1536,-1.4902,94604.81,55892.801,-0.07679999999999954,北京,全国地产,19930524,
600657.SH,信达地产,20101229,5.1195,5.1536,5.1621,5.0683,5.128,0.4992,46640.64,27914.987,0.025599999999999845,北京,全国地产,19930524,
600657.SH,信达地产,20101228,5.2048,5.128,5.2901,5.0341,5.273,-2.7499,76294.82,46261.039,-0.14499999999999957,北京,全国地产,19930524,
600657.SH,信达地产,20101227,5.4608,5.273,5.5802,5.2645,5.4863,-3.8879,143209.44,91038.118,-0.21330000000000027,北京,全国地产,19930524,
600657.SH,信达地产,20101224,5.3157,5.4863,5.5375,5.256,5.3413,2.7147,132732.35,84708.506,0.14499999999999957,北京,全国地产,19930524,
600657.SH,信达地产,20101223,5.4096,5.3413,5.4608,5.2901,5.4352,-1.7276,63950.39,40251.465,-0.09389999999999965,北京,全国地产,19930524,
600657.SH,信达地产,20101222,5.4693,5.4352,5.5887,5.4266,5.5034,-1.2392,101225.12,65080.816,-0.06820000000000004,北京,全国地产,19930524,
600657.SH,信达地产,20101221,5.2389,5.5034,5.5973,5.2048,5.2389,5.0488,160087.35,102336.45,0.26449999999999996,北京,全国地产,19930524,
600657.SH,信达地产,20101220,5.3584,5.2389,5.384,5.1792,5.3584,-2.2301,68200.91,42039.83,-0.1194999999999995,北京,全国地产,19930524,
600657.SH,信达地产,20101217,5.3925,5.3584,5.4352,5.3328,5.3925,-0.6324,38205.17,24043.416,-0.03410000000000046,北京,全国地产,19930524,
600657.SH,信达地产,20101216,5.2986,5.3925,5.4522,5.2901,5.3157,1.4448,90986.62,57552.811,0.07680000000000042,北京,全国地产,19930524,
600657.SH,信达地产,20101215,5.3669,5.3157,5.384,5.2816,5.384,-1.2686,67917.94,42393.919,-0.0683000000000007,北京,全国地产,19930524,
600657.SH,信达地产,20101214,5.3584,5.384,5.4096,5.3157,5.3584,0.4778,56776.11,35694.252,0.025600000000000733,北京,全国地产,19930524,
600657.SH,信达地产,20101213,5.256,5.3584,5.384,5.256,5.2389,2.281,63842.36,39709.411,0.1194999999999995,北京,全国地产,19930524,
600657.SH,信达地产,20101210,5.2218,5.2389,5.2901,5.1962,5.2389,0.0,49435.22,30388.963,0.0,北京,全国地产,19930524,
600657.SH,信达地产,20101209,5.384,5.2389,5.401,5.2048,5.401,-3.0013,87247.71,54050.041,-0.1620999999999997,北京,全国地产,19930524,
600657.SH,信达地产,20101208,5.5461,5.401,5.5546,5.3669,5.5717,-3.0637,87540.78,56022.606,-0.17070000000000007,北京,全国地产,19930524,
600657.SH,信达地产,20101207,5.529,5.5717,5.6058,5.4437,5.5461,0.4616,64545.6,41957.7,0.025599999999999845,北京,全国地产,19930524,
600657.SH,信达地产,20101206,5.4266,5.5461,5.6058,5.4096,5.4437,1.8811,99017.83,64041.159,0.10240000000000027,北京,全国地产,19930524,
600657.SH,信达地产,20101203,5.401,5.4437,5.529,5.3925,5.401,0.7906,67178.61,43039.349,0.04269999999999996,北京,全国地产,19930524,
600657.SH,信达地产,20101202,5.3925,5.401,5.4437,5.3328,5.3157,1.6047,80437.96,50857.587,0.08530000000000015,北京,全国地产,19930524,
600657.SH,信达地产,20101201,5.2816,5.3157,5.3754,5.273,5.3242,-0.1596,44049.34,27493.728,-0.008500000000000618,北京,全国地产,19930524,
600657.SH,信达地产,20101130,5.4863,5.3242,5.5717,5.2133,5.4778,-2.804,99301.76,62566.884,-0.15359999999999996,北京,全国地产,19930524,
600657.SH,信达地产,20101129,5.4863,5.4778,5.529,5.4352,5.5119,-0.6187,52916.67,33920.176,-0.034099999999999575,北京,全国地产,19930524,
600657.SH,信达地产,20101126,5.5887,5.5119,5.6143,5.4778,5.6399,-2.2695,72049.08,46651.073,-0.1280000000000001,北京,全国地产,19930524,
600657.SH,信达地产,20101125,5.5119,5.6399,5.7423,5.4778,5.5119,2.3222,127739.04,84150.499,0.1280000000000001,北京,全国地产,19930524,
600657.SH,信达地产,20101124,5.4096,5.5119,5.529,5.4096,5.4778,0.6225,85638.8,55055.584,0.034099999999999575,北京,全国地产,19930524,
600657.SH,信达地产,20101123,5.6229,5.4778,5.6229,5.3925,5.657,-3.1678,87328.03,55990.276,-0.1791999999999998,北京,全国地产,19930524,
600657.SH,信达地产,20101122,5.5461,5.657,5.7765,5.5034,5.5887,1.2221,97919.96,64452.944,0.0682999999999998,北京,全国地产,19930524,
600657.SH,信达地产,20101119,5.5802,5.5887,5.5887,5.4266,5.5461,0.7681,67721.4,43689.709,0.04260000000000019,北京,全国地产,19930524,
600657.SH,信达地产,20101118,5.5205,5.5461,5.6058,5.4863,5.4608,1.562,53849.04,35004.4,0.08530000000000015,北京,全国地产,19930524,
600657.SH,信达地产,20101117,5.3925,5.4608,5.6143,5.3925,5.4949,-0.6206,74165.14,48000.648,-0.03410000000000046,北京,全国地产,19930524,
600657.SH,信达地产,20101116,5.802,5.4949,5.8106,5.4608,5.785,-5.0147,98952.36,65406.974,-0.2900999999999998,北京,全国地产,19930524,
600657.SH,信达地产,20101115,5.6655,5.785,5.8447,5.6485,5.657,2.2627,112245.04,75637.151,0.1280000000000001,北京,全国地产,19930524,
600657.SH,信达地产,20101112,6.1177,5.657,6.1689,5.6314,6.1604,-8.1715,176034.58,121923.856,-0.5034000000000001,北京,全国地产,19930524,
600657.SH,信达地产,20101111,6.1433,6.1604,6.314,6.1348,6.2031,-0.6884,198885.95,144974.237,-0.04269999999999996,北京,全国地产,19930524,
600657.SH,信达地产,20101110,6.1519,6.2031,6.2201,6.0836,6.2031,0.0,114765.11,82645.178,0.0,北京,全国地产,19930524,
600657.SH,信达地产,20101109,6.3908,6.2031,6.3993,6.1604,6.3908,-2.937,165232.67,121185.728,-0.18769999999999953,北京,全国地产,19930524,
600657.SH,信达地产,20101108,6.2543,6.3908,6.6809,6.2543,6.186,3.3107,255236.26,192413.736,0.20479999999999965,北京,全国地产,19930524,
600657.SH,信达地产,20101105,6.2201,6.186,6.2457,6.0666,6.186,0.0,170352.14,122866.007,0.0,北京,全国地产,19930524,
600657.SH,信达地产,20101104,6.2201,6.186,6.2713,6.1007,6.2116,-0.4121,145675.75,105195.848,-0.025599999999999845,北京,全国地产,19930524,
600657.SH,信达地产,20101103,6.041,6.2116,6.2628,5.9727,6.0922,1.9599,194065.65,140261.635,0.11939999999999973,北京,全国地产,19930524,
600657.SH,信达地产,20101102,6.0495,6.0922,6.2201,5.8788,6.041,0.8475,236524.79,167291.423,0.05119999999999969,北京,全国地产,19930524,
600657.SH,信达地产,20101101,5.9727,6.041,6.0922,5.9386,5.9386,1.7243,168843.84,119184.559,0.10240000000000027,北京,全国地产,19930524,
600657.SH,信达地产,20101029,6.0324,5.9386,6.1007,5.8447,5.9044,0.5792,138483.48,96856.212,0.03420000000000023,北京,全国地产,19930524,
600657.SH,信达地产,20101028,5.9898,5.9044,6.041,5.802,5.9642,-1.0026,136101.69,94503.612,-0.059800000000000075,北京,全国地产,19930524,
600657.SH,信达地产,20101027,5.8191,5.9642,6.058,5.802,5.7679,3.4033,187005.21,129937.831,0.19629999999999992,北京,全国地产,19930524,
600657.SH,信达地产,20101025,5.7167,5.7679,5.802,5.6741,5.7167,0.8956,79803.07,53703.176,0.05119999999999969,北京,全国地产,19930524,
600657.SH,信达地产,20101022,5.7509,5.7167,5.8276,5.7082,5.7338,-0.2982,67027.14,45143.649,-0.017099999999999227,北京,全国地产,19930524,
600657.SH,信达地产,20101021,5.7765,5.7338,5.8362,5.6485,5.802,-1.1755,65802.42,44291.119,-0.06820000000000004,北京,全国地产,19930524,
600657.SH,信达地产,20101020,5.9727,5.802,5.9983,5.7423,6.1348,-5.4248,147903.76,101318.768,-0.33280000000000065,北京,全国地产,19930524,
600657.SH,信达地产,20101019,6.1092,6.1348,6.1519,5.9983,6.0836,0.8416,110649.87,78791.945,0.05120000000000058,北京,全国地产,19930524,
600657.SH,信达地产,20101018,5.9727,6.0836,6.2031,5.9386,5.9898,1.566,128242.73,91649.604,0.09379999999999988,北京,全国地产,19930524,
600657.SH,信达地产,20101015,5.8959,5.9898,6.041,5.8703,5.93,1.0084,90747.84,63360.693,0.059800000000000075,北京,全国地产,19930524,
600657.SH,信达地产,20101014,6.2628,5.93,6.2713,5.8362,6.2543,-5.1852,161970.44,114827.173,-0.32430000000000003,北京,全国地产,19930524,
600657.SH,信达地产,20101013,5.9556,6.2543,6.3823,5.9044,5.9727,4.7148,179898.74,131642.729,0.2816000000000001,北京,全国地产,19930524,
600657.SH,信达地产,20101012,5.9215,5.9727,6.1263,5.8959,5.9898,-0.2855,67781.49,47582.089,-0.017100000000000115,北京,全国地产,19930524,
600657.SH,信达地产,20101011,5.7765,5.9898,6.0666,5.6997,5.7679,3.8472,166580.94,116079.058,0.22189999999999976,北京,全国地产,19930524,
600657.SH,信达地产,20101008,5.6485,5.7679,5.8362,5.5802,5.6997,1.1966,118760.63,79749.099,0.06820000000000004,北京,全国地产,19930524,
600657.SH,信达地产,20100930,5.4437,5.6997,5.8959,5.4096,5.5375,2.9291,130323.25,87415.468,0.16220000000000034,北京,全国地产,19930524,
600657.SH,信达地产,20100929,5.7167,5.5375,5.7423,5.529,5.785,-4.2783,77324.03,51372.535,-0.2475000000000005,北京,全国地产,19930524,
600657.SH,信达地产,20100928,5.7082,5.785,5.913,5.6485,5.7167,1.1947,147672.37,99500.465,0.0682999999999998,北京,全国地产,19930524,
600657.SH,信达地产,20100927,5.5887,5.7167,5.7253,5.4437,5.5546,2.9183,96260.36,63269.98,0.16210000000000058,北京,全国地产,19930524,
600657.SH,信达地产,20100921,5.5717,5.5546,5.6229,5.4949,5.5717,-0.3069,47503.85,30943.715,-0.017100000000000115,北京,全国地产,19930524,
600657.SH,信达地产,20100920,5.7082,5.5717,5.7679,5.5461,5.7082,-2.3913,61196.0,40402.964,-0.13649999999999984,北京,全国地产,19930524,
600657.SH,信达地产,20100917,5.7423,5.7082,5.8447,5.6655,5.7253,-0.2987,48097.92,32410.338,-0.017100000000000115,北京,全国地产,19930524,
600657.SH,信达地产,20100916,5.802,5.7253,5.9386,5.6399,5.8532,-2.1851,70910.64,48360.887,-0.12790000000000035,北京,全国地产,19930524,
600657.SH,信达地产,20100915,5.8191,5.8532,5.913,5.7423,5.8362,0.2913,84651.15,58051.594,0.017000000000000348,北京,全国地产,19930524,
600657.SH,信达地产,20100914,5.8874,5.8362,5.9044,5.7338,5.93,-1.5818,80000.38,54571.162,-0.09379999999999988,北京,全国地产,19930524,
600657.SH,信达地产,20100913,5.7167,5.93,6.0068,5.6741,5.7082,3.8856,106925.52,73367.282,0.2218,北京,全国地产,19930524,
600657.SH,信达地产,20100910,5.6911,5.7082,5.7679,5.5887,5.7167,-0.1487,63841.68,42364.76,-0.008500000000000618,北京,全国地产,19930524,
600657.SH,信达地产,20100909,5.93,5.7167,5.9642,5.6911,5.9471,-3.8742,90160.19,61265.781,-0.2303999999999995,北京,全国地产,19930524,
600657.SH,信达地产,20100908,6.0495,5.9471,6.0495,5.9044,6.058,-1.8306,65518.06,45750.277,-0.1109,北京,全国地产,19930524,
600657.SH,信达地产,20100907,6.0836,6.058,6.1519,6.0239,6.1007,-0.6999,56772.42,40389.409,-0.04269999999999996,北京,全国地产,19930524,
600657.SH,信达地产,20100906,5.8874,6.1007,6.186,5.8703,5.8618,4.0755,109481.52,77250.194,0.2389000000000001,北京,全国地产,19930524,
600657.SH,信达地产,20100903,5.9471,5.8618,5.9556,5.8106,5.9215,-1.0082,89586.86,61540.784,-0.05970000000000031,北京,全国地产,19930524,
600657.SH,信达地产,20100902,5.9727,5.9215,6.0154,5.9044,5.9386,-0.2879,91699.48,63852.855,-0.017100000000000115,北京,全国地产,19930524,
600657.SH,信达地产,20100901,6.058,5.9386,6.1092,5.8874,6.058,-1.9709,117348.12,82563.855,-0.11939999999999973,北京,全国地产,19930524,
600657.SH,信达地产,20100831,6.1433,6.058,6.1433,5.9983,6.186,-2.0692,96919.71,68802.11,-0.1280000000000001,北京,全国地产,19930524,
600657.SH,信达地产,20100830,6.1775,6.186,6.2287,6.0751,6.1689,0.2772,118484.07,85225.942,0.017100000000000115,北京,全国地产,19930524,
600657.SH,信达地产,20100827,6.0922,6.1689,6.2116,6.0239,6.0836,1.4021,59375.45,42816.72,0.08530000000000015,北京,全国地产,19930524,
600657.SH,信达地产,20100826,6.1007,6.0836,6.1775,6.0495,6.0922,-0.1412,44505.01,31806.813,-0.008600000000000385,北京,全国地产,19930524,
600657.SH,信达地产,20100825,6.2543,6.0922,6.2969,6.0922,6.3055,-3.3828,89680.15,64817.61,-0.21330000000000027,北京,全国地产,19930524,
600657.SH,信达地产,20100824,6.1945,6.3055,6.3737,6.1519,6.2031,1.6508,68114.37,50280.479,0.10240000000000027,北京,全国地产,19930524,
600657.SH,信达地产,20100823,6.2969,6.2031,6.3481,6.186,6.2969,-1.4896,121893.6,89689.506,-0.09379999999999988,北京,全国地产,19930524,
600657.SH,信达地产,20100820,6.4846,6.2969,6.5188,6.2372,6.57,-4.1568,131462.84,98554.441,-0.27310000000000034,北京,全国地产,19930524,
600657.SH,信达地产,20100819,6.6126,6.57,6.6297,6.4249,6.5956,-0.3881,92574.51,70826.76,-0.025599999999999845,北京,全国地产,19930524,
600657.SH,信达地产,20100818,6.7577,6.5956,6.7833,6.5529,6.7491,-2.2744,106534.64,82934.85,-0.1535000000000002,北京,全国地产,19930524,
600657.SH,信达地产,20100817,6.843,6.7491,6.9795,6.7406,6.843,-1.3722,153106.3,123000.456,-0.09389999999999965,北京,全国地产,19930524,
600657.SH,信达地产,20100816,6.6724,6.843,6.8515,6.6212,6.7321,1.6473,137329.6,108409.501,0.1109,北京,全国地产,19930524,
600657.SH,信达地产,20100813,6.6553,6.7321,6.7747,6.5273,6.6468,1.2833,112194.26,87872.647,0.08530000000000015,北京,全国地产,19930524,
600657.SH,信达地产,20100812,6.4846,6.6468,6.7918,6.459,6.587,0.9078,148652.67,116116.793,0.059800000000000075,北京,全国地产,19930524,
600657.SH,信达地产,20100811,6.4505,6.587,6.6126,6.3823,6.459,1.9817,94094.76,71701.049,0.1280000000000001,北京,全国地产,19930524,
600657.SH,信达地产,20100810,6.5614,6.459,6.6724,6.4505,6.587,-1.9432,151757.94,116821.209,-0.1280000000000001,北京,全国地产,19930524,
600657.SH,信达地产,20100809,6.3993,6.587,6.5956,6.3396,6.4676,1.8461,102978.32,78314.172,0.11939999999999973,北京,全国地产,19930524,
600657.SH,信达地产,20100806,6.4164,6.4676,6.4761,6.2031,6.459,0.1331,101041.08,75377.253,0.008600000000000385,北京,全国地产,19930524,
600657.SH,信达地产,20100805,6.6041,6.459,6.6212,6.3993,6.6382,-2.6995,94599.91,72187.979,-0.1792000000000007,北京,全国地产,19930524,
600657.SH,信达地产,20100804,6.6553,6.6382,6.7065,6.442,6.6638,-0.3842,112420.15,86167.95,-0.025599999999999845,北京,全国地产,19930524,
600657.SH,信达地产,20100803,6.7321,6.6638,6.9283,6.6553,6.7321,-1.0145,151524.73,120891.484,-0.0682999999999998,北京,全国地产,19930524,
600657.SH,信达地产,20100802,6.5614,6.7321,6.8089,6.5358,6.6212,1.6749,126449.59,99560.603,0.1109,北京,全国地产,19930524,
600657.SH,信达地产,20100730,6.587,6.6212,6.6297,6.4249,6.6297,-0.1282,80721.45,61905.816,-0.00849999999999973,北京,全国地产,19930524,
600657.SH,信达地产,20100729,6.698,6.6297,6.715,6.5358,6.7065,-1.1452,82961.43,64368.594,-0.07680000000000042,北京,全国地产,19930524,
600657.SH,信达地产,20100728,6.4164,6.7065,6.7491,6.4078,6.442,4.1059,167835.43,130573.121,0.26449999999999996,北京,全国地产,19930524,
600657.SH,信达地产,20100727,6.5102,6.442,6.57,6.4249,6.5444,-1.5647,68237.97,51853.924,-0.10240000000000027,北京,全国地产,19930524,
600657.SH,信达地产,20100726,6.5956,6.5444,6.5956,6.3567,6.5614,-0.2591,126344.4,96074.179,-0.01699999999999946,北京,全国地产,19930524,
600657.SH,信达地产,20100723,6.6468,6.5614,6.6809,6.5017,6.6638,-1.5367,100485.43,77588.684,-0.10240000000000027,北京,全国地产,19930524,
600657.SH,信达地产,20100722,6.3481,6.6638,6.6724,6.3225,6.3823,4.4106,165101.86,126700.939,0.2815000000000003,北京,全国地产,19930524,
600657.SH,信达地产,20100721,6.4846,6.3823,6.4846,6.3481,6.4761,-1.4484,139774.96,104674.356,-0.09379999999999988,北京,全国地产,19930524,
600657.SH,信达地产,20100720,6.3993,6.4761,6.5614,6.3481,6.4078,1.0659,114760.04,86531.643,0.0682999999999998,北京,全国地产,19930524,
600657.SH,信达地产,20100719,6.1348,6.4078,6.4932,6.1007,6.186,3.5855,135120.15,100715.014,0.2218,北京,全国地产,19930524,
600657.SH,信达地产,20100716,6.0068,6.186,6.2713,5.9812,6.0239,2.6909,78358.44,56120.135,0.1620999999999997,北京,全国地产,19930524,
600657.SH,信达地产,20100715,6.1007,6.0239,6.2884,6.0154,6.1092,-1.3963,76948.22,55504.878,-0.08530000000000015,北京,全国地产,19930524,
600657.SH,信达地产,20100714,6.1263,6.1092,6.2713,6.0495,6.1007,0.1393,62844.03,45262.556,0.008500000000000618,北京,全国地产,19930524,
600657.SH,信达地产,20100713,6.1775,6.1007,6.2799,5.9642,6.2799,-2.8535,120952.95,86042.236,-0.1791999999999998,北京,全国地产,19930524,
600657.SH,信达地产,20100712,5.9727,6.2799,6.6041,5.9386,6.0068,4.5465,196063.6,145589.299,0.27309999999999945,北京,全国地产,19930524,
600657.SH,信达地产,20100709,5.7082,6.0068,6.0751,5.6399,5.657,6.1835,154987.19,107477.55,0.3498000000000001,北京,全国地产,19930524,
600657.SH,信达地产,20100708,5.7765,5.657,5.8532,5.6399,5.7338,-1.3394,78819.21,53103.95,-0.07679999999999954,北京,全国地产,19930524,
600657.SH,信达地产,20100707,5.5802,5.7338,5.7765,5.5802,5.6399,1.6649,69605.35,46292.735,0.09389999999999965,北京,全国地产,19930524,
600657.SH,信达地产,20100706,5.529,5.6399,5.7082,5.5119,5.5461,1.6913,70286.09,46341.98,0.09379999999999988,北京,全国地产,19930524,
600657.SH,信达地产,20100705,5.4863,5.5461,5.6741,5.4181,5.6314,-1.5147,76596.63,49712.552,-0.08530000000000015,北京,全国地产,19930524,
600657.SH,信达地产,20100702,5.3584,5.6314,5.7167,5.2474,5.3498,5.2637,129356.28,83242.809,0.2816000000000001,北京,全国地产,19930524,
600657.SH,信达地产,20100701,5.4181,5.3498,5.5887,5.3157,5.4437,-1.7249,88233.25,56236.987,-0.09389999999999965,北京,全国地产,19930524,
600657.SH,信达地产,20100630,5.6826,5.4437,5.6826,5.3328,5.6826,-4.2041,70051.75,45010.197,-0.2389000000000001,北京,全国地产,19930524,
600657.SH,信达地产,20100629,6.2031,5.6826,6.2628,5.6741,6.1689,-7.8831,100682.14,69511.173,-0.48629999999999995,北京,全国地产,19930524,
600657.SH,信达地产,20100628,6.1177,6.1689,6.2884,6.058,6.1689,0.0,62246.48,45028.139,0.0,北京,全国地产,19930524,
600657.SH,信达地产,20100625,6.2628,6.1689,6.3311,6.0666,6.3055,-2.1664,70782.12,51410.142,-0.1366000000000005,北京,全国地产,19930524,
600657.SH,信达地产,20100624,6.3311,6.3055,6.3993,6.2457,6.314,-0.1346,51375.09,38031.983,-0.00849999999999973,北京,全国地产,19930524,
600657.SH,信达地产,20100623,6.459,6.314,6.5529,6.2287,6.4932,-2.7598,113658.87,84808.132,-0.1791999999999998,北京,全国地产,19930524,
600657.SH,信达地产,20100622,6.4505,6.4932,6.6382,6.442,6.5529,-0.911,128144.65,97753.116,-0.05970000000000031,北京,全国地产,19930524,
600657.SH,信达地产,20100621,6.2628,6.5529,6.698,6.0922,6.186,5.9311,263678.95,199600.882,0.3669000000000002,北京,全国地产,19930524,
600657.SH,信达地产,20100618,6.0666,6.186,6.5785,6.0239,6.0495,2.2564,287328.27,211396.448,0.13649999999999984,北京,全国地产,19930524,
600657.SH,信达地产,20100617,6.0239,6.0495,6.1348,5.9642,5.9898,0.9967,105064.23,74671.51,0.05970000000000031,北京,全国地产,19930524,
600657.SH,信达地产,20100611,5.913,5.9898,6.1092,5.913,5.93,1.0084,91173.13,64533.694,0.059800000000000075,北京,全国地产,19930524,
600657.SH,信达地产,20100610,5.9642,5.93,6.058,5.913,6.0666,-2.2517,71336.35,50067.391,-0.1366000000000005,北京,全国地产,19930524,
600657.SH,信达地产,20100609,5.7509,6.0666,6.2287,5.6826,5.7253,5.9613,153296.52,107416.227,0.3413000000000004,北京,全国地产,19930524,
600657.SH,信达地产,20100608,5.7167,5.7253,5.8362,5.6314,5.7423,-0.296,44760.04,30089.692,-0.017000000000000348,北京,全国地产,19930524,
600657.SH,信达地产,20100607,5.7765,5.7423,5.8447,5.6911,5.913,-2.8869,53386.72,35995.715,-0.17070000000000007,北京,全国地产,19930524,
600657.SH,信达地产,20100604,5.6911,5.913,5.9898,5.6826,5.8106,1.7623,68262.92,46824.22,0.10240000000000027,北京,全国地产,19930524,
600657.SH,信达地产,20100603,6.0495,5.8106,6.0751,5.802,6.041,-3.8139,103433.38,71913.168,-0.23040000000000038,北京,全国地产,19930524,
600657.SH,信达地产,20100602,5.6911,6.041,6.058,5.6399,5.7594,4.8894,156819.15,109219.155,0.2816000000000001,北京,全国地产,19930524,
600657.SH,信达地产,20100601,5.7167,5.7594,5.8362,5.5461,5.7594,0.0,76444.22,50854.031,0.0,北京,全国地产,19930524,
600657.SH,信达地产,20100531,5.8959,5.7594,5.9983,5.7338,5.93,-2.8769,85758.68,58924.768,-0.17059999999999942,北京,全国地产,19930524,
600657.SH,信达地产,20100528,6.1177,5.93,6.1433,5.8532,6.0922,-2.6624,107295.72,75265.489,-0.16220000000000034,北京,全国地产,19930524,
600657.SH,信达地产,20100527,5.9727,6.0922,6.1433,5.8447,6.0836,0.1414,92305.89,65064.895,0.008600000000000385,北京,全国地产,19930524,
600657.SH,信达地产,20100526,6.1433,6.0836,6.1775,5.9727,6.1263,-0.697,90372.57,64336.356,-0.04269999999999996,北京,全国地产,19930524,
600657.SH,信达地产,20100525,6.0922,6.1263,6.1604,5.9642,6.2713,-2.3121,165111.04,117454.107,-0.14500000000000046,北京,全国地产,19930524,
600657.SH,信达地产,20100524,6.0495,6.2713,6.3311,6.0324,5.9386,5.6023,236102.59,171990.236,0.3327,北京,全国地产,19930524,
600657.SH,信达地产,20100521,5.384,5.9386,6.1689,5.3754,5.6143,5.7763,226089.29,155750.068,0.32430000000000003,北京,全国地产,19930524,
600657.SH,信达地产,20100520,5.6314,5.6143,5.8276,5.5375,5.7423,-2.2291,71466.03,47472.503,-0.1280000000000001,北京,全国地产,19930524,
600657.SH,信达地产,20100519,5.785,5.7423,5.9556,5.6229,5.8788,-2.3219,151977.58,103266.378,-0.13649999999999984,北京,全国地产,19930524,
600657.SH,信达地产,20100518,5.2986,5.8788,5.8788,5.2474,5.3413,10.0631,239684.49,161147.594,0.5374999999999996,北京,全国地产,19930524,
600657.SH,信达地产,20100517,5.7594,5.3413,5.8106,5.3413,5.93,-9.9275,113764.4,73997.056,-0.5886999999999993,北京,全国地产,19930524,
600657.SH,信达地产,20100514,5.9898,5.93,6.0324,5.8703,6.0836,-2.5248,89561.97,62353.627,-0.15359999999999996,北京,全国地产,19930524,
600657.SH,信达地产,20100513,6.058,6.0836,6.1775,5.8703,6.0922,-0.1412,130559.7,92088.273,-0.008600000000000385,北京,全国地产,19930524,
600657.SH,信达地产,20100512,5.6143,6.0922,6.2884,5.529,5.7167,6.5685,273515.26,193141.369,0.3754999999999997,北京,全国地产,19930524,
600657.SH,信达地产,20100511,6.0239,5.7167,6.0666,5.5887,5.93,-3.597,90974.16,62049.924,-0.21329999999999938,北京,全国地产,19930524,
600657.SH,信达地产,20100510,5.785,5.93,5.9812,5.7253,5.7423,3.2687,99133.7,68174.897,0.18769999999999953,北京,全国地产,19930524,
600657.SH,信达地产,20100507,5.5973,5.7423,5.913,5.529,5.7167,0.4478,113411.2,77062.911,0.025599999999999845,北京,全国地产,19930524,
600657.SH,信达地产,20100506,5.8447,5.7167,5.8874,5.5973,5.93,-3.597,106542.12,71940.395,-0.21329999999999938,北京,全国地产,19930524,
600657.SH,信达地产,20100505,5.6997,5.93,6.0239,5.5375,5.7423,3.2687,187416.53,127010.691,0.18769999999999953,北京,全国地产,19930524,
600657.SH,信达地产,20100504,5.9898,5.7423,6.1092,5.6826,6.2457,-8.0599,128073.16,88734.487,-0.5034000000000001,北京,全国地产,19930524,
600657.SH,信达地产,20100430,6.4676,6.2457,6.4676,6.1519,6.5188,-4.1894,92317.47,67905.027,-0.27309999999999945,北京,全国地产,19930524,
600657.SH,信达地产,20100429,6.5273,6.5188,6.6041,6.4249,6.5102,0.1321,92078.88,70353.86,0.008599999999999497,北京,全国地产,19930524,
600657.SH,信达地产,20100428,6.4846,6.5102,6.6382,6.4078,6.5785,-1.0382,78067.54,59839.207,-0.0682999999999998,北京,全国地产,19930524,
600657.SH,信达地产,20100427,6.4334,6.5785,6.587,6.3737,6.5102,1.0491,105631.15,80340.417,0.0682999999999998,北京,全国地产,19930524,
600657.SH,信达地产,20100426,6.6297,6.5102,6.6382,6.4846,6.5956,-1.2948,78441.97,60259.47,-0.08539999999999992,北京,全国地产,19930524,
600657.SH,信达地产,20100423,6.57,6.5956,6.698,6.5358,6.5614,0.5212,97601.09,75602.486,0.03420000000000023,北京,全国地产,19930524,
600657.SH,信达地产,20100422,6.7747,6.5614,6.7747,6.4932,6.8601,-4.3542,226163.87,174997.518,-0.2987000000000002,北京,全国地产,19930524,
600657.SH,信达地产,20100421,6.6809,6.8601,6.8771,6.6297,6.6638,2.9458,130917.68,103488.016,0.19629999999999992,北京,全国地产,19930524,
600657.SH,信达地产,20100420,6.9283,6.6638,6.9795,6.4846,6.9625,-4.2901,176919.3,138598.416,-0.2987000000000002,北京,全国地产,19930524,
600657.SH,信达地产,20100419,7.5341,6.9625,7.5512,6.9625,7.7389,-10.0324,234612.33,198884.874,-0.7763999999999998,北京,全国地产,19930524,
600657.SH,信达地产,20100416,7.7218,7.7389,7.8498,7.5427,7.8498,-1.4128,177730.83,160537.62,-0.1109,北京,全国地产,19930524,
600657.SH,信达地产,20100415,8.1229,7.8498,8.1229,7.7304,8.1655,-3.8663,189536.13,174701.905,-0.31569999999999965,北京,全国地产,19930524,
600657.SH,信达地产,20100414,8.1911,8.1655,8.2167,8.0631,8.2253,-0.727,115140.96,109592.608,-0.059800000000000963,北京,全国地产,19930524,
600657.SH,信达地产,20100413,8.3959,8.2253,8.4727,8.0034,8.6519,-4.9307,214262.99,207036.962,-0.42659999999999876,北京,全国地产,19930524,
600657.SH,信达地产,20100409,8.6092,8.6519,8.7372,8.5666,8.6092,0.496,118321.71,119835.505,0.04269999999999996,北京,全国地产,19930524,
600657.SH,信达地产,20100408,8.7884,8.6092,8.8908,8.541,8.8055,-2.2293,145453.15,148346.078,-0.1963000000000008,北京,全国地产,19930524,
600657.SH,信达地产,20100407,9.0444,8.8055,9.0956,8.7116,9.1297,-3.551,213242.69,220786.842,-0.3241999999999994,北京,全国地产,19930524,
600657.SH,信达地产,20100406,9.2918,9.1297,9.4625,8.9846,9.2918,-1.7445,197756.76,213637.723,-0.16210000000000058,北京,全国地产,19930524,
600657.SH,信达地产,20100402,9.3174,9.2918,9.4625,9.2321,9.3089,-0.1837,193238.95,211586.623,-0.017099999999999227,北京,全国地产,19930524,
600657.SH,信达地产,20100401,9.0273,9.3089,9.3857,8.959,9.0102,3.3151,274676.8,298268.118,0.2987000000000002,北京,全国地产,19930524,
600657.SH,信达地产,20100331,8.6177,9.0102,9.3857,8.5324,8.6177,4.5546,306503.75,323899.596,0.39250000000000007,北京,全国地产,19930524,
600657.SH,信达地产,20100330,8.558,8.6177,8.6945,8.4898,8.5836,0.3973,193031.88,194444.078,0.03409999999999869,北京,全国地产,19930524,
600657.SH,信达地产,20100329,8.1741,8.5836,8.6007,8.1143,8.1399,5.4509,200710.51,197811.617,0.44369999999999976,北京,全国地产,19930524,
600657.SH,信达地产,20100326,8.0631,8.1399,8.2509,7.9778,8.0973,0.5261,65157.19,62208.934,0.04260000000000019,北京,全国地产,19930524,
600657.SH,信达地产,20100325,8.2765,8.0973,8.3703,8.029,8.2765,-2.1652,72634.14,69239.561,-0.1791999999999998,北京,全国地产,19930524,
600657.SH,信达地产,20100324,8.2594,8.2765,8.3447,8.1911,8.2167,0.7278,50029.66,48383.69,0.059800000000000963,北京,全国地产,19930524,
600657.SH,信达地产,20100323,8.3447,8.2167,8.4215,8.1741,8.4386,-2.6296,96150.94,92908.241,-0.22189999999999976,北京,全国地产,19930524,
600657.SH,信达地产,20100322,8.4898,8.4386,8.6092,8.285,8.4044,0.4069,89593.2,88530.686,0.034199999999998454,北京,全国地产,19930524,
600657.SH,信达地产,20100319,8.6177,8.4044,8.814,8.3874,8.3532,0.6129,151384.1,151543.076,0.05120000000000147,北京,全国地产,19930524,
600657.SH,信达地产,20100318,8.1058,8.3532,8.5154,8.0973,8.0887,3.27,100935.18,98784.09,0.26449999999999996,北京,全国地产,19930524,
600657.SH,信达地产,20100317,7.8754,8.0887,8.1485,7.8669,7.8584,2.9306,39659.91,37359.93,0.23029999999999973,北京,全国地产,19930524,
600657.SH,信达地产,20100316,7.8242,7.8584,7.9096,7.7474,7.7645,1.2094,27793.84,25526.684,0.09389999999999965,北京,全国地产,19930524,
600657.SH,信达地产,20100315,7.901,7.7645,7.9778,7.7218,7.8669,-1.3017,39326.22,35919.743,-0.10240000000000027,北京,全国地产,19930524,
600657.SH,信达地产,20100312,8.1229,7.8669,8.2253,7.8498,8.1911,-3.958,51564.36,48502.579,-0.32420000000000027,北京,全国地产,19930524,
600657.SH,信达地产,20100311,8.3362,8.1911,8.4471,8.1229,8.3447,-1.8407,65523.89,63376.434,-0.15359999999999907,北京,全国地产,19930524,
600657.SH,信达地产,20100310,8.4215,8.3447,8.558,8.3191,8.4812,-1.6094,78981.14,78337.465,-0.13649999999999984,北京,全国地产,19930524,
600657.SH,信达地产,20100309,8.285,8.4812,8.7116,8.0631,8.2935,2.2632,183017.54,182121.98,0.18769999999999953,北京,全国地产,19930524,
600657.SH,信达地产,20100308,8.1826,8.2935,8.3874,8.1741,8.1741,1.4607,50592.43,49033.877,0.11940000000000062,北京,全国地产,19930524,
600657.SH,信达地产,20100305,8.1997,8.1741,8.3618,8.1143,8.2338,-0.7251,58920.39,56759.201,-0.0597000000000012,北京,全国地产,19930524,
600657.SH,信达地产,20100304,8.4044,8.2338,8.6007,8.1911,8.43,-2.3274,96975.89,95338.587,-0.19619999999999926,北京,全国地产,19930524,
600657.SH,信达地产,20100303,8.5068,8.43,8.5324,8.3191,8.558,-1.4957,113790.32,112202.629,-0.1280000000000001,北京,全国地产,19930524,
600657.SH,信达地产,20100302,8.2423,8.558,8.7031,8.0887,8.2423,3.8302,252982.92,249525.088,0.31569999999999965,北京,全国地产,19930524,
600657.SH,信达地产,20100301,8.1911,8.2423,8.4044,7.9778,8.2082,0.4154,152142.53,146023.245,0.03410000000000046,北京,全国地产,19930524,
600657.SH,信达地产,20100226,8.1655,8.2082,8.4727,8.1229,8.0717,1.6911,247282.39,239383.246,0.13649999999999984,北京,全国地产,19930524,
600657.SH,信达地产,20100225,7.7304,8.0717,8.1058,7.7304,7.7218,4.5313,122863.99,114341.099,0.3498999999999999,北京,全国地产,19930524,
600657.SH,信达地产,20100224,7.4232,7.7218,7.7304,7.4232,7.5683,2.0282,62678.16,56085.297,0.1535000000000002,北京,全国地产,19930524,
600657.SH,信达地产,20100223,7.628,7.5683,7.628,7.3208,7.628,-0.7826,83506.05,72970.801,-0.05970000000000031,北京,全国地产,19930524,
600657.SH,信达地产,20100222,7.7645,7.628,7.9437,7.6195,7.8242,-2.5076,102995.36,94100.58,-0.19620000000000015,北京,全国地产,19930524,
600657.SH,信达地产,20100212,7.8328,7.8242,7.901,7.7389,7.756,0.8793,60200.66,55258.076,0.06820000000000004,北京,全国地产,19930524,
600657.SH,信达地产,20100211,7.6706,7.756,7.9778,7.6365,7.6706,1.1133,138990.96,127977.108,0.08539999999999992,北京,全国地产,19930524,
600657.SH,信达地产,20100210,7.5768,7.6706,7.7218,7.3379,7.5171,2.042,52096.34,46356.45,0.1535000000000002,北京,全国地产,19930524,
600657.SH,信达地产,20100209,7.5427,7.5171,7.6451,7.4659,7.5512,-0.4516,42224.35,37425.086,-0.034099999999999575,北京,全国地产,19930524,
600657.SH,信达地产,20100208,7.6621,7.5512,7.7218,7.4915,7.6792,-1.6668,56329.13,50000.773,-0.1280000000000001,北京,全国地产,19930524,
600657.SH,信达地产,20100205,7.8925,7.6792,7.9266,7.5768,8.0631,-4.7612,105313.18,95622.304,-0.3839000000000006,北京,全国地产,19930524,
600657.SH,信达地产,20100204,8.0973,8.0631,8.3618,8.0119,8.1997,-1.6659,133225.67,127391.758,-0.1365999999999996,北京,全国地产,19930524,
600657.SH,信达地产,20100203,7.7048,8.1997,8.3447,7.6024,7.7304,6.0708,163442.38,153707.927,0.4692999999999996,北京,全国地产,19930524,
600657.SH,信达地产,20100202,7.7048,7.7304,7.901,7.6536,7.7048,0.3323,101692.7,92894.289,0.025600000000000733,北京,全国地产,19930524,
600657.SH,信达地产,20100201,7.6792,7.7048,7.7218,7.3379,7.6877,0.2224,101866.99,89844.685,0.017099999999999227,北京,全国地产,19930524,
600657.SH,信达地产,20100129,7.6706,7.6877,7.8669,7.6365,7.7218,-0.4416,52329.66,47682.842,-0.034099999999999575,北京,全国地产,19930524,
600657.SH,信达地产,20100128,7.5171,7.7218,7.8072,7.5171,7.6109,1.4571,61289.12,55133.541,0.1109,北京,全国地产,19930524,
600657.SH,信达地产,20100127,7.6962,7.6109,7.8754,7.5427,7.6451,-0.4473,75711.94,68392.438,-0.03420000000000023,北京,全国地产,19930524,
600657.SH,信达地产,20100126,8.1143,7.6451,8.1741,7.6195,8.0973,-5.5846,78038.43,71271.21,-0.4522000000000004,北京,全国地产,19930524,
600657.SH,信达地产,20100125,8.0461,8.0973,8.2765,7.9266,8.0973,0.0,89697.1,85238.285,0.0,北京,全国地产,19930524,
600657.SH,信达地产,20100122,8.1911,8.0973,8.3276,7.9266,8.43,-3.9466,97770.85,93251.917,-0.3326999999999991,北京,全国地产,19930524,
600657.SH,信达地产,20100121,8.3191,8.43,8.5324,8.1143,8.3447,1.0222,98630.84,96058.854,0.08530000000000015,北京,全国地产,19930524,
600657.SH,信达地产,20100120,8.6177,8.3447,8.7884,8.3106,8.5836,-2.7832,133876.44,134208.449,-0.238900000000001,北京,全国地产,19930524,
600657.SH,信达地产,20100119,8.6433,8.5836,8.7287,8.541,8.6348,-0.5929,105253.09,106195.736,-0.05119999999999969,北京,全国地产,19930524,
600657.SH,信达地产,20100118,8.5922,8.6348,8.7031,8.4471,8.5495,0.9977,132370.84,132910.344,0.08530000000000015,北京,全国地产,19930524,
600657.SH,信达地产,20100115,8.4471,8.5495,8.7031,8.4044,8.43,1.4176,185919.58,186795.563,0.11950000000000038,北京,全国地产,19930524,
600657.SH,信达地产,20100114,8.2253,8.43,8.5239,8.0887,8.1997,2.8086,171164.69,167751.392,0.23029999999999973,北京,全国地产,19930524,
600657.SH,信达地产,20100113,8.3788,8.1997,8.3788,8.157,8.6433,-5.1323,183721.47,178184.927,-0.4436,北京,全国地产,19930524,
600657.SH,信达地产,20100112,8.4642,8.6433,8.6945,8.2765,8.4812,1.9113,198842.3,197456.579,0.16210000000000058,北京,全国地产,19930524,
600657.SH,信达地产,20100111,8.959,8.4812,9.0273,8.3532,8.9249,-4.9715,188994.26,190383.418,-0.44369999999999976,北京,全国地产,19930524,
600657.SH,信达地产,20100108,8.9078,8.9249,9.0188,8.7628,8.9164,0.0953,133072.96,138277.719,0.00849999999999973,北京,全国地产,19930524,
600657.SH,信达地产,20100107,8.9164,8.9164,9.07,8.7287,8.942,-0.2863,96529.3,100765.079,-0.025600000000000733,北京,全国地产,19930524,
600657.SH,信达地产,20100106,9.0444,8.942,9.2065,8.8225,9.0358,-1.0381,148688.46,156541.801,-0.09379999999999988,北京,全国地产,19930524,
600657.SH,信达地产,20100105,9.5051,9.0358,9.5051,9.0017,9.5307,-5.1927,216083.03,231385.705,-0.49489999999999945,北京,全国地产,19930524,
600657.SH,信达地产,20100104,9.5904,9.5307,9.6416,9.3857,9.5734,-0.446,88097.19,98026.452,-0.04269999999999996,北京,全国地产,19930524,
600657.SH,信达地产,20091231,9.5478,9.5734,9.7099,9.3003,9.5563,0.1789,134388.15,149795.652,0.017099999999999227,北京,全国地产,19930524,
600657.SH,信达地产,20091230,9.4795,9.5563,9.5904,9.2235,9.5478,0.089,137013.02,151768.748,0.00849999999999973,北京,全国地产,19930524,
600657.SH,信达地产,20091229,9.7952,9.5478,9.8038,9.3857,9.7184,-1.7554,112537.57,125638.126,-0.1706000000000003,北京,全国地产,19930524,
600657.SH,信达地产,20091225,9.5904,9.7184,9.7696,9.3771,9.6331,0.8855,129948.43,145763.707,0.08530000000000015,北京,全国地产,19930524,
600657.SH,信达地产,20091224,9.4027,9.6331,9.7696,9.2833,9.4198,2.2644,137268.24,153737.479,0.21330000000000027,北京,全国地产,19930524,
600657.SH,信达地产,20091223,9.343,9.4198,9.5392,9.3003,9.3857,0.3633,86651.44,95671.33,0.03410000000000046,北京,全国地产,19930524,
600657.SH,信达地产,20091222,9.5137,9.3857,9.5392,9.1297,9.616,-2.395,148859.61,161964.896,-0.23029999999999973,北京,全国地产,19930524,
600657.SH,信达地产,20091221,9.3771,9.616,9.7952,9.1638,9.4198,2.0828,137428.13,152667.523,0.19619999999999926,北京,全国地产,19930524,
600657.SH,信达地产,20091218,10.0683,9.4198,10.0853,9.2662,10.2986,-8.5332,206685.37,231767.548,-0.8788,北京,全国地产,19930524,
600657.SH,信达地产,20091217,10.256,10.2986,10.4949,10.1109,10.273,0.2492,156285.18,189211.719,0.025600000000000733,北京,全国地产,19930524,
600657.SH,信达地产,20091216,10.6655,10.273,10.8447,10.2218,10.8106,-4.9729,221977.38,270870.1,-0.5376000000000012,北京,全国地产,19930524,
600657.SH,信达地产,20091215,11.2201,10.8106,11.3481,10.6655,11.5444,-6.3563,260896.25,334832.409,-0.7337999999999987,北京,全国地产,19930524,
600657.SH,信达地产,20091214,11.4078,11.5444,11.587,10.9471,11.4761,0.5951,115686.39,152596.68,0.06829999999999892,北京,全国地产,19930524,
600657.SH,信达地产,20091211,11.442,11.4761,11.7321,11.2628,11.5102,-0.2963,96621.9,130059.193,-0.03409999999999869,北京,全国地产,19930524,
600657.SH,信达地产,20091210,11.698,11.5102,11.9113,11.2287,11.7747,-2.2463,161707.44,216720.035,-0.26449999999999996,北京,全国地产,19930524,
600657.SH,信达地产,20091209,11.8942,11.7747,12.1843,11.5358,11.8515,-0.648,195702.51,272637.766,-0.07680000000000042,北京,全国地产,19930524,
600657.SH,信达地产,20091208,12.0648,11.8515,12.5085,11.7747,11.8089,0.3607,359753.89,514141.789,0.04260000000000019,北京,全国地产,19930524,
600657.SH,信达地产,20091207,11.3481,11.8089,11.9454,11.3055,11.3055,4.4527,241333.33,328444.571,0.5033999999999992,北京,全国地产,19930524,
600657.SH,信达地产,20091204,11.5956,11.3055,11.8515,10.9471,11.6468,-2.9304,208960.89,279127.558,-0.3413000000000004,北京,全国地产,19930524,
600657.SH,信达地产,20091203,11.2799,11.6468,11.8942,11.1348,11.2884,3.1749,373178.43,508171.171,0.3584000000000014,北京,全国地产,19930524,
600657.SH,信达地产,20091202,10.5887,11.2884,11.2884,10.4181,10.2645,9.9752,395665.45,515699.773,1.0238999999999994,北京,全国地产,19930524,
600657.SH,信达地产,20091201,10.2389,10.2645,10.4949,9.8891,10.2218,0.4177,151799.17,181664.805,0.04269999999999996,北京,全国地产,19930524,
600657.SH,信达地产,20091130,9.9061,10.2218,10.4522,9.9061,9.8123,4.1733,160384.85,191822.188,0.40949999999999953,北京,全国地产,19930524,
600657.SH,信达地产,20091127,9.9915,9.8123,10.3242,9.6928,10.273,-4.4846,320831.19,374767.65,-0.4606999999999992,北京,全国地产,19930524,
600657.SH,信达地产,20091126,11.058,10.273,11.4164,10.1109,11.1263,-7.6692,420056.44,532253.793,-0.8533000000000008,北京,全国地产,19930524,
600657.SH,信达地产,20091125,10.9215,11.1263,11.2457,10.2474,10.8788,2.2751,633326.41,805368.278,0.2475000000000005,北京,全国地产,19930524,
600657.SH,信达地产,20091124,9.8976,10.8788,10.8788,9.8976,9.8891,10.008,805764.9,1013438.924,0.9897000000000009,北京,全国地产,19930524,
600657.SH,信达地产,20091123,9.4795,9.8891,9.9317,9.4795,9.4454,4.6975,352258.25,398566.377,0.44369999999999976,北京,全国地产,19930524,
600657.SH,信达地产,20091120,9.2406,9.4454,9.5137,9.0444,9.2577,2.0275,193769.8,211431.505,0.18769999999999953,北京,全国地产,19930524,
600657.SH,信达地产,20091119,9.3601,9.2577,9.3771,9.087,9.3601,-1.094,119344.19,128548.201,-0.10239999999999938,北京,全国地产,19930524,
600657.SH,信达地产,20091118,9.1724,9.3601,9.4027,9.0273,9.1724,2.0464,134727.41,144988.216,0.18769999999999953,北京,全国地产,19930524,
600657.SH,信达地产,20091116,9.0102,9.1724,9.1894,8.959,8.9761,2.1869,112574.05,120014.644,0.19629999999999903,北京,全国地产,19930524,
600657.SH,信达地产,20091113,9.1297,8.9761,9.2065,8.8311,9.215,-2.5925,111901.29,117695.221,-0.23889999999999922,北京,全国地产,19930524,
600657.SH,信达地产,20091112,9.3857,9.215,9.4198,9.1468,9.3259,-1.1892,99279.53,107313.444,-0.11090000000000089,北京,全国地产,19930524,
600657.SH,信达地产,20091111,9.3686,9.3259,9.5307,9.1724,9.2833,0.4589,146459.09,160481.682,0.04260000000000019,北京,全国地产,19930524,
600657.SH,信达地产,20091110,9.1724,9.2833,9.4283,8.9761,9.0529,2.545,173022.01,186536.595,0.23040000000000127,北京,全国地产,19930524,
600657.SH,信达地产,20091109,8.942,9.0529,9.1638,8.8311,8.9078,1.6289,120180.09,126867.149,0.14509999999999934,北京,全国地产,19930524,
600657.SH,信达地产,20091106,8.7713,8.9078,8.959,8.6177,8.7031,2.352,160486.13,165570.909,0.20470000000000077,北京,全国地产,19930524,
600657.SH,信达地产,20091105,8.6689,8.7031,8.9164,8.6519,8.6945,0.0989,90047.05,92224.779,0.008599999999999497,北京,全国地产,19930524,
600657.SH,信达地产,20091104,8.9505,8.6945,8.9505,8.5751,8.942,-2.7678,103720.12,105757.092,-0.2475000000000005,北京,全国地产,19930524,
600657.SH,信达地产,20091103,8.9505,8.942,9.2065,8.7713,8.9505,-0.095,100355.75,104744.41,-0.00849999999999973,北京,全国地产,19930524,
600657.SH,信达地产,20091102,8.3618,8.9505,9.0358,8.2765,8.6433,3.5542,98648.9,100922.77,0.3071999999999999,北京,全国地产,19930524,
600657.SH,信达地产,20091030,8.4898,8.6433,8.7116,8.3618,8.3874,3.051,141317.79,142258.474,0.25590000000000046,北京,全国地产,19930524,
600657.SH,信达地产,20091029,8.6945,8.3874,8.6945,8.2679,8.8396,-5.1156,149090.75,147009.806,-0.45220000000000127,北京,全国地产,19930524,
600657.SH,信达地产,20091028,8.8993,8.8396,9.087,8.6177,8.9676,-1.4274,98890.31,102848.35,-0.12799999999999834,北京,全国地产,19930524,
600657.SH,信达地产,20091027,9.2577,8.9676,9.2833,8.959,9.3686,-4.2803,102535.5,109199.994,-0.4010000000000016,北京,全国地产,19930524,
600657.SH,信达地产,20091026,9.6587,9.3686,9.7782,9.3601,9.6246,-2.6599,119790.53,134396.687,-0.25599999999999845,北京,全国地产,19930524,
600657.SH,信达地产,20091023,9.4625,9.6246,9.8208,9.3857,9.5222,1.0754,160705.49,182031.481,0.10239999999999938,北京,全国地产,19930524,
600657.SH,信达地产,20091022,9.3857,9.5222,9.5904,9.1724,9.4539,0.7225,143663.47,157645.517,0.06829999999999892,北京,全国地产,19930524,
600657.SH,信达地产,20091021,8.9334,9.4539,9.8294,8.7457,8.959,5.5241,224946.23,248722.713,0.49490000000000123,北京,全国地产,19930524,
600657.SH,信达地产,20091020,9.0017,8.959,9.0358,8.7713,8.814,1.6451,252468.63,263338.045,0.14499999999999957,北京,全国地产,19930524,
600657.SH,信达地产,20091019,7.9778,8.814,8.814,7.8925,8.0119,10.0114,250373.28,254640.868,0.8020999999999994,北京,全国地产,19930524,
600657.SH,信达地产,20091016,7.7048,8.0119,8.1058,7.5853,7.628,5.0328,101484.98,93475.856,0.3839000000000006,北京,全国地产,19930524,
600657.SH,信达地产,20091015,7.7645,7.628,7.9096,7.5768,7.6792,-0.6667,43878.57,39716.069,-0.05119999999999969,北京,全国地产,19930524,
600657.SH,信达地产,20091014,7.4317,7.6792,8.0119,7.3891,7.372,4.1671,121371.57,110181.843,0.3071999999999999,北京,全国地产,19930524,
600657.SH,信达地产,20091013,7.2184,7.372,7.3891,7.1587,7.244,1.767,30637.17,26153.194,0.1280000000000001,北京,全国地产,19930524,
600657.SH,信达地产,20091012,7.3464,7.244,7.3891,7.2355,7.3891,-1.9637,55458.94,47538.076,-0.14510000000000023,北京,全国地产,19930524,
600657.SH,信达地产,20091009,7.1416,7.3891,7.6621,7.1416,7.116,3.8378,89746.31,76467.093,0.27310000000000034,北京,全国地产,19930524,
600657.SH,信达地产,20090930,6.7065,7.116,7.2099,6.7065,6.698,6.2407,67400.91,55264.1,0.41799999999999926,北京,全国地产,19930524,
600657.SH,信达地产,20090929,6.7918,6.698,6.8174,6.4761,6.7577,-0.8834,44114.6,34460.662,-0.05969999999999942,北京,全国地产,19930524,
600657.SH,信达地产,20090928,7.3891,6.7577,7.5512,6.6553,7.3891,-8.545,86509.33,71283.527,-0.6314000000000002,北京,全国地产,19930524,
600657.SH,信达地产,20090925,7.5085,7.3891,7.6706,7.3379,7.628,-3.1319,48996.94,43060.37,-0.2389000000000001,北京,全国地产,19930524,
600657.SH,信达地产,20090924,7.4317,7.628,7.7304,7.2355,7.4232,2.7589,84080.39,73822.852,0.20480000000000054,北京,全国地产,19930524,
600657.SH,信达地产,20090923,7.4403,7.4232,7.7389,7.3379,7.6621,-3.1179,40620.05,35746.376,-0.2389000000000001,北京,全国地产,19930524,
600657.SH,信达地产,20090922,7.9266,7.6621,8.0887,7.5939,7.9352,-3.4416,50183.91,46070.563,-0.27310000000000034,北京,全国地产,19930524,
600657.SH,信达地产,20090921,8.0205,7.9352,8.0205,7.6109,8.0119,-0.9573,51672.72,47139.925,-0.07670000000000066,北京,全国地产,19930524,
600657.SH,信达地产,20090918,8.5666,8.0119,8.5666,7.9181,8.541,-6.1948,73883.24,71650.126,-0.5290999999999997,北京,全国地产,19930524,
600657.SH,信达地产,20090917,8.4898,8.541,8.6263,8.4727,8.5154,0.3006,75280.7,75355.862,0.025600000000000733,北京,全国地产,19930524,
600657.SH,信达地产,20090916,8.6604,8.5154,8.6604,8.3447,8.6604,-1.6743,74392.95,74132.069,-0.14499999999999957,北京,全国地产,19930524,
600657.SH,信达地产,20090915,8.6177,8.6604,8.7287,8.5666,8.5666,1.095,64447.65,65397.805,0.09379999999999988,北京,全国地产,19930524,
600657.SH,信达地产,20090914,8.43,8.5666,8.6177,8.3959,8.3874,2.1365,58638.42,58505.149,0.1791999999999998,北京,全国地产,19930524,
600657.SH,信达地产,20090911,8.2765,8.3874,8.5666,8.1997,8.302,1.0287,61619.6,60983.901,0.08539999999999992,北京,全国地产,19930524,
600657.SH,信达地产,20090910,8.541,8.302,8.7287,8.285,8.6007,-3.473,66822.79,66442.781,-0.2987000000000002,北京,全国地产,19930524,
600657.SH,信达地产,20090909,8.3362,8.6007,8.6433,8.2338,8.3447,3.0678,100523.22,99597.876,0.2560000000000002,北京,全国地产,19930524,
600657.SH,信达地产,20090908,8.0205,8.3447,8.4044,7.9352,8.0973,3.0553,67421.14,65465.446,0.24739999999999895,北京,全国地产,19930524,
600657.SH,信达地产,20090907,8.2082,8.0973,8.3532,8.0034,8.1997,-1.2488,70038.98,67312.237,-0.10239999999999938,北京,全国地产,19930524,
600657.SH,信达地产,20090904,8.1485,8.1997,8.4471,8.1485,8.1143,1.0525,96755.56,93984.267,0.08539999999999992,北京,全国地产,19930524,
600657.SH,信达地产,20090903,7.3805,8.1143,8.1314,7.3379,7.3891,9.8145,144298.8,132601.52,0.7252000000000001,北京,全国地产,19930524,
600657.SH,信达地产,20090902,7.0392,7.3891,7.4317,7.0392,7.2099,2.4855,59649.4,50872.942,0.1791999999999998,北京,全国地产,19930524,
600657.SH,信达地产,20090901,7.0478,7.2099,7.3891,6.7833,7.0648,2.0538,87947.09,73334.229,0.14510000000000023,北京,全国地产,19930524,
600657.SH,信达地产,20090831,7.7645,7.0648,7.773,7.0137,7.7901,-9.3105,61458.37,52238.957,-0.7252999999999998,北京,全国地产,19930524,
600657.SH,信达地产,20090828,8.2423,7.7901,8.2594,7.756,8.2423,-5.4863,63766.32,58970.632,-0.4522000000000004,北京,全国地产,19930524,
600657.SH,信达地产,20090827,7.8925,8.2423,8.3191,7.8072,7.8754,4.6588,84176.15,79992.542,0.3669000000000002,北京,全国地产,19930524,
600657.SH,信达地产,20090826,7.5939,7.8754,7.9863,7.5512,7.6365,3.1284,74527.82,68784.455,0.2389000000000001,北京,全国地产,19930524,
600657.SH,信达地产,20090825,7.8242,7.6365,7.9266,7.4232,7.8157,-2.2928,89403.58,81312.116,-0.1791999999999998,北京,全国地产,19930524,
600657.SH,信达地产,20090824,7.9266,7.8157,7.9266,7.6706,7.7133,1.3276,57416.9,52191.235,0.10239999999999938,北京,全国地产,19930524,
600657.SH,信达地产,20090821,7.5939,7.7133,7.8157,7.5085,7.5768,1.8016,60458.54,54285.945,0.13649999999999984,北京,全国地产,19930524,
600657.SH,信达地产,20090820,7.4147,7.5768,7.6792,7.3038,7.4147,2.1862,109258.71,95997.858,0.16210000000000058,北京,全国地产,19930524,
600657.SH,信达地产,20090819,8.1741,7.4147,8.3191,7.4147,8.2423,-10.0409,67915.73,61606.854,-0.8276000000000003,北京,全国地产,19930524,
600657.SH,信达地产,20090818,8.1058,8.2423,8.3618,8.0034,8.1655,0.9405,45037.04,43020.576,0.07680000000000042,北京,全国地产,19930524,
600657.SH,信达地产,20090817,8.686,8.1655,8.8311,7.9863,8.8737,-7.9809,88412.42,87866.479,-0.7081999999999997,北京,全国地产,19930524,
600657.SH,信达地产,20090814,9.1297,8.8737,9.3345,8.8737,9.1041,-2.5307,68153.85,72660.339,-0.23040000000000127,北京,全国地产,19930524,
600657.SH,信达地产,20090813,8.7969,9.1041,9.198,8.6348,8.7884,3.5922,104334.56,110589.102,0.3157000000000014,北京,全国地产,19930524,
600657.SH,信达地产,20090812,8.8311,8.7884,9.0785,8.7201,8.8396,-0.5792,86987.9,91008.432,-0.05120000000000147,北京,全国地产,19930524,
600657.SH,信达地产,20090811,8.6604,8.8396,8.8567,8.6263,8.6348,2.3718,45310.31,46709.917,0.20480000000000054,北京,全国地产,19930524,
600657.SH,信达地产,20090810,8.8055,8.6348,8.9164,8.5324,8.7884,-1.7478,62708.69,63649.618,-0.15359999999999907,北京,全国地产,19930524,
600657.SH,信达地产,20090807,9.3515,8.7884,9.3515,8.7543,9.3345,-5.8503,89262.12,94220.616,-0.5461000000000009,北京,全国地产,19930524,
600657.SH,信达地产,20090806,9.4795,9.3345,9.7099,8.959,9.4795,-1.5296,135580.74,148378.708,-0.14499999999999957,北京,全国地产,19930524,
600657.SH,信达地产,20090805,9.0956,9.4795,9.5819,9.0956,9.2662,2.3019,134615.36,148128.604,0.21330000000000027,北京,全国地产,19930524,
600657.SH,信达地产,20090804,9.087,9.2662,9.3857,9.0444,9.07,2.1632,137894.15,149073.038,0.19619999999999926,北京,全国地产,19930524,
600657.SH,信达地产,20090803,9.0444,9.07,9.1212,8.8567,9.0273,0.473,101549.54,107420.498,0.04269999999999996,北京,全国地产,19930524,
600657.SH,信达地产,20090731,8.8567,9.0273,9.0529,8.686,8.7713,2.9186,92311.65,96357.361,0.2560000000000002,北京,全国地产,19930524,
600657.SH,信达地产,20090730,8.8737,8.7713,9.215,8.4898,8.9078,-1.5324,144059.81,147945.963,-0.13649999999999984,北京,全国地产,19930524,
600657.SH,信达地产,20090729,9.9232,8.9078,9.9232,8.9078,9.8976,-10.0004,188504.09,206979.974,-0.9898000000000007,北京,全国地产,19930524,
600657.SH,信达地产,20090728,9.8379,9.8976,10.1024,9.6246,9.8464,0.52,222371.96,255919.857,0.05120000000000147,北京,全国地产,19930524,
600657.SH,信达地产,20090727,9.7782,9.8464,9.8891,9.6502,9.8208,0.2607,131510.68,150625.763,0.025599999999998957,北京,全国地产,19930524,
600657.SH,信达地产,20090724,10.128,9.8208,10.1962,9.6843,10.1024,-2.7875,146627.97,169502.451,-0.2815999999999992,北京,全国地产,19930524,
600657.SH,信达地产,20090723,9.9403,10.1024,10.4266,9.8549,9.9403,1.6307,180385.8,214715.995,0.1620999999999988,北京,全国地产,19930524,
600657.SH,信达地产,20090722,9.599,9.9403,9.9744,9.599,9.7611,1.8359,164073.69,188000.039,0.1791999999999998,北京,全国地产,19930524,
600657.SH,信达地产,20090721,10.0256,9.7611,10.0853,9.7184,10.1706,-4.0263,228479.98,264512.779,-0.40949999999999953,北京,全国地产,19930524,
600657.SH,信达地产,20090720,10.3669,10.1706,10.3669,9.9829,10.4096,-2.296,193447.02,229119.164,-0.238999999999999,北京,全国地产,19930524,
600657.SH,信达地产,20090717,10.273,10.4096,10.529,10.1962,10.3754,0.3296,144500.38,176016.308,0.034199999999998454,北京,全国地产,19930524,
600657.SH,信达地产,20090716,9.9829,10.3754,10.5717,9.727,10.0,3.754,259537.79,310714.144,0.37540000000000084,北京,全国地产,19930524,
600657.SH,信达地产,20090715,10.0085,10.0,10.3584,9.8976,9.9915,0.0851,149686.3,177036.679,0.00849999999999973,北京,全国地产,19930524,
600657.SH,信达地产,20090714,9.872,9.9915,10.0597,9.8464,9.8038,1.9146,129927.81,151515.04,0.18769999999999953,北京,全国地产,19930524,
600657.SH,信达地产,20090713,10.0512,9.8038,10.0683,9.7526,10.1365,-3.2822,186808.84,215694.154,-0.3326999999999991,北京,全国地产,19930524,
600657.SH,信达地产,20090710,10.3669,10.1365,10.3925,9.9232,10.2816,-1.4113,116410.1,139283.668,-0.14509999999999934,北京,全国地产,19930524,
600657.SH,信达地产,20090709,10.2389,10.2816,10.3754,9.9915,10.2816,0.0,113867.35,135361.864,0.0,北京,全国地产,19930524,
600657.SH,信达地产,20090708,9.8549,10.2816,10.4949,9.7696,10.0768,2.0324,186118.93,219600.263,0.20479999999999876,北京,全国地产,19930524,
600657.SH,信达地产,20090707,10.4693,10.0768,10.4778,9.9573,10.529,-4.2948,176099.52,208703.213,-0.4521999999999995,北京,全国地产,19930524,
600657.SH,信达地产,20090706,10.7679,10.529,11.0495,10.3328,10.7679,-2.2186,248833.4,310949.129,-0.23889999999999922,北京,全国地产,19930524,
600657.SH,信达地产,20090703,10.1536,10.7679,11.0495,10.0939,10.1706,5.8728,239800.39,297029.648,0.5972999999999988,北京,全国地产,19930524,
600657.SH,信达地产,20090702,9.8976,10.1706,10.2816,9.8208,9.9147,2.581,180563.14,213775.083,0.25590000000000046,北京,全国地产,19930524,
600657.SH,信达地产,20090701,9.5051,9.9147,10.3669,9.5051,9.6075,3.1975,210820.87,247851.994,0.3071999999999999,北京,全国地产,19930524,
600657.SH,信达地产,20090630,9.4795,9.6075,9.7014,9.3259,9.5819,0.2672,143196.35,160016.656,0.025600000000000733,北京,全国地产,19930524,
600657.SH,信达地产,20090629,8.942,9.5819,9.8379,8.7713,8.942,7.1561,318427.15,358844.995,0.639899999999999,北京,全国地产,19930524,
600657.SH,信达地产,20090626,8.9761,8.942,9.0444,8.7201,8.9334,0.0963,101988.32,106249.631,0.008599999999999497,北京,全国地产,19930524,
600657.SH,信达地产,20090625,8.8823,8.9334,9.1126,8.7116,8.8652,0.7693,105063.02,110011.31,0.06820000000000093,北京,全国地产,19930524,
600657.SH,信达地产,20090624,8.558,8.8652,8.9249,8.5154,8.5324,3.9004,99366.98,101868.832,0.3327999999999989,北京,全国地产,19930524,
600657.SH,信达地产,20090623,8.5154,8.5324,8.7457,8.4471,8.6007,-0.7941,80325.7,80680.331,-0.06829999999999892,北京,全国地产,19930524,
600657.SH,信达地产,20090622,8.9249,8.6007,9.0358,8.5751,8.8993,-3.3553,96151.16,98653.72,-0.2986000000000004,北京,全国地产,19930524,
600657.SH,信达地产,20090619,9.0273,8.8993,9.0273,8.8396,8.8652,0.3847,86474.69,90722.132,0.03410000000000046,北京,全国地产,19930524,
600657.SH,信达地产,20090618,8.9334,8.8652,9.0444,8.7969,8.9334,-0.7634,84258.08,88036.096,-0.06820000000000093,北京,全国地产,19930524,
600657.SH,信达地产,20090617,8.43,8.9334,9.0444,8.3788,8.4386,5.8635,112823.12,115367.87,0.49480000000000146,北京,全国地产,19930524,
600657.SH,信达地产,20090616,8.7201,8.4386,8.7884,8.3618,8.8481,-4.6281,112855.66,112657.672,-0.4095000000000013,北京,全国地产,19930524,
600657.SH,信达地产,20090615,8.8225,8.8481,8.8737,8.6177,8.814,0.3869,46930.06,48147.137,0.03410000000000046,北京,全国地产,19930524,
600657.SH,信达地产,20090612,8.7543,8.814,8.9846,8.541,8.7372,0.879,98290.2,101510.008,0.07680000000000042,北京,全国地产,19930524,
600657.SH,信达地产,20090611,9.1297,8.7372,9.1297,8.686,9.0529,-3.4873,92974.06,96061.038,-0.31569999999999965,北京,全国地产,19930524,
600657.SH,信达地产,20090610,9.1809,9.0529,9.215,8.959,9.1126,-0.6551,51571.07,54645.564,-0.0597000000000012,北京,全国地产,19930524,
600657.SH,信达地产,20090609,8.9846,9.1126,9.2918,8.9249,9.1468,-0.3739,70272.09,74704.074,-0.03420000000000023,北京,全国地产,19930524,
600657.SH,信达地产,20090608,9.215,9.1468,9.5819,8.959,9.215,-0.7401,118785.34,128949.977,-0.06819999999999915,北京,全国地产,19930524,
600657.SH,信达地产,20090605,9.7099,9.215,9.7099,9.2065,9.5648,-3.6572,101159.02,110961.827,-0.3498000000000001,北京,全国地产,19930524,
600657.SH,信达地产,20090604,9.6416,9.5648,9.9573,9.4283,9.6587,-0.9722,124723.38,141485.428,-0.09389999999999965,北京,全国地产,19930524,
600657.SH,信达地产,20090603,9.1468,9.6587,9.7184,9.0444,9.07,6.4906,224379.17,250705.348,0.5886999999999993,北京,全国地产,19930524,
600657.SH,信达地产,20090602,8.959,9.07,9.2491,8.7884,8.8652,2.3102,147263.14,156381.276,0.20480000000000054,北京,全国地产,19930524,
600657.SH,信达地产,20090601,8.7457,8.8652,9.1468,8.7457,8.541,3.7958,134304.73,140944.03,0.3241999999999994,北京,全国地产,19930524,
600657.SH,信达地产,20090527,8.5324,8.541,8.7884,8.5239,8.5154,0.3006,66702.41,67557.591,0.025600000000000733,北京,全国地产,19930524,
600657.SH,信达地产,20090526,8.6689,8.5154,8.7884,8.4471,8.6945,-2.0599,120626.14,121373.052,-0.17910000000000004,北京,全国地产,19930524,
600657.SH,信达地产,20090525,8.1314,8.6945,8.9164,8.1143,8.541,1.7972,178467.65,177908.789,0.1534999999999993,北京,全国地产,19930524,
600657.SH,信达地产,20090522,8.814,8.541,8.8567,8.4983,8.814,-3.0973,156176.49,157897.196,-0.2729999999999997,北京,全国地产,19930524,
600657.SH,信达地产,20090521,9.3089,8.814,9.471,8.7543,9.4795,-7.0204,182918.0,193713.131,-0.6654999999999998,北京,全国地产,19930524,
600657.SH,信达地产,20090520,9.4795,9.4795,9.7696,9.3345,9.2918,2.0201,227979.17,254629.282,0.18769999999999953,北京,全国地产,19930524,
600657.SH,信达地产,20090518,9.5648,9.2918,9.9744,9.2065,9.5563,-2.7678,328319.05,367583.614,-0.26449999999999996,北京,全国地产,19930524,
600657.SH,信达地产,20090515,8.7713,9.5563,9.5563,8.7713,8.686,10.0196,334210.44,367196.943,0.8703000000000003,北京,全国地产,19930524,
600657.SH,信达地产,20090514,8.6177,8.686,8.7884,8.5154,8.6689,0.1973,111408.98,112783.186,0.017099999999999227,北京,全国地产,19930524,
600657.SH,信达地产,20090513,8.5324,8.6689,8.959,8.4556,8.5922,0.8927,197996.98,203062.24,0.07670000000000066,北京,全国地产,19930524,
600657.SH,信达地产,20090512,8.1911,8.5922,8.942,8.1229,8.3874,2.4418,345241.29,344446.81,0.20480000000000054,北京,全国地产,19930524,
600657.SH,信达地产,20090511,8.0461,8.3874,8.7031,8.0461,7.9096,6.0408,447865.81,451701.564,0.47779999999999934,北京,全国地产,19930524,
600657.SH,信达地产,20090508,7.901,7.9096,8.1058,7.6877,8.0205,-1.3827,124895.25,115655.815,-0.1109,北京,全国地产,19930524,
600657.SH,信达地产,20090507,8.2594,8.0205,8.2594,7.6536,8.0973,-0.9485,195190.74,180229.689,-0.07680000000000042,北京,全国地产,19930524,
600657.SH,信达地产,20090506,7.8584,8.0973,8.3276,7.8498,7.8754,2.8176,194695.81,185475.234,0.22190000000000065,北京,全国地产,19930524,
600657.SH,信达地产,20090505,7.9352,7.8754,8.0034,7.7304,7.9181,-0.5393,164661.87,151623.663,-0.04269999999999996,北京,全国地产,19930524,
600657.SH,信达地产,20090504,7.4659,7.9181,8.0034,7.4659,7.5256,5.2155,274359.25,251349.831,0.39250000000000007,北京,全国地产,19930524,
600657.SH,信达地产,20090430,7.6792,7.5256,7.9096,7.4232,7.8754,-4.4417,317169.88,285419.909,-0.3498000000000001,北京,全国地产,19930524,
600657.SH,信达地产,20090429,7.1587,7.8754,7.8754,7.1075,7.1587,10.0116,267998.63,243959.329,0.7167000000000003,北京,全国地产,19930524,
600657.SH,信达地产,20090428,6.9966,7.1587,7.2526,6.9795,7.1502,0.1189,91588.52,76670.303,0.00849999999999973,北京,全国地产,19930524,
600657.SH,信达地产,20090427,7.5256,7.1502,7.6792,7.1075,7.5768,-5.6303,156074.17,133578.901,-0.42660000000000053,北京,全国地产,19930524,
600657.SH,信达地产,20090424,7.4061,7.5768,7.8157,7.4061,7.5597,0.2262,129426.77,116416.359,0.017100000000000115,北京,全国地产,19930524,
600657.SH,信达地产,20090423,7.3379,7.5597,7.8498,7.2014,7.7816,-2.8516,135121.99,119667.578,-0.22189999999999976,北京,全国地产,19930524,
600657.SH,信达地产,20090421,7.5,7.7816,8.0631,7.4232,7.5512,3.0512,192423.75,176169.311,0.23040000000000038,北京,全国地产,19930524,
600657.SH,信达地产,20090420,7.6621,7.5512,7.7218,7.4061,7.6536,-1.3379,136539.52,120812.213,-0.10240000000000027,北京,全国地产,19930524,
600657.SH,信达地产,20090417,7.5085,7.6536,7.8925,7.3976,7.5597,1.2421,210188.51,190060.231,0.09389999999999965,北京,全国地产,19930524,
600657.SH,信达地产,20090416,7.7133,7.5597,7.7304,7.4403,7.756,-2.5309,197602.92,175095.775,-0.19629999999999992,北京,全国地产,19930524,
600657.SH,信达地产,20090415,7.6621,7.756,7.8925,7.4403,7.8328,-0.9805,268183.88,241749.315,-0.07679999999999954,北京,全国地产,19930524,
600657.SH,信达地产,20090414,7.3891,7.8328,8.1485,7.2696,7.4232,5.5178,339506.19,305798.291,0.4096000000000002,北京,全国地产,19930524,
600657.SH,信达地产,20090413,6.5785,7.4232,7.4232,6.5785,6.7491,9.988,306994.63,258002.592,0.6740999999999993,北京,全国地产,19930524,
600657.SH,信达地产,20090410,7.0819,6.7491,7.0819,6.6724,6.4846,4.0789,442855.51,356615.453,0.26449999999999996,北京,全国地产,19930524,
600657.SH,信达地产,20090408,6.6638,6.4846,6.7833,6.4505,6.6468,-2.4403,186515.84,144637.996,-0.16219999999999946,北京,全国地产,19930524,
600657.SH,信达地产,20090407,6.314,6.6468,6.6468,6.314,6.3311,4.9865,249286.58,192786.742,0.31569999999999965,北京,全国地产,19930524,
600657.SH,信达地产,20090403,6.3311,6.3311,6.5017,6.0836,6.314,0.2708,237155.46,175800.182,0.017100000000000115,北京,全国地产,19930524,
600657.SH,信达地产,20090402,6.2031,6.314,6.3481,6.0836,6.0495,4.3723,226167.36,164966.178,0.26449999999999996,北京,全国地产,19930524,
600657.SH,信达地产,20090401,5.7423,6.0495,6.0751,5.7167,5.785,4.5722,217531.38,152765.246,0.26449999999999996,北京,全国地产,19930524,
600657.SH,信达地产,20090331,5.4778,5.785,5.9642,5.4096,5.6911,1.6499,295692.62,194662.902,0.09390000000000054,北京,全国地产,19930524,
600657.SH,信达地产,20090330,6.1775,5.6911,6.2116,5.6911,5.9898,-4.9868,260607.95,182445.332,-0.2987000000000002,北京,全国地产,19930524,
600657.SH,信达地产,20090327,5.7594,5.9898,5.9898,5.5802,5.7082,4.9333,196621.24,133592.296,0.2816000000000001,北京,全国地产,19930524,
600657.SH,信达地产,20090326,5.9556,5.7082,5.9642,5.6314,5.7082,0.0,188271.36,127228.247,0.0,北京,全国地产,19930524,
600657.SH,信达地产,20090325,5.4608,5.7082,5.7082,5.4522,5.4352,5.0228,196431.64,130148.276,0.2729999999999997,北京,全国地产,19930524,
600657.SH,信达地产,20090324,5.3157,5.4352,5.4352,5.2218,5.1792,4.9428,128291.54,81344.771,0.2560000000000002,北京,全国地产,19930524,
600657.SH,信达地产,20090323,4.9061,5.1792,5.1792,4.8891,4.9317,5.0186,144443.33,87221.726,0.2474999999999996,北京,全国地产,19930524,
600657.SH,信达地产,20090320,4.8635,4.9317,4.9573,4.727,4.8635,1.4023,86415.28,49191.188,0.06820000000000004,北京,全国地产,19930524,
600657.SH,信达地产,20090319,4.7782,4.8635,4.8976,4.7184,4.727,2.8877,66553.92,37581.41,0.13649999999999984,北京,全国地产,19930524,
600657.SH,信达地产,20090318,4.7782,4.727,4.8208,4.7184,4.7696,-0.8932,68662.16,38368.336,-0.042599999999999305,北京,全国地产,19930524,
600657.SH,信达地产,20090317,4.616,4.7696,4.8038,4.5478,4.5819,4.0966,78822.29,43766.475,0.18769999999999953,北京,全国地产,19930524,
600657.SH,信达地产,20090316,4.5648,4.5819,4.599,4.4795,4.5478,0.7498,20570.91,10984.589,0.03410000000000046,北京,全国地产,19930524,
600657.SH,信达地产,20090313,4.6331,4.5478,4.6502,4.5307,4.5904,-0.928,31435.3,16875.822,-0.04260000000000019,北京,全国地产,19930524,
600657.SH,信达地产,20090312,4.6502,4.5904,4.7184,4.5051,4.6246,-0.7395,42409.76,22864.372,-0.03420000000000023,北京,全国地产,19930524,
600657.SH,信达地产,20090311,4.7782,4.6246,4.7952,4.616,4.6928,-1.4533,60413.6,33288.899,-0.06820000000000004,北京,全国地产,19930524,
600657.SH,信达地产,20090310,4.4966,4.6928,4.7611,4.4625,4.5648,2.8041,93193.21,50749.56,0.1280000000000001,北京,全国地产,19930524,
600657.SH,信达地产,20090309,4.4881,4.5648,4.5734,4.3089,4.4369,2.8826,72373.64,37673.372,0.12790000000000035,北京,全国地产,19930524,
600657.SH,信达地产,20090306,4.3857,4.4369,4.5051,4.2747,4.4454,-0.1912,44056.91,22818.377,-0.008500000000000618,北京,全国地产,19930524,
600657.SH,信达地产,20090305,4.471,4.4454,4.5222,4.2577,4.3174,2.9647,76238.0,39330.999,0.1280000000000001,北京,全国地产,19930524,
600657.SH,信达地产,20090304,4.1382,4.3174,4.3174,4.1382,4.1126,4.9798,53402.06,26938.198,0.20480000000000054,北京,全国地产,19930524,
600657.SH,信达地产,20090303,4.0529,4.1126,4.2065,4.0529,4.198,-2.0343,47304.35,22842.906,-0.08540000000000081,北京,全国地产,19930524,
600657.SH,信达地产,20090302,4.1297,4.198,4.2491,4.1212,4.3345,-3.1492,60359.31,29508.875,-0.13649999999999984,北京,全国地产,19930524,
600657.SH,信达地产,20090227,4.3345,4.3345,4.4283,4.3345,4.5648,-5.0451,50775.0,25822.684,-0.23029999999999973,北京,全国地产,19930524,
600657.SH,信达地产,20090225,4.6587,4.5648,4.7184,4.3942,4.616,-1.1092,92624.85,49486.123,-0.05119999999999969,北京,全国地产,19930524,
600657.SH,信达地产,20090224,4.6928,4.616,4.8123,4.5392,4.7782,-3.3946,136638.23,73726.566,-0.16220000000000034,北京,全国地产,19930524,
600657.SH,信达地产,20090223,4.7184,4.7782,4.8464,4.7014,4.616,3.5139,133219.68,75114.808,0.16220000000000034,北京,全国地产,19930524,
600657.SH,信达地产,20090220,4.4454,4.616,4.6331,4.4198,4.4454,3.8377,58471.18,31208.766,0.17059999999999942,北京,全国地产,19930524,
600657.SH,信达地产,20090219,4.4881,4.4454,4.6502,4.3089,4.5392,-2.0664,110077.12,57643.746,-0.09379999999999988,北京,全国地产,19930524,
600657.SH,信达地产,20090218,4.6928,4.5392,4.7611,4.5392,4.7782,-5.0019,126413.19,68269.372,-0.23899999999999988,北京,全国地产,19930524,
600657.SH,信达地产,20090217,4.9744,4.7782,5.0256,4.7782,4.9829,-4.108,179061.09,103154.916,-0.20469999999999988,北京,全国地产,19930524,
600657.SH,信达地产,20090216,4.8891,4.9829,5.0171,4.6758,4.7782,4.284,212889.4,121889.328,0.20469999999999988,北京,全国地产,19930524,
600657.SH,信达地产,20090213,4.7696,4.7782,4.7782,4.5819,4.5478,5.0662,126711.75,70748.883,0.23040000000000038,北京,全国地产,19930524,
600657.SH,信达地产,20090212,4.6502,4.5478,4.6843,4.3345,4.4625,1.9115,196709.11,104837.652,0.08529999999999927,北京,全国地产,19930524,
600657.SH,信达地产,20090211,4.3089,4.4625,4.4625,4.2577,4.2491,5.0222,88647.53,45766.231,0.21340000000000003,北京,全国地产,19930524,
600657.SH,信达地产,20090210,4.0614,4.2491,4.2491,4.0188,4.0444,5.0613,133947.04,66144.203,0.20469999999999988,北京,全国地产,19930524,
600657.SH,信达地产,20090209,4.0444,4.0444,4.1638,3.9846,4.0102,0.8528,94037.61,44950.9,0.03420000000000023,北京,全国地产,19930524,
600657.SH,信达地产,20090206,3.8481,4.0102,4.0188,3.8481,3.8311,4.6749,94316.6,43941.781,0.17910000000000004,北京,全国地产,19930524,
600657.SH,信达地产,20090205,4.0188,3.8311,4.0273,3.8225,3.9846,-3.8523,77998.43,35974.083,-0.15349999999999975,北京,全国地产,19930524,
600657.SH,信达地产,20090204,3.942,3.9846,4.1126,3.9249,3.942,1.0807,57359.9,26979.215,0.04259999999999975,北京,全国地产,19930524,
600657.SH,信达地产,20090203,3.9249,3.942,3.959,3.8311,3.9164,0.6537,69328.6,31714.043,0.02560000000000029,北京,全国地产,19930524,
600657.SH,信达地产,20090202,4.0785,3.9164,4.0785,3.8993,3.8993,0.4385,98854.9,46175.525,0.01709999999999967,北京,全国地产,19930524,
600657.SH,信达地产,20090123,3.8993,3.8993,3.8993,3.7116,3.7116,5.0571,46662.66,21298.698,0.18770000000000042,北京,全国地产,19930524,
600657.SH,信达地产,20090122,3.7116,3.7116,3.7116,3.7116,3.5324,5.073,32406.48,14096.819,0.1791999999999998,北京,全国地产,19930524,
600657.SH,信达地产,20090121,3.4471,3.5324,3.5666,3.4471,3.5068,0.73,37260.49,15395.024,0.025599999999999845,北京,全国地产,19930524,
600657.SH,信达地产,20090120,3.4983,3.5068,3.5495,3.43,3.4727,0.9819,20653.52,8437.984,0.03410000000000002,北京,全国地产,19930524,
600657.SH,信达地产,20090119,3.5154,3.4727,3.5495,3.4556,3.5154,-1.2147,39114.37,16057.195,-0.04269999999999996,北京,全国地产,19930524,
600657.SH,信达地产,20090116,3.3874,3.5154,3.558,3.3874,3.3874,3.7787,75495.34,31231.423,0.1280000000000001,北京,全国地产,19930524,
600657.SH,信达地产,20090114,3.3106,3.3874,3.3959,3.2423,3.302,2.5863,34246.61,13353.866,0.08539999999999992,北京,全国地产,19930524,
600657.SH,信达地产,20090113,3.413,3.302,3.4215,3.2935,3.43,-3.7318,33844.5,13286.341,-0.1280000000000001,北京,全国地产,19930524,
600657.SH,信达地产,20090112,3.4556,3.43,3.4642,3.3959,3.43,0.0,30141.01,12137.426,0.0,北京,全国地产,19930524,
600657.SH,信达地产,20090109,3.3959,3.43,3.4642,3.3618,3.3959,1.0042,24479.87,9789.457,0.03410000000000002,北京,全国地产,19930524,
600657.SH,信达地产,20090108,3.4642,3.3959,3.4812,3.3703,3.4812,-2.4503,44083.65,17690.112,-0.08529999999999971,北京,全国地产,19930524,
600657.SH,信达地产,20090107,3.5495,3.4812,3.5495,3.4556,3.5495,-1.9242,41243.6,16885.323,-0.06830000000000025,北京,全国地产,19930524,
600657.SH,信达地产,20090106,3.4471,3.5495,3.5836,3.3703,3.4812,1.962,39209.36,16156.883,0.06830000000000025,北京,全国地产,19930524,
600657.SH,信达地产,20090105,3.4983,3.4812,3.5154,3.3532,3.4556,0.7408,31035.33,12481.648,0.025599999999999845,北京,全国地产,19930524,
600657.SH,信达地产,20081231,3.6263,3.4556,3.6433,3.4471,3.4983,-1.2206,50338.57,20895.131,-0.04269999999999996,北京,全国地产,19930524,
600657.SH,信达地产,20081230,3.3788,3.4983,3.4983,3.3703,3.3276,5.1298,70329.76,28809.128,0.17070000000000007,北京,全国地产,19930524,
600657.SH,信达地产,20081229,3.2253,3.3276,3.3532,3.1741,3.2765,1.5596,30578.66,11824.682,0.05109999999999992,北京,全国地产,19930524,
600657.SH,信达地产,20081226,3.413,3.2765,3.4386,3.2338,3.3874,-3.2739,44034.05,17180.574,-0.1109,北京,全国地产,19930524,
600657.SH,信达地产,20081225,3.5239,3.3874,3.5239,3.3703,3.541,-4.3378,64554.07,25926.514,-0.15359999999999996,北京,全国地产,19930524,
600657.SH,信达地产,20081224,3.3788,3.541,3.5495,3.3788,3.3788,4.8005,117379.01,48280.507,0.1621999999999999,北京,全国地产,19930524,
600657.SH,信达地产,20081223,3.5836,3.3788,3.5836,3.3788,3.558,-5.0365,74951.58,30178.143,-0.1791999999999998,北京,全国地产,19930524,
600657.SH,信达地产,20081222,3.5666,3.558,3.6177,3.4812,3.5495,0.2395,60477.76,25049.416,0.00849999999999973,北京,全国地产,19930524,
600657.SH,信达地产,20081219,3.4642,3.5495,3.6263,3.4556,3.4556,2.7173,94270.83,39129.854,0.0939000000000001,北京,全国地产,19930524,
600657.SH,信达地产,20081218,3.541,3.4556,3.5495,3.413,3.5068,-1.46,83857.17,34103.528,-0.051200000000000134,北京,全国地产,19930524,
600657.SH,信达地产,20081217,3.43,3.5068,3.5324,3.3618,3.3618,4.3132,125010.13,50733.531,0.14500000000000002,北京,全国地产,19930524,
600657.SH,信达地产,20081216,3.5324,3.3618,3.5324,3.3618,3.541,-5.0607,138905.05,54994.9,-0.1791999999999998,北京,全国地产,19930524,
600657.SH,信达地产,20081215,3.5666,3.541,3.6348,3.4898,3.6689,-3.4861,116106.8,47882.083,-0.1278999999999999,北京,全国地产,19930524,
600657.SH,信达地产,20081212,3.7031,3.6689,3.7116,3.541,3.7287,-1.6038,129497.16,54238.912,-0.059800000000000075,北京,全国地产,19930524,
600657.SH,信达地产,20081211,3.7372,3.7287,3.8823,3.5495,3.7031,0.6913,148939.93,64598.494,0.025599999999999845,北京,全国地产,19930524,
600657.SH,信达地产,20081210,3.5836,3.7031,3.7372,3.5239,3.558,4.0781,176845.94,75683.261,0.14510000000000023,北京,全国地产,19930524,
600657.SH,信达地产,20081209,3.558,3.558,3.558,3.4215,3.3874,5.0363,135956.3,56539.117,0.17059999999999986,北京,全国地产,19930524,
600657.SH,信达地产,20081208,3.2253,3.3874,3.3874,3.1911,3.2253,5.0259,38714.28,15318.143,0.16210000000000013,北京,全国地产,19930524,
600657.SH,信达地产,20081205,3.2253,3.2253,3.2253,2.9522,3.0717,5.0005,145641.28,53597.093,0.15359999999999996,北京,全国地产,19930524,
600657.SH,信达地产,20081204,3.0717,3.0717,3.0717,3.0717,2.9266,4.958,1085.55,390.798,0.14509999999999978,北京,全国地产,19930524,
600657.SH,信达地产,20081203,2.9266,2.9266,2.9266,2.9266,2.7901,4.8923,6000.95,2058.326,0.1365000000000003,北京,全国地产,19930524,
600657.SH,信达地产,20081127,2.7816,2.7901,2.7901,2.7133,2.6536,5.144,117084.81,38087.507,0.13649999999999984,北京,全国地产,19930524,
600657.SH,信达地产,20081126,2.5171,2.6536,2.6792,2.5171,2.5853,2.6419,67931.82,20810.193,0.0682999999999998,北京,全国地产,19930524,
600657.SH,信达地产,20081125,2.4488,2.5853,2.5853,2.4488,2.4659,4.842,87932.56,26554.086,0.11940000000000017,北京,全国地产,19930524,
600657.SH,信达地产,20081124,2.4232,2.4659,2.5341,2.3891,2.4488,0.6983,51636.23,15011.72,0.017100000000000115,北京,全国地产,19930524,
600657.SH,信达地产,20081121,2.3891,2.4488,2.4915,2.3123,2.4317,0.7032,58495.82,16375.906,0.01709999999999967,北京,全国地产,19930524,
600657.SH,信达地产,20081120,2.4744,2.4317,2.5597,2.3976,2.5256,-3.7179,46660.58,13498.923,-0.09389999999999965,北京,全国地产,19930524,
600657.SH,信达地产,20081119,2.4488,2.5256,2.5341,2.4061,2.5341,-0.3354,78726.96,22501.044,-0.008500000000000174,北京,全国地产,19930524,
600657.SH,信达地产,20081118,2.6451,2.5341,2.6536,2.5341,2.6706,-5.1112,27589.19,8334.852,-0.13649999999999984,北京,全国地产,19930524,
600657.SH,信达地产,20081117,2.6109,2.6706,2.6877,2.5768,2.6195,1.9508,41207.39,12758.314,0.05109999999999992,北京,全国地产,19930524,
600657.SH,信达地产,20081114,2.5341,2.6195,2.628,2.5341,2.5597,2.3362,38877.29,11782.094,0.059800000000000075,北京,全国地产,19930524,
600657.SH,信达地产,20081113,2.4915,2.5597,2.6109,2.4232,2.4915,2.7373,45909.66,13464.21,0.06820000000000004,北京,全国地产,19930524,
600657.SH,信达地产,20081112,2.5085,2.4915,2.5171,2.4573,2.4744,0.6911,9462.08,2752.331,0.01709999999999967,北京,全国地产,19930524,
600657.SH,信达地产,20081111,2.5427,2.4744,2.5853,2.4744,2.5427,-2.6861,19387.07,5771.131,-0.0682999999999998,北京,全国地产,19930524,
600657.SH,信达地产,20081110,2.5171,2.5427,2.5597,2.4659,2.4403,4.1962,31613.6,9341.323,0.10239999999999982,北京,全国地产,19930524,
600657.SH,信达地产,20081107,2.3976,2.4403,2.5256,2.3976,2.4403,0.0,20827.07,6019.33,0.0,北京,全国地产,19930524,
600657.SH,信达地产,20081106,2.4317,2.4403,2.5,2.372,2.4573,-0.6918,10767.89,3100.15,-0.016999999999999904,北京,全国地产,19930524,
600657.SH,信达地产,20081105,2.3891,2.4573,2.4744,2.3891,2.3891,2.8546,14345.26,4095.017,0.06820000000000004,北京,全国地产,19930524,
600657.SH,信达地产,20081104,2.4147,2.3891,2.4829,2.3464,2.4232,-1.4072,15691.0,4416.623,-0.03410000000000002,北京,全国地产,19930524,
600657.SH,信达地产,20081103,2.4061,2.4232,2.4744,2.3549,2.3549,2.9003,27185.46,7767.781,0.0682999999999998,北京,全国地产,19930524,
600657.SH,信达地产,20081031,2.2952,2.3549,2.3549,2.2099,2.244,4.9421,16808.73,4539.854,0.1109,北京,全国地产,19930524,
600657.SH,信达地产,20081030,2.2782,2.244,2.2952,2.227,2.227,0.7634,8823.96,2334.451,0.017000000000000348,北京,全国地产,19930524,
600657.SH,信达地产,20081029,2.3038,2.227,2.3123,2.2184,2.2526,-1.1365,10679.12,2821.92,-0.02560000000000029,北京,全国地产,19930524,
600657.SH,信达地产,20081028,2.1928,2.2526,2.3038,2.1928,2.3123,-2.5818,21525.25,5620.113,-0.059699999999999864,北京,全国地产,19930524,
600657.SH,信达地产,20081027,2.3635,2.3123,2.3891,2.3123,2.4317,-4.9101,11192.0,3044.493,-0.11940000000000017,北京,全国地产,19930524,
600657.SH,信达地产,20081024,2.4829,2.4317,2.5427,2.4147,2.4915,-2.4002,9257.04,2673.308,-0.05979999999999963,北京,全国地产,19930524,
600657.SH,信达地产,20081023,2.5171,2.4915,2.5256,2.4147,2.4659,1.0382,9512.09,2773.372,0.025599999999999845,北京,全国地产,19930524,
600657.SH,信达地产,20081022,2.4659,2.4659,2.5853,2.4403,2.5171,-2.0341,19473.4,5705.06,-0.051200000000000134,北京,全国地产,19930524,
600657.SH,信达地产,20081021,2.4915,2.5171,2.6024,2.4744,2.4744,1.7257,47560.57,14274.072,0.04269999999999996,北京,全国地产,19930524,
600657.SH,信达地产,20081020,2.3976,2.4744,2.4744,2.3123,2.3549,5.0745,21943.13,6312.527,0.11949999999999994,北京,全国地产,19930524,
600657.SH,信达地产,20081017,2.244,2.3549,2.3549,2.244,2.244,4.9421,17929.23,4918.373,0.1109,北京,全国地产,19930524,
600657.SH,信达地产,20081016,2.244,2.244,2.3038,2.2355,2.3208,-3.3092,14471.37,3837.036,-0.07679999999999998,北京,全国地产,19930524,
600657.SH,信达地产,20081015,2.2355,2.3208,2.3549,2.2355,2.3379,-0.7314,8080.56,2177.961,-0.01709999999999967,北京,全国地产,19930524,
600657.SH,信达地产,20081014,2.4232,2.3379,2.4403,2.3379,2.3208,0.7368,33327.36,9371.845,0.01709999999999967,北京,全国地产,19930524,
600657.SH,信达地产,20081013,2.3549,2.3208,2.3549,2.2696,2.3891,-2.8588,29526.94,7897.213,-0.0682999999999998,北京,全国地产,19930524,
600657.SH,信达地产,20081010,2.5,2.3891,2.5,2.3891,2.5171,-5.0852,17381.0,4876.77,-0.1280000000000001,北京,全国地产,19930524,
600657.SH,信达地产,20081009,2.4232,2.5171,2.5853,2.4232,2.5256,-0.3366,8797.46,2621.247,-0.00849999999999973,北京,全国地产,19930524,
600657.SH,信达地产,20081008,2.5939,2.5256,2.5939,2.5171,2.6451,-4.5178,17270.49,5147.969,-0.11949999999999994,北京,全国地产,19930524,
600657.SH,信达地产,20081007,2.6195,2.6451,2.6792,2.6109,2.7474,-3.7235,20157.7,6207.734,-0.10230000000000006,北京,全国地产,19930524,
600657.SH,信达地产,20081006,2.8498,2.7474,2.8498,2.7474,2.8925,-5.0164,34065.1,10988.759,-0.14510000000000023,北京,全国地产,19930524,
600657.SH,信达地产,20080926,2.9266,2.8925,2.9437,2.8413,2.9266,-1.1652,19882.26,6729.814,-0.03410000000000002,北京,全国地产,19930524,
600657.SH,信达地产,20080925,2.901,2.9266,2.9608,2.8669,2.884,1.4771,44029.53,15032.665,0.04260000000000019,北京,全国地产,19930524,
600657.SH,信达地产,20080924,2.884,2.884,2.884,2.7986,2.7474,4.972,63718.2,21506.06,0.13660000000000005,北京,全国地产,19930524,
600657.SH,信达地产,20080923,2.7901,2.7474,2.7901,2.7474,2.8925,-5.0164,25039.6,8068.93,-0.14510000000000023,北京,全国地产,19930524,
600657.SH,信达地产,20080922,2.9863,2.8925,2.9863,2.7816,2.8413,1.802,85685.68,29050.841,0.051200000000000134,北京,全国地产,19930524,
600657.SH,信达地产,20080919,2.8413,2.8413,2.8413,2.7645,2.7048,5.0466,30556.4,10155.361,0.13649999999999984,北京,全国地产,19930524,
600657.SH,信达地产,20080918,2.6962,2.7048,2.7645,2.6962,2.8413,-4.8041,25746.45,8158.527,-0.13649999999999984,北京,全国地产,19930524,
600657.SH,信达地产,20080917,2.9096,2.8413,2.9863,2.8413,2.9863,-4.8555,16902.58,5659.098,-0.14500000000000002,北京,全国地产,19930524,
600657.SH,信达地产,20080916,3.157,2.9863,3.1655,2.9863,3.1399,-4.8919,27231.5,9597.697,-0.15359999999999996,北京,全国地产,19930524,
600657.SH,信达地产,20080912,3.2253,3.1399,3.2509,3.0717,3.2338,-2.9037,23965.61,8797.693,-0.0939000000000001,北京,全国地产,19930524,
600657.SH,信达地产,20080911,3.2594,3.2338,3.2679,3.2082,3.285,-1.5586,11432.9,4331.927,-0.051200000000000134,北京,全国地产,19930524,
600657.SH,信达地产,20080910,3.2765,3.285,3.3106,3.1997,3.2765,0.2594,5165.33,1975.698,0.008500000000000174,北京,全国地产,19930524,
600657.SH,信达地产,20080909,3.2338,3.2765,3.3447,3.1655,3.2167,1.859,13505.98,5166.871,0.059800000000000075,北京,全国地产,19930524,
600657.SH,信达地产,20080908,3.2167,3.2167,3.3106,3.1143,3.2167,0.0,17430.65,6525.029,0.0,北京,全国地产,19930524,
600657.SH,信达地产,20080905,3.2509,3.2167,3.2935,3.1826,3.3532,-4.0707,14015.75,5315.394,-0.1365000000000003,北京,全国地产,19930524,
600657.SH,信达地产,20080904,3.3703,3.3532,3.413,3.3362,3.3874,-1.0096,6816.33,2676.742,-0.034199999999999786,北京,全国地产,19930524,
600657.SH,信达地产,20080903,3.413,3.3874,3.413,3.3447,3.3874,0.0,8779.26,3476.272,0.0,北京,全国地产,19930524,
600657.SH,信达地产,20080902,3.3959,3.3874,3.413,3.2594,3.3703,0.5074,9232.02,3628.939,0.017100000000000115,北京,全国地产,19930524,
600657.SH,信达地产,20080901,3.4215,3.3703,3.43,3.3362,3.43,-1.7405,13938.99,5492.648,-0.05970000000000031,北京,全国地产,19930524,
600657.SH,信达地产,20080829,3.43,3.43,3.4727,3.3703,3.3959,1.0042,8714.41,3506.261,0.03410000000000002,北京,全国地产,19930524,
600657.SH,信达地产,20080828,3.3959,3.3959,3.4471,3.3532,3.3703,0.7596,11939.88,4760.231,0.02560000000000029,北京,全国地产,19930524,
600657.SH,信达地产,20080827,3.3276,3.3703,3.4386,3.2423,3.4044,-1.0016,14927.4,5854.516,-0.03410000000000002,北京,全国地产,19930524,
600657.SH,信达地产,20080826,3.5751,3.4044,3.6348,3.3959,3.5751,-4.7747,32793.89,13436.068,-0.17070000000000007,北京,全国地产,19930524,
600657.SH,信达地产,20080825,3.413,3.5751,3.5751,3.3703,3.4044,5.0141,20201.95,8363.261,0.17070000000000007,北京,全国地产,19930524,
600657.SH,信达地产,20080822,3.413,3.4044,3.4642,3.3447,3.413,-0.252,11170.61,4451.486,-0.008599999999999941,北京,全国地产,19930524,
600657.SH,信达地产,20080821,3.5154,3.413,3.5666,3.413,3.5922,-4.9886,29371.94,11907.737,-0.17920000000000025,北京,全国地产,19930524,
600657.SH,信达地产,20080820,3.43,3.5922,3.5922,3.3106,3.4215,4.989,32410.5,13417.626,0.17070000000000007,北京,全国地产,19930524,
600657.SH,信达地产,20080819,3.1143,3.4215,3.43,3.1143,3.2679,4.7003,27607.77,10887.56,0.15359999999999996,北京,全国地产,19930524,
600657.SH,信达地产,20080818,3.413,3.2679,3.5068,3.2679,3.4386,-4.9642,14986.53,5884.784,-0.17070000000000007,北京,全国地产,19930524,
600657.SH,信达地产,20080815,3.4215,3.4386,3.5239,3.3703,3.4471,-0.2466,12299.0,4978.155,-0.00849999999999973,北京,全国地产,19930524,
600657.SH,信达地产,20080814,3.3618,3.4471,3.4727,3.2935,3.3788,2.0214,15330.36,6139.014,0.0682999999999998,北京,全国地产,19930524,
600657.SH,信达地产,20080813,3.4044,3.3788,3.4044,3.2167,3.3874,-0.2539,22267.83,8540.416,-0.008599999999999941,北京,全国地产,19930524,
600657.SH,信达地产,20080812,3.3362,3.3874,3.4812,3.3106,3.4812,-2.6945,27480.13,10806.584,-0.09379999999999988,北京,全国地产,19930524,
600657.SH,信达地产,20080811,3.4898,3.4812,3.5836,3.4812,3.6604,-4.8956,13554.34,5543.603,-0.17920000000000025,北京,全国地产,19930524,
600657.SH,信达地产,20080808,3.8396,3.6604,3.9078,3.6604,3.8567,-5.0898,15790.42,6951.049,-0.19629999999999992,北京,全国地产,19930524,
600657.SH,信达地产,20080807,3.8737,3.8567,3.9164,3.7799,3.8567,0.0,16411.98,7383.044,0.0,北京,全国地产,19930524,
600657.SH,信达地产,20080806,3.8993,3.8567,3.9334,3.7884,3.9078,-1.3076,17568.19,7954.118,-0.05109999999999992,北京,全国地产,19930524,
600657.SH,信达地产,20080805,4.0785,3.9078,4.1809,3.9078,4.1126,-4.9798,25704.0,12037.196,-0.20479999999999965,北京,全国地产,19930524,
600657.SH,信达地产,20080804,4.1724,4.1126,4.2662,4.0956,4.1809,-1.6336,18803.43,9186.946,-0.0683000000000007,北京,全国地产,19930524,
600657.SH,信达地产,20080801,4.1638,4.1809,4.2833,4.1382,4.3515,-3.9205,45183.06,22072.172,-0.17059999999999942,北京,全国地产,19930524,
600657.SH,信达地产,20080730,4.4539,4.3515,4.4881,4.3003,4.4027,-1.1629,27763.1,14271.985,-0.05120000000000058,北京,全国地产,19930524,
600657.SH,信达地产,20080729,4.5051,4.4027,4.5051,4.3515,4.5392,-3.0071,34719.19,17947.827,-0.13649999999999984,北京,全国地产,19930524,
600657.SH,信达地产,20080728,4.3771,4.5392,4.5563,4.3771,4.3771,3.7034,41435.69,21806.476,0.1620999999999997,北京,全国地产,19930524,
600657.SH,信达地产,20080725,4.2491,4.3771,4.4539,4.1809,4.2918,1.9875,34343.92,17489.693,0.08530000000000015,北京,全国地产,19930524,
600657.SH,信达地产,20080724,4.198,4.2918,4.3345,4.1468,4.1638,3.0741,43259.34,21653.444,0.1280000000000001,北京,全国地产,19930524,
600657.SH,信达地产,20080723,4.2577,4.1638,4.3345,4.1041,4.2577,-2.2054,33241.58,16360.859,-0.09389999999999965,北京,全国地产,19930524,
600657.SH,信达地产,20080722,4.2577,4.2577,4.4454,4.2065,4.2491,0.2024,39903.87,20240.844,0.008599999999999497,北京,全国地产,19930524,
600657.SH,信达地产,20080721,4.1894,4.2491,4.3345,4.0956,4.1894,1.425,46682.46,23040.665,0.05970000000000031,北京,全国地产,19930524,
600657.SH,信达地产,20080718,4.0102,4.1894,4.2491,3.8652,4.0614,3.1516,41469.82,19699.407,0.1280000000000001,北京,全国地产,19930524,
600657.SH,信达地产,20080717,4.3174,4.0614,4.4369,4.0529,4.2662,-4.8005,58407.74,28524.093,-0.20480000000000054,北京,全国地产,19930524,
600657.SH,信达地产,20080716,4.7014,4.2662,4.7099,4.2662,4.4881,-4.9442,82005.28,42268.943,-0.22189999999999976,北京,全国地产,19930524,
600657.SH,信达地产,20080715,4.6843,4.4881,4.6843,4.4454,4.4625,0.5737,128392.12,69111.93,0.025599999999999845,北京,全国地产,19930524,
600657.SH,信达地产,20080714,4.4283,4.4625,4.4625,4.3515,4.2491,5.0222,25710.57,13373.205,0.21340000000000003,北京,全国地产,19930524,
600657.SH,信达地产,20080711,3.9846,4.2491,4.2491,3.9761,4.0444,5.0613,46171.16,22201.453,0.20469999999999988,北京,全国地产,19930524,
600657.SH,信达地产,20080710,4.1894,4.0444,4.3259,3.9932,4.1894,-3.4611,71862.66,35250.536,-0.14499999999999957,北京,全国地产,19930524,
600657.SH,信达地产,20080709,4.0188,4.1894,4.1894,4.0102,3.9932,4.9134,59803.85,28760.153,0.19620000000000015,北京,全国地产,19930524,
600657.SH,信达地产,20080708,3.8055,3.9932,3.9932,3.8055,3.8055,4.9323,66944.28,31041.609,0.18769999999999998,北京,全国地产,19930524,
600657.SH,信达地产,20080707,3.6519,3.8055,3.8055,3.5836,3.6263,4.9417,50885.84,22556.7,0.1791999999999998,北京,全国地产,19930524,
600657.SH,信达地产,20080704,3.4471,3.6263,3.6519,3.43,3.4812,4.1681,32009.25,13230.036,0.14510000000000023,北京,全国地产,19930524,
600657.SH,信达地产,20080703,3.3106,3.4812,3.5154,3.1997,3.3447,4.0811,35819.74,14437.876,0.13649999999999984,北京,全国地产,19930524,
600657.SH,信达地产,20080702,3.4727,3.3447,3.558,3.302,3.4727,-3.6859,35367.86,14074.243,-0.1280000000000001,北京,全国地产,19930524,
600657.SH,信达地产,20080701,3.6519,3.4727,3.6604,3.4727,3.6519,-4.907,33819.88,13853.542,-0.1791999999999998,北京,全国地产,19930524,
600657.SH,信达地产,20080630,3.6519,3.6519,3.7372,3.6519,3.8396,-4.8885,28506.16,12214.973,-0.18769999999999998,北京,全国地产,19930524,
600657.SH,信达地产,20080627,3.8823,3.8396,3.8823,3.8396,4.0444,-5.0638,18495.0,8331.877,-0.20480000000000054,北京,全国地产,19930524,
600657.SH,信达地产,20080626,4.0102,4.0444,4.1041,3.9761,4.0102,0.8528,37176.39,17553.617,0.03420000000000023,北京,全国地产,19930524,
600657.SH,信达地产,20080625,3.9761,4.0102,4.07,3.9078,3.9761,0.8576,48670.93,22905.921,0.03410000000000002,北京,全国地产,19930524,
600657.SH,信达地产,20080624,3.7543,3.9761,4.0017,3.7201,3.814,4.2501,37125.7,17070.587,0.16210000000000013,北京,全国地产,19930524,
600657.SH,信达地产,20080623,3.7372,3.814,3.8908,3.5495,3.7031,2.9948,40342.62,17711.459,0.1109,北京,全国地产,19930524,
600657.SH,信达地产,20080620,3.6945,3.7031,3.9249,3.6945,3.8908,-4.8242,59385.4,25972.936,-0.18769999999999998,北京,全国地产,19930524,
600657.SH,信达地产,20080619,4.0529,3.8908,4.0529,3.8908,4.0956,-5.0005,30642.0,14062.365,-0.2048000000000001,北京,全国地产,19930524,
600657.SH,信达地产,20080618,3.8652,4.0956,4.1894,3.8311,4.0358,1.4817,49003.06,22879.88,0.059800000000000075,北京,全国地产,19930524,
600657.SH,信达地产,20080617,4.2662,4.0358,4.4198,4.0358,4.2491,-5.0199,43068.25,21185.102,-0.21330000000000027,北京,全国地产,19930524,
600657.SH,信达地产,20080616,4.2833,4.2491,4.4198,4.2491,4.471,-4.9631,39208.19,19635.102,-0.22189999999999976,北京,全国地产,19930524,
600657.SH,信达地产,20080613,4.5648,4.471,4.6672,4.471,4.7099,-5.0723,29657.19,15638.702,-0.2389000000000001,北京,全国地产,19930524,
600657.SH,信达地产,20080612,4.7611,4.7099,4.8208,4.7099,4.9573,-4.9906,44875.36,24824.634,-0.24739999999999984,北京,全国地产,19930524,
600657.SH,信达地产,20080611,4.9573,4.9573,5.0256,4.9573,5.2218,-5.0653,13968.0,8117.206,-0.26449999999999996,北京,全国地产,19930524,
600657.SH,信达地产,20080610,5.273,5.2218,5.2901,5.2218,5.4949,-4.9701,25211.01,15447.044,-0.27310000000000034,北京,全国地产,19930524,
600657.SH,信达地产,20080606,5.529,5.4949,5.6058,5.4266,5.4266,1.2586,27332.39,17645.354,0.0683000000000007,北京,全国地产,19930524,
600657.SH,信达地产,20080605,5.3754,5.4266,5.6314,5.3584,5.4437,-0.3141,17283.57,11117.233,-0.017100000000000115,北京,全国地产,19930524,
600657.SH,信达地产,20080604,5.6143,5.4437,5.6314,5.384,5.6058,-2.8916,32022.15,20476.507,-0.16210000000000058,北京,全国地产,19930524,
600657.SH,信达地产,20080603,5.6485,5.6058,5.802,5.529,5.6911,-1.4988,38073.39,25316.655,-0.08529999999999927,北京,全国地产,19930524,
600657.SH,信达地产,20080602,5.4608,5.6911,5.7082,5.3584,5.4352,4.7082,53651.55,35318.443,0.2558999999999996,北京,全国地产,19930524,
600657.SH,信达地产,20080530,5.5631,5.4352,5.7594,5.3754,5.657,-3.9208,69465.72,44530.294,-0.2218,北京,全国地产,19930524,
600657.SH,信达地产,20080529,5.93,5.657,5.9898,5.657,5.9556,-5.0138,63440.0,43267.493,-0.29859999999999953,北京,全国地产,19930524,
600657.SH,信达地产,20080528,6.0495,5.9556,6.0495,5.802,5.8874,1.1584,29399.94,20378.038,0.06819999999999915,北京,全国地产,19930524,
600657.SH,信达地产,20080526,6.1433,5.8874,6.1689,5.8788,6.1433,-4.1655,36097.13,25284.367,-0.2558999999999996,北京,全国地产,19930524,
600657.SH,信达地产,20080523,6.058,6.1433,6.1433,5.8959,6.058,1.4081,39480.98,27945.901,0.08530000000000015,北京,全国地产,19930524,
600657.SH,信达地产,20080522,6.1092,6.058,6.2457,5.93,6.1092,-0.8381,54718.96,39392.346,-0.05120000000000058,北京,全国地产,19930524,
600657.SH,信达地产,20080521,5.802,6.1092,6.1092,5.7167,5.8191,4.9853,83101.4,58477.085,0.2901000000000007,北京,全国地产,19930524,
600657.SH,信达地产,20080520,6.1007,5.8191,6.2287,5.802,6.1092,-4.7486,46726.74,32673.03,-0.2901000000000007,北京,全国地产,19930524,
600657.SH,信达地产,20080519,6.1433,6.1092,6.2628,5.9898,6.2628,-2.4526,51514.81,36751.642,-0.15359999999999996,北京,全国地产,19930524,
600657.SH,信达地产,20080516,6.57,6.2628,6.7491,6.1775,6.5017,-3.6744,112087.18,83996.595,-0.23889999999999922,北京,全国地产,19930524,
600657.SH,信达地产,20080515,6.2116,6.5017,6.5017,6.2116,6.1945,4.9592,86914.12,66034.658,0.3071999999999999,北京,全国地产,19930524,
600657.SH,信达地产,20080514,6.2543,6.1945,6.3567,6.058,6.2372,-0.6846,87850.28,64073.735,-0.04269999999999996,北京,全国地产,19930524,
600657.SH,信达地产,20080513,6.2372,6.2372,6.6553,6.2372,6.5614,-4.941,186452.03,138692.069,-0.32420000000000027,北京,全国地产,19930524,
600657.SH,信达地产,20080512,6.9966,6.5614,6.9966,6.5614,6.9027,-4.9444,330170.81,257991.632,-0.3413000000000004,北京,全国地产,19930524,
600657.SH,信达地产,20080509,6.9027,6.9027,6.9027,6.9027,6.57,5.0639,21018.91,17004.298,0.3327,北京,全国地产,19930524,
600657.SH,信达地产,20080508,6.57,6.57,6.57,6.57,6.2543,5.0477,4155.44,3199.689,0.31570000000000054,北京,全国地产,19930524,
600657.SH,信达地产,20080507,6.2543,6.2543,6.2543,6.2543,5.9556,5.0154,5289.84,3877.453,0.2987000000000002,北京,全国地产,19930524,
600657.SH,信达地产,20080506,5.9556,5.9556,5.9556,5.9556,5.6741,4.9611,3555.27,2481.578,0.2814999999999994,北京,全国地产,19930524,
600657.SH,信达地产,20070803,5.6741,5.6741,5.6741,5.6741,5.401,5.0565,32186.34,21403.916,0.27310000000000034,北京,全国地产,19930524,
600657.SH,信达地产,20070802,5.1365,5.401,5.401,5.1365,5.1451,4.9737,274729.1,173135.36,0.2558999999999996,北京,全国地产,19930524,
600657.SH,信达地产,20070801,5.4266,5.1451,5.4778,5.1451,5.4181,-5.0387,119052.64,73742.652,-0.2729999999999997,北京,全国地产,19930524,
600657.SH,信达地产,20070731,5.273,5.4181,5.5375,5.2048,5.3157,1.9264,110890.26,69822.322,0.10240000000000027,北京,全国地产,19930524,
600657.SH,信达地产,20070730,5.2048,5.3157,5.3754,5.1365,5.1962,2.2998,127283.11,78668.981,0.1194999999999995,北京,全国地产,19930524,
600657.SH,信达地产,20070727,5.2474,5.1962,5.3584,5.1621,5.2901,-1.775,88986.57,54659.529,-0.09389999999999965,北京,全国地产,19930524,
600657.SH,信达地产,20070726,5.1195,5.2901,5.3754,5.0427,5.1195,3.3324,121935.71,74361.145,0.17059999999999942,北京,全国地产,19930524,
600657.SH,信达地产,20070725,5.0341,5.1195,5.1706,4.9829,5.0341,1.6964,97753.82,57928.999,0.08540000000000081,北京,全国地产,19930524,
600657.SH,信达地产,20070724,5.0853,5.0341,5.1706,4.9915,5.0768,-0.8411,107401.96,63826.212,-0.04270000000000085,北京,全国地产,19930524,
600657.SH,信达地产,20070723,5.128,5.0768,5.1621,4.9488,5.0256,1.0188,117041.06,69457.318,0.05120000000000058,北京,全国地产,19930524,
600657.SH,信达地产,20070719,4.8208,5.0256,5.0256,4.7099,4.7867,4.9909,111342.73,64852.539,0.2389000000000001,北京,全国地产,19930524,
600657.SH,信达地产,20070718,4.872,4.7867,4.9147,4.7099,4.8379,-1.0583,40258.24,22737.993,-0.05120000000000058,北京,全国地产,19930524,
600657.SH,信达地产,20070717,4.7526,4.8379,4.9403,4.6928,4.7696,1.432,40748.65,22913.67,0.0683000000000007,北京,全国地产,19930524,
600657.SH,信达地产,20070716,4.8208,4.7696,5.0085,4.7355,4.8549,-1.757,67518.03,38481.021,-0.08530000000000015,北京,全国地产,19930524,
600657.SH,信达地产,20070713,5.0256,4.8549,5.0256,4.7952,5.0512,-3.8862,61215.71,35033.125,-0.19629999999999992,北京,全国地产,19930524,
600657.SH,信达地产,20070712,4.8805,5.0512,5.0853,4.7782,4.872,3.6782,119503.13,69651.125,0.1791999999999998,北京,全国地产,19930524,
600657.SH,信达地产,20070711,4.4198,4.872,4.872,4.4198,4.6416,4.9638,143555.14,78752.846,0.2303999999999995,北京,全国地产,19930524,
600657.SH,信达地产,20070710,5.1365,4.6416,5.1365,4.6416,4.8891,-5.0623,304324.93,173670.399,-0.2474999999999996,北京,全国地产,19930524,
600657.SH,信达地产,20070709,4.8891,4.8891,4.8891,4.8891,4.6587,4.9456,10610.2,6079.645,0.23040000000000038,北京,全国地产,19930524,
600657.SH,信达地产,20070706,4.6587,4.6587,4.6587,4.4369,4.4369,4.999,80781.05,44013.185,0.2218,北京,全国地产,19930524,
600657.SH,信达地产,20070705,4.4369,4.4369,4.4369,4.2918,4.2235,5.0527,100957.17,52419.712,0.21340000000000003,北京,全国地产,19930524,
600657.SH,信达地产,20070704,4.0102,4.2235,4.2235,3.9932,4.0188,5.0936,183095.6,89785.676,0.20469999999999988,北京,全国地产,19930524,
600657.SH,信达地产,20070703,4.0956,4.0188,4.1212,3.814,4.0102,0.2145,125801.62,58246.797,0.008599999999999497,北京,全国地产,19930524,
600657.SH,信达地产,20070702,4.3089,4.0102,4.3089,3.9334,4.1382,-3.0931,145480.48,69473.991,-0.1280000000000001,北京,全国地产,19930524,
600657.SH,信达地产,20070628,4.3515,4.1382,4.4795,4.1382,4.3601,-5.0893,145242.67,72518.367,-0.22189999999999976,北京,全国地产,19930524,
600657.SH,信达地产,20070627,4.2406,4.3601,4.4198,4.2406,4.4625,-2.2947,214843.91,108333.667,-0.10240000000000027,北京,全国地产,19930524,
600657.SH,信达地产,20070626,4.4625,4.4625,4.4625,4.4625,4.7014,-5.0815,10064.0,5263.472,-0.23889999999999922,北京,全国地产,19930524,
600657.SH,信达地产,20070625,4.8635,4.7014,4.872,4.7014,4.9488,-4.9992,42798.0,23747.453,-0.24740000000000073,北京,全国地产,19930524,
600657.SH,信达地产,20070622,5.2048,4.9488,5.3328,4.9488,5.2048,-4.9185,128840.26,76901.666,-0.25599999999999934,北京,全国地产,19930524,
600657.SH,信达地产,20070621,5.273,5.2048,5.3754,5.0427,5.2816,-1.4541,129520.11,78702.746,-0.07680000000000042,北京,全国地产,19930524,
600657.SH,信达地产,20070620,5.5887,5.2816,5.7167,5.2474,5.4693,-3.4319,261887.77,170654.769,-0.18769999999999953,北京,全国地产,19930524,
600657.SH,信达地产,20070619,5.2218,5.4693,5.4693,5.1195,5.2048,5.0818,215317.89,135815.573,0.26449999999999996,北京,全国地产,19930524,
600657.SH,信达地产,20070618,5.1195,5.2048,5.2816,4.9915,5.0939,2.1771,166683.96,100760.799,0.1109,北京,全国地产,19930524,
600657.SH,信达地产,20070615,5.2048,5.0939,5.2816,5.0171,5.2816,-3.5538,186690.59,111675.706,-0.18770000000000042,北京,全国地产,19930524,
600657.SH,信达地产,20070614,5.4693,5.2816,5.529,5.273,5.3242,-0.8001,231313.86,146650.551,-0.04260000000000019,北京,全国地产,19930524,
600657.SH,信达地产,20070613,4.9659,5.3242,5.3242,4.9659,5.0683,5.049,252904.24,155182.863,0.25590000000000046,北京,全国地产,19930524,
600657.SH,信达地产,20070612,5.2048,5.0683,5.3754,5.0683,5.3328,-4.9599,270099.01,162172.694,-0.26449999999999996,北京,全国地产,19930524,
600657.SH,信达地产,20070611,5.8703,5.3328,5.8703,5.3328,5.6143,-5.014,289774.61,185803.644,-0.2815000000000003,北京,全国地产,19930524,
600657.SH,信达地产,20070608,5.6058,5.6143,5.6143,5.3925,5.3498,4.9441,247753.06,161114.274,0.26449999999999996,北京,全国地产,19930524,
600657.SH,信达地产,20070607,5.4181,5.3498,5.5034,5.2816,5.5631,-3.8342,362372.7,226015.702,-0.21330000000000027,北京,全国地产,19930524,
600657.SH,信达地产,20070606,5.4863,5.5631,6.0495,5.4863,5.7765,-3.6943,410548.28,269202.627,-0.21340000000000003,北京,全国地产,19930524,
600657.SH,信达地产,20070605,5.7765,5.7765,5.7765,5.7765,6.0836,-5.048,2823.0,1911.171,-0.30709999999999926,北京,全国地产,19930524,
600657.SH,信达地产,20070604,6.0836,6.0836,6.0836,6.0836,6.4078,-5.0595,3745.0,2670.185,-0.32420000000000027,北京,全国地产,19930524,
600657.SH,信达地产,20070601,6.4078,6.4078,6.4078,6.4078,6.7406,-4.9372,15119.0,11354.369,-0.33279999999999976,北京,全国地产,19930524,
600657.SH,信达地产,20070531,6.7406,6.7406,6.7406,6.7406,7.099,-5.0486,21951.0,17341.29,-0.3584000000000005,北京,全国地产,19930524,
600657.SH,信达地产,20070530,7.099,7.099,7.3379,7.099,7.4744,-5.0225,176965.25,148214.305,-0.37539999999999996,北京,全国地产,19930524,
600657.SH,信达地产,20070529,7.7304,7.4744,7.8498,7.4488,7.8157,-4.3669,324943.06,289004.545,-0.3412999999999995,北京,全国地产,19930524,
600657.SH,信达地产,20070528,8.3874,7.8157,8.3874,7.5853,7.9863,-2.1362,642932.28,598056.473,-0.1706000000000003,北京,全国地产,19930524,
600657.SH,信达地产,20070525,7.9863,7.9863,7.9863,7.9863,7.6024,5.0497,35194.95,32942.473,0.3838999999999997,北京,全国地产,19930524,
600657.SH,信达地产,20070524,7.6024,7.6024,7.6024,7.6024,7.244,4.9475,40010.51,35649.364,0.3584000000000005,北京,全国地产,19930524,
600657.SH,信达地产,20070522,7.2014,7.244,7.244,7.1672,6.9027,4.9444,211722.44,179492.129,0.3412999999999995,北京,全国地产,19930524,
600657.SH,信达地产,20070521,6.2969,6.9027,6.9027,6.2884,6.57,5.0639,381663.54,304882.937,0.3327,北京,全国地产,19930524,
600657.SH,信达地产,20070518,6.7662,6.57,6.7662,6.5017,6.442,1.987,521887.06,409266.08,0.1280000000000001,北京,全国地产,19930524,
600657.SH,信达地产,20070517,6.1775,6.442,6.442,6.1519,6.1348,5.0075,198627.29,147315.398,0.3071999999999999,北京,全国地产,19930524,
600657.SH,信达地产,20070516,5.9727,6.1348,6.186,5.9044,6.1007,0.559,280631.42,198467.294,0.03410000000000046,北京,全国地产,19930524,
600657.SH,信达地产,20070514,6.041,6.1007,6.2713,5.913,6.0922,0.1395,273104.19,195913.044,0.00849999999999973,北京,全国地产,19930524,
600657.SH,信达地产,20070511,6.0666,6.0922,6.186,5.8959,5.9386,2.5865,306402.14,218672.092,0.15359999999999996,北京,全国地产,19930524,
600657.SH,信达地产,20070510,5.6741,5.9386,5.9386,5.6741,5.657,4.9779,306786.45,210273.44,0.2816000000000001,北京,全国地产,19930524,
600657.SH,信达地产,20070509,5.785,5.657,5.7935,5.5461,5.802,-2.4991,238164.34,157890.317,-0.14499999999999957,北京,全国地产,19930524,
600657.SH,信达地产,20070508,5.6485,5.802,5.8788,5.5119,5.6229,3.1852,305922.65,204610.634,0.17910000000000004,北京,全国地产,19930524,
600657.SH,信达地产,20070430,5.7423,5.6229,5.8874,5.6143,5.913,-4.9061,338523.77,225466.603,-0.2901000000000007,北京,全国地产,19930524,
600657.SH,信达地产,20070427,6.0751,5.913,6.1348,5.8874,6.0666,-2.5319,191577.57,134046.553,-0.15359999999999996,北京,全国地产,19930524,
600657.SH,信达地产,20070426,5.9727,6.0666,6.2287,5.9727,6.0068,0.9955,173358.58,123732.231,0.059800000000000075,北京,全国地产,19930524,
600657.SH,信达地产,20070425,6.1263,6.0068,6.1263,5.8703,6.1775,-2.7633,223261.05,156652.106,-0.17070000000000007,北京,全国地产,19930524,
600657.SH,信达地产,20070424,6.2713,6.1775,6.3652,6.1348,6.1775,0.0,345439.17,252344.37,0.0,北京,全国地产,19930524,
600657.SH,信达地产,20070423,5.9727,6.1775,6.2969,5.8703,5.9983,2.9875,437336.38,307057.296,0.1791999999999998,北京,全国地产,19930524,
600657.SH,信达地产,20070420,5.6741,5.9983,6.058,5.6741,5.8703,2.1805,354915.12,245360.637,0.1280000000000001,北京,全国地产,19930524,
600657.SH,信达地产,20070419,6.1263,5.8703,6.1433,5.8703,6.1775,-4.9729,319722.18,223070.685,-0.3071999999999999,北京,全国地产,19930524,
600657.SH,信达地产,20070418,6.7321,6.1775,6.7321,6.0836,6.4078,-3.5941,491851.72,365885.332,-0.23029999999999973,北京,全国地产,19930524,
600657.SH,信达地产,20070417,6.4078,6.4078,6.4078,6.4078,6.1007,5.0338,35673.28,26790.633,0.30710000000000015,北京,全国地产,19930524,
600657.SH,信达地产,20070416,5.9812,6.1007,6.1007,5.9812,5.8106,4.9926,38215.67,27238.094,0.2900999999999998,北京,全国地产,19930524,
600657.SH,信达地产,20070413,5.6741,5.8106,5.8618,5.6741,5.5802,4.1289,208230.43,142296.667,0.23040000000000038,北京,全国地产,19930524,
600657.SH,信达地产,20070412,5.3413,5.5802,5.5802,5.3413,5.3157,4.9758,236382.3,151114.515,0.26449999999999996,北京,全国地产,19930524,
600657.SH,信达地产,20070411,5.3584,5.3157,5.384,5.2304,5.384,-1.2686,181380.71,112686.745,-0.0683000000000007,北京,全国地产,19930524,
600657.SH,信达地产,20070410,5.5034,5.384,5.5375,5.2218,5.3072,1.4471,266677.64,169011.501,0.07680000000000042,北京,全国地产,19930524,
600657.SH,信达地产,20070409,5.1195,5.3072,5.3072,5.1195,5.0512,5.0681,202106.58,125347.732,0.2560000000000002,北京,全国地产,19930524,
600657.SH,信达地产,20070406,4.9915,5.0512,5.1109,4.9488,5.0256,0.5094,139264.3,82528.518,0.025599999999999845,北京,全国地产,19930524,
600657.SH,信达地产,20070405,5.0256,5.0256,5.1024,4.9488,5.0256,0.0,136605.92,80628.089,0.0,北京,全国地产,19930524,
600657.SH,信达地产,20070404,4.9915,5.0256,5.0768,4.8549,4.9915,0.6832,143874.25,83652.542,0.034099999999999575,北京,全国地产,19930524,
600657.SH,信达地产,20070403,5.0171,4.9915,5.0597,4.9317,5.0,-0.17,117144.57,68586.749,-0.00849999999999973,北京,全国地产,19930524,
600657.SH,信达地产,20070402,4.8464,5.0,5.0427,4.7782,4.8379,3.3506,129212.38,74983.649,0.1620999999999997,北京,全国地产,19930524,
600657.SH,信达地产,20070330,4.6331,4.8379,4.9061,4.5222,4.7611,1.6131,206677.79,114481.37,0.07680000000000042,北京,全国地产,19930524,
600657.SH,信达地产,20070329,4.9488,4.7611,5.0597,4.7611,5.0085,-4.9396,242308.58,137772.057,-0.24739999999999984,北京,全国地产,19930524,
600657.SH,信达地产,20070328,5.2389,5.0085,5.2474,4.9744,5.2389,-4.3979,277583.77,164932.546,-0.23040000000000038,北京,全国地产,19930524,
600657.SH,信达地产,20070327,5.2901,5.2389,5.2901,5.1962,5.3242,-1.6021,146951.0,90303.053,-0.08530000000000015,北京,全国地产,19930524,
600657.SH,信达地产,20070326,5.2048,5.3242,5.401,5.0512,5.2048,2.294,236925.84,144292.577,0.11940000000000062,北京,全国地产,19930524,
600657.SH,信达地产,20070323,5.2133,5.2048,5.3669,5.0427,5.2645,-1.134,212952.85,129753.211,-0.05970000000000031,北京,全国地产,19930524,
600657.SH,信达地产,20070322,5.2218,5.2645,5.4181,5.1706,5.1792,1.647,193173.86,120445.845,0.08530000000000015,北京,全国地产,19930524,
600657.SH,信达地产,20070321,5.0512,5.1792,5.2474,4.9829,5.0341,2.8823,153935.78,92069.5,0.14510000000000023,北京,全国地产,19930524,
600657.SH,信达地产,20070320,4.8379,5.0341,5.0939,4.8123,4.8549,3.6911,146168.21,84992.613,0.1791999999999998,北京,全国地产,19930524,
600657.SH,信达地产,20070319,4.7867,4.8549,5.0085,4.7782,5.0256,-3.3966,201317.53,115658.118,-0.17070000000000007,北京,全国地产,19930524,
600657.SH,信达地产,20070316,5.128,5.0256,5.256,4.872,5.0341,-0.1688,261661.51,156668.97,-0.00849999999999973,北京,全国地产,19930524,
600657.SH,信达地产,20070315,4.8208,5.0341,5.0341,4.7867,4.7952,4.9821,206776.78,119107.527,0.23889999999999922,北京,全国地产,19930524,
600657.SH,信达地产,20070314,4.7696,4.7952,4.9403,4.5648,4.7782,0.3558,217783.5,120875.097,0.017000000000000348,北京,全国地产,19930524,
600657.SH,信达地产,20070313,4.8549,4.7782,4.9061,4.6672,4.8635,-1.7539,171792.29,96423.402,-0.08530000000000015,北京,全国地产,19930524,
600657.SH,信达地产,20070312,4.744,4.8635,4.9488,4.727,4.744,2.519,218906.71,123716.876,0.11950000000000038,北京,全国地产,19930524,
600657.SH,信达地产,20070309,4.6075,4.744,4.7696,4.5478,4.5392,4.5118,309402.3,171192.472,0.20479999999999965,北京,全国地产,19930524,
600657.SH,信达地产,20070308,4.3089,4.5392,4.5392,4.2491,4.3259,4.9308,232714.74,121511.043,0.21330000000000027,北京,全国地产,19930524,
600657.SH,信达地产,20070307,4.2321,4.3259,4.343,4.1809,4.2321,2.2164,161454.68,80547.256,0.09379999999999988,北京,全国地产,19930524,
600657.SH,信达地产,20070306,4.2491,4.2321,4.343,4.1638,4.3003,-1.5859,157349.79,78383.068,-0.06820000000000004,北京,全国地产,19930524,
600657.SH,信达地产,20070305,4.2662,4.3003,4.3686,4.1212,4.2833,0.3969,247692.22,123520.388,0.017000000000000348,北京,全国地产,19930524,
600657.SH,信达地产,20070302,4.2662,4.2833,4.3686,4.1126,4.3259,-0.9848,374688.52,182852.028,-0.04260000000000019,北京,全国地产,19930524,
600657.SH,信达地产,20070301,4.5904,4.3259,4.5904,4.2662,4.3686,-0.9774,614712.65,321066.294,-0.04269999999999996,北京,全国地产,19930524,
600657.SH,信达地产,20070228,4.2235,4.3686,4.3686,4.2235,4.1638,4.9186,70147.5,35864.381,0.20479999999999965,北京,全国地产,19930524,
600657.SH,信达地产,20070227,4.3089,4.1638,4.3089,4.1041,4.1041,1.4546,637418.6,318497.185,0.05970000000000031,北京,全国地产,19930524,
600657.SH,信达地产,20070226,4.1041,4.1041,4.1041,4.0017,3.9078,5.0233,110952.72,53226.672,0.19629999999999992,北京,全国地产,19930524,
600657.SH,信达地产,20070216,3.8055,3.9078,3.9078,3.6092,3.7201,5.0456,313987.44,143211.778,0.18769999999999998,北京,全国地产,19930524,
600657.SH,信达地产,20070215,3.7201,3.7201,3.7201,3.6263,3.541,5.0579,299291.37,130258.577,0.17910000000000004,北京,全国地产,19930524,
600657.SH,信达地产,20070214,3.541,3.541,3.541,3.541,3.3703,5.0648,50585.75,20993.086,0.17070000000000007,北京,全国地产,19930524,
600657.SH,信达地产,20070213,3.2423,3.3703,3.3703,3.2423,3.2423,3.9478,178782.78,69622.348,0.12799999999999967,北京,全国地产,19930524,
600657.SH,信达地产,20070212,3.2082,3.2423,3.302,3.1655,3.2082,1.0629,129220.89,49071.076,0.03410000000000002,北京,全国地产,19930524,
600657.SH,信达地产,20070209,3.2679,3.2082,3.3532,3.1997,3.2338,-0.7916,273207.99,105362.056,-0.025599999999999845,北京,全国地产,19930524,
600657.SH,信达地产,20070208,3.0887,3.2338,3.2338,3.0546,3.0802,4.9867,279847.4,104268.633,0.15359999999999996,北京,全国地产,19930524,
600657.SH,信达地产,20070207,3.0119,3.0802,3.1143,2.9437,2.9949,2.8482,154314.76,54451.549,0.08530000000000015,北京,全国地产,19930524,
600657.SH,信达地产,20070206,3.0034,2.9949,3.029,2.901,2.9863,0.288,87390.32,30435.303,0.008599999999999941,北京,全国地产,19930524,
600657.SH,信达地产,20070205,2.9181,2.9863,3.0461,2.884,2.9352,1.7409,120423.28,42227.694,0.05109999999999992,北京,全国地产,19930524,
600657.SH,信达地产,20070202,2.8328,2.9352,2.9522,2.8242,2.8328,3.6148,165330.02,56033.26,0.10239999999999982,北京,全国地产,19930524,
600657.SH,信达地产,20070201,2.8669,2.8328,2.901,2.7901,2.9352,-3.4887,196677.04,65307.007,-0.10239999999999982,北京,全国地产,19930524,
600657.SH,信达地产,20070131,3.0717,2.9352,3.1143,2.9352,3.0887,-4.9697,171468.27,60483.573,-0.15349999999999975,北京,全国地产,19930524,
600657.SH,信达地产,20070130,3.1314,3.0887,3.1485,2.9693,3.1143,-0.822,197737.71,70565.958,-0.02560000000000029,北京,全国地产,19930524,
600657.SH,信达地产,20070129,3.1058,3.1143,3.1741,3.0119,3.0802,1.1071,233866.55,84896.783,0.03410000000000002,北京,全国地产,19930524,
600657.SH,信达地产,20070126,3.0631,3.0802,3.157,2.9863,3.1399,-1.9013,355274.37,127212.698,-0.059699999999999864,北京,全国地产,19930524,
600657.SH,信达地产,20070125,3.1997,3.1399,3.2679,2.9693,3.1143,0.822,332670.63,126301.905,0.025599999999999845,北京,全国地产,19930524,
600657.SH,信达地产,20070124,3.0546,3.1143,3.1143,2.9949,2.9693,4.8833,228428.01,82837.756,0.14500000000000002,北京,全国地产,19930524,
600657.SH,信达地产,20070123,2.8925,2.9693,2.9693,2.8584,2.8242,5.1377,353878.72,121518.634,0.14510000000000023,北京,全国地产,19930524,
600657.SH,信达地产,20070122,2.7304,2.8242,2.8242,2.7133,2.6877,5.0787,371782.59,121261.367,0.13649999999999984,北京,全国地产,19930524,
600657.SH,信达地产,20070119,2.628,2.6877,2.7218,2.6109,2.628,2.2717,215486.98,67657.754,0.059699999999999864,北京,全国地产,19930524,
600657.SH,信达地产,20070118,2.6451,2.628,2.6451,2.5,2.628,0.0,168007.12,50798.942,0.0,北京,全国地产,19930524,
600657.SH,信达地产,20070117,2.7474,2.628,2.773,2.5939,2.6962,-2.5295,201755.63,63358.378,-0.06820000000000004,北京,全国地产,19930524,
600657.SH,信达地产,20070116,2.6962,2.6962,2.6962,2.6109,2.5683,4.9799,267812.5,83750.761,0.12790000000000035,北京,全国地产,19930524,
600657.SH,信达地产,20070112,2.7133,2.5683,2.7986,2.5597,2.6962,-4.7437,283701.83,88947.901,-0.12790000000000035,北京,全国地产,19930524,
600657.SH,信达地产,20070111,2.6451,2.6962,2.6962,2.6024,2.5683,4.9799,358066.81,112596.882,0.12790000000000035,北京,全国地产,19930524,
600657.SH,信达地产,20070110,2.4488,2.5683,2.5683,2.4403,2.4488,4.8799,219581.39,64400.429,0.11949999999999994,北京,全国地产,19930524,
600657.SH,信达地产,20070109,2.4744,2.4488,2.5171,2.4317,2.4403,0.3483,177674.18,51590.466,0.00849999999999973,北京,全国地产,19930524,
600657.SH,信达地产,20070108,2.3294,2.4403,2.4403,2.2782,2.3294,4.7609,143626.07,40027.925,0.1109,北京,全国地产,19930524,
600657.SH,信达地产,20070105,2.3208,2.3294,2.3464,2.2611,2.3038,1.1112,72559.24,19563.038,0.02560000000000029,北京,全国地产,19930524,
600657.SH,信达地产,20070104,2.3635,2.3038,2.372,2.2952,2.2611,1.8885,98067.08,26891.642,0.04269999999999996,北京,全国地产,19930524,
600657.SH,信达地产,20061229,2.2526,2.2611,2.2952,2.2184,2.2526,0.3773,93250.86,24612.847,0.00849999999999973,北京,全国地产,19930524,
600657.SH,信达地产,20061228,2.3635,2.2526,2.3891,2.2355,2.3549,-4.3441,112756.25,30242.151,-0.10230000000000006,北京,全国地产,19930524,
600657.SH,信达地产,20061227,2.372,2.3549,2.3891,2.3294,2.3891,-1.4315,88341.67,24327.544,-0.034199999999999786,北京,全国地产,19930524,
600657.SH,信达地产,20061226,2.4659,2.3891,2.4915,2.3635,2.4488,-2.4379,92938.2,26250.536,-0.059699999999999864,北京,全国地产,19930524,
600657.SH,信达地产,20061225,2.4317,2.4488,2.4744,2.4147,2.4317,0.7032,84220.44,24023.389,0.01709999999999967,北京,全国地产,19930524,
600657.SH,信达地产,20061222,2.4915,2.4317,2.5256,2.3976,2.5171,-3.3928,131826.38,37761.683,-0.08539999999999992,北京,全国地产,19930524,
600657.SH,信达地产,20061221,2.5256,2.5171,2.5853,2.4573,2.4659,2.0763,298015.31,89117.291,0.051200000000000134,北京,全国地产,19930524,
600657.SH,信达地产,20061219,2.3549,2.4659,2.4659,2.3549,2.3464,5.0929,206929.16,59325.869,0.11949999999999994,北京,全国地产,19930524,
600657.SH,信达地产,20061218,2.3379,2.3464,2.372,2.3208,2.3379,0.3636,95000.36,26064.357,0.008500000000000174,北京,全国地产,19930524,
600657.SH,信达地产,20061215,2.372,2.3379,2.3891,2.3208,2.3891,-2.1431,106158.25,29159.976,-0.051200000000000134,北京,全国地产,19930524,
600657.SH,信达地产,20061214,2.372,2.3891,2.4232,2.3294,2.372,0.7209,81185.64,22504.648,0.017100000000000115,北京,全国地产,19930524,
600657.SH,信达地产,20061213,2.4317,2.372,2.4317,2.3208,2.4317,-2.4551,111759.09,30990.195,-0.05970000000000031,北京,全国地产,19930524,
600657.SH,信达地产,20061212,2.4915,2.4317,2.5341,2.3891,2.4147,0.704,104164.09,29889.638,0.017000000000000348,北京,全国地产,19930524,
600657.SH,信达地产,20061208,2.5,2.4147,2.5171,2.4147,2.5427,-5.034,139393.16,40065.195,-0.1280000000000001,北京,全国地产,19930524,
600657.SH,信达地产,20061207,2.5427,2.5427,2.6024,2.5,2.5427,0.0,207625.91,62133.597,0.0,北京,全国地产,19930524,
600657.SH,信达地产,20061206,2.5256,2.5427,2.5939,2.4061,2.4829,2.4085,271705.23,80229.49,0.059800000000000075,北京,全国地产,19930524,
600657.SH,信达地产,20061205,2.4403,2.4829,2.5085,2.4232,2.4403,1.7457,177307.55,51237.247,0.04259999999999975,北京,全国地产,19930524,
600657.SH,信达地产,20061204,2.5085,2.4403,2.5085,2.3891,2.5171,-3.0511,295070.65,83272.741,-0.07679999999999998,北京,全国地产,19930524,
600657.SH,信达地产,20061201,2.4829,2.5171,2.6024,2.4744,2.4829,1.3774,138359.13,41109.194,0.03420000000000023,北京,全国地产,19930524,
600657.SH,信达地产,20061130,2.4317,2.4829,2.5171,2.4232,2.4659,0.6894,145035.46,41879.068,0.016999999999999904,北京,全国地产,19930524,
600657.SH,信达地产,20061129,2.5085,2.4659,2.6024,2.4147,2.4744,-0.3435,315711.59,93370.824,-0.008500000000000174,北京,全国地产,19930524,
600657.SH,信达地产,20061128,2.4317,2.4744,2.4744,2.3976,2.3549,5.0745,68688.54,19784.04,0.11949999999999994,北京,全国地产,19930524,
600657.SH,信达地产,20061127,2.227,2.3549,2.3549,2.2099,2.244,4.9421,80755.43,21895.569,0.1109,北京,全国地产,19930524,
600657.SH,信达地产,20061124,2.3379,2.244,2.372,2.244,2.3549,-4.7093,164265.09,44101.741,-0.1109,北京,全国地产,19930524,
600657.SH,信达地产,20061123,2.3891,2.3549,2.4488,2.3464,2.4232,-2.8186,152896.92,42946.418,-0.0682999999999998,北京,全国地产,19930524,
600657.SH,信达地产,20061122,2.3805,2.4232,2.4915,2.3123,2.372,2.1585,212874.42,60270.423,0.051200000000000134,北京,全国地产,19930524,
600657.SH,信达地产,20061121,2.3635,2.372,2.372,2.2184,2.2611,4.9047,371008.48,100890.575,0.1109,北京,全国地产,19930524,
600657.SH,信达地产,20061120,2.2611,2.2611,2.2611,2.2611,2.1502,5.1577,30157.57,7991.756,0.1109,北京,全国地产,19930524,
600657.SH,信达地产,20061117,2.1416,2.1502,2.1502,2.116,2.0478,5.0005,70658.2,17758.894,0.10239999999999982,北京,全国地产,19930524,
600657.SH,信达地产,20061116,1.9454,2.0478,2.0478,1.9283,1.9539,4.8058,84065.28,19949.818,0.0939000000000001,北京,全国地产,19930524,
600657.SH,信达地产,20061115,1.9454,1.9539,1.9795,1.9027,1.9539,0.0,72578.83,16510.455,0.0,北京,全国地产,19930524,
600657.SH,信达地产,20061114,1.9027,1.9539,1.9966,1.8515,1.9454,0.4369,161968.3,36038.075,0.008499999999999952,北京,全国地产,19930524,
600657.SH,信达地产,20061113,2.0307,1.9454,2.0392,1.9454,2.0478,-5.0005,78103.0,18033.218,-0.10240000000000005,北京,全国地产,19930524,
600657.SH,信达地产,20061110,2.1416,2.0478,2.1843,2.0307,2.1416,-4.3799,85175.67,20931.522,-0.09379999999999988,北京,全国地产,19930524,
600657.SH,信达地产,20061109,2.0734,2.1416,2.1502,2.0648,2.099,2.0295,74164.57,18432.576,0.04259999999999975,北京,全国地产,19930524,
600657.SH,信达地产,20061108,2.0478,2.099,2.1246,1.9966,2.0563,2.0765,94721.65,23030.765,0.042700000000000404,北京,全国地产,19930524,
600657.SH,信达地产,20061107,2.1331,2.0563,2.1502,2.0563,2.1672,-5.1172,148076.8,36043.356,-0.1109,北京,全国地产,19930524,
600657.SH,信达地产,20061106,2.2184,2.1672,2.2526,2.1416,2.2526,-3.7912,116555.34,29864.024,-0.08540000000000036,北京,全国地产,19930524,
600657.SH,信达地产,20061103,2.2184,2.2526,2.3038,2.2184,2.2099,1.9322,94693.17,25215.238,0.04269999999999996,北京,全国地产,19930524,
600657.SH,信达地产,20061101,2.2526,2.2099,2.2782,2.2014,2.2782,-2.998,106828.99,27829.278,-0.0682999999999998,北京,全国地产,19930524,
600657.SH,信达地产,20061031,2.3294,2.2782,2.372,2.2014,2.3208,-1.8356,114663.52,30451.952,-0.04260000000000019,北京,全国地产,19930524,
600657.SH,信达地产,20061030,2.4232,2.3208,2.4488,2.3208,2.4403,-4.8969,107350.15,29487.715,-0.11949999999999994,北京,全国地产,19930524,
600657.SH,信达地产,20061027,2.4061,2.4403,2.5171,2.2782,2.3976,1.7809,126140.93,36541.146,0.04269999999999996,北京,全国地产,19930524,
600657.SH,信达地产,20061026,2.4659,2.3976,2.4915,2.3891,2.4659,-2.7698,60707.7,17338.615,-0.0682999999999998,北京,全国地产,19930524,
600657.SH,信达地产,20061025,2.4232,2.4659,2.5,2.3549,2.4232,1.7621,129433.85,37016.785,0.04269999999999996,北京,全国地产,19930524,
600657.SH,信达地产,20061024,2.3464,2.4232,2.4488,2.3294,2.4488,-1.0454,140798.22,39253.771,-0.025599999999999845,北京,全国地产,19930524,
600657.SH,信达地产,20061023,2.5768,2.4488,2.5853,2.4488,2.5768,-4.9674,126293.44,36649.052,-0.1280000000000001,北京,全国地产,19930524,
600657.SH,信达地产,20061020,2.5768,2.5768,2.6024,2.5683,2.5768,0.0,58725.55,17759.58,0.0,北京,全国地产,19930524,
600657.SH,信达地产,20061019,2.6195,2.5768,2.6195,2.5768,2.6109,-1.3061,74447.04,22585.43,-0.03410000000000002,北京,全国地产,19930524,
600657.SH,信达地产,20061018,2.5939,2.6109,2.6451,2.5768,2.6024,0.3266,52993.67,16166.31,0.008500000000000174,北京,全国地产,19930524,
600657.SH,信达地产,20061017,2.6024,2.6024,2.6621,2.5683,2.6024,0.0,66713.56,20382.227,0.0,北京,全国地产,19930524,
600657.SH,信达地产,20061016,2.6536,2.6024,2.6706,2.5853,2.6536,-1.9295,99808.54,30475.133,-0.051200000000000134,北京,全国地产,19930524,
600657.SH,信达地产,20061013,2.6451,2.6536,2.7048,2.6365,2.6621,-0.3193,74208.87,23117.962,-0.008500000000000174,北京,全国地产,19930524,
600657.SH,信达地产,20061012,2.7816,2.6621,2.8072,2.6536,2.7474,-3.1048,167501.16,53405.23,-0.08529999999999971,北京,全国地产,19930524,
600657.SH,信达地产,20061011,2.628,2.7474,2.7474,2.628,2.6195,4.8826,295095.44,94424.407,0.1278999999999999,北京,全国地产,19930524,
600657.SH,信达地产,20061010,2.628,2.6195,2.628,2.5683,2.628,-0.3234,84590.85,25702.17,-0.008500000000000174,北京,全国地产,19930524,
600657.SH,信达地产,20061009,2.6365,2.628,2.6536,2.6109,2.6195,0.3245,72263.03,22206.171,0.008500000000000174,北京,全国地产,19930524,
600657.SH,信达地产,20060929,2.6024,2.6195,2.6792,2.5683,2.5853,1.3229,104959.32,32101.886,0.034199999999999786,北京,全国地产,19930524,
600657.SH,信达地产,20060928,2.5683,2.5853,2.6024,2.5341,2.5853,0.0,81792.89,24601.449,0.0,北京,全国地产,19930524,
600657.SH,信达地产,20060927,2.6109,2.5853,2.6365,2.5683,2.6109,-0.9805,70221.66,21286.939,-0.025599999999999845,北京,全国地产,19930524,
600657.SH,信达地产,20060926,2.5853,2.6109,2.6877,2.5768,2.5939,0.6554,84684.53,26073.51,0.016999999999999904,北京,全国地产,19930524,
600657.SH,信达地产,20060925,2.5768,2.5939,2.6195,2.5512,2.6024,-0.3266,87721.2,26533.796,-0.00849999999999973,北京,全国地产,19930524,
600657.SH,信达地产,20060922,2.6451,2.6024,2.6621,2.5853,2.6536,-1.9295,105201.66,32204.51,-0.051200000000000134,北京,全国地产,19930524,
600657.SH,信达地产,20060921,2.6877,2.6536,2.7389,2.6109,2.7048,-1.8929,121957.63,38170.972,-0.051200000000000134,北京,全国地产,19930524,
600657.SH,信达地产,20060920,2.7304,2.7048,2.773,2.6877,2.7389,-1.245,100025.42,31943.362,-0.03410000000000002,北京,全国地产,19930524,
600657.SH,信达地产,20060919,2.7474,2.7389,2.8413,2.6962,2.7133,0.9435,225535.57,73147.156,0.02560000000000029,北京,全国地产,19930524,
600657.SH,信达地产,20060918,2.5768,2.7133,2.7133,2.5597,2.5853,4.9511,232565.12,73047.909,0.12799999999999967,北京,全国地产,19930524,
600657.SH,信达地产,20060915,2.6109,2.5853,2.628,2.5597,2.6365,-1.942,115105.05,35000.962,-0.05119999999999969,北京,全国地产,19930524,
600657.SH,信达地产,20060914,2.6195,2.6365,2.6792,2.5171,2.6536,-0.6444,285308.74,86363.538,-0.017100000000000115,北京,全国地产,19930524,
600657.SH,信达地产,20060913,2.6877,2.6536,2.773,2.6365,2.7218,-2.5057,179772.95,56753.469,-0.06820000000000004,北京,全国地产,19930524,
600657.SH,信达地产,20060912,2.884,2.7218,2.8925,2.7133,2.8498,-4.4915,205869.64,67384.614,-0.1280000000000001,北京,全国地产,19930524,
600657.SH,信达地产,20060911,2.8157,2.8498,2.9266,2.756,2.901,-1.7649,273349.37,90405.569,-0.05119999999999969,北京,全国地产,19930524,
600657.SH,信达地产,20060908,2.6621,2.901,2.9352,2.6621,2.7986,3.659,517080.62,167671.445,0.10239999999999982,北京,全国地产,19930524,
600657.SH,信达地产,20060907,2.8584,2.7986,3.0034,2.7986,2.9437,-4.9292,245095.62,81933.682,-0.14510000000000023,北京,全国地产,19930524,
600657.SH,信达地产,20060905,3.1399,2.9437,3.1485,2.901,2.9949,-1.7096,512908.6,183741.798,-0.05119999999999969,北京,全国地产,19930524,
600657.SH,信达地产,20060904,2.9863,2.9949,2.9949,2.8157,2.8498,5.0916,146851.55,51329.24,0.14509999999999978,北京,全国地产,19930524,
600657.SH,信达地产,20060831,2.756,2.8498,2.8498,2.7304,2.7133,5.0308,234146.01,77769.962,0.1365000000000003,北京,全国地产,19930524,
600657.SH,信达地产,20060830,2.6195,2.7133,2.7133,2.5341,2.5853,4.9511,366988.08,114504.068,0.12799999999999967,北京,全国地产,19930524,
600657.SH,信达地产,20060829,2.4061,2.5853,2.5853,2.3464,2.4659,4.842,425824.39,123714.657,0.11940000000000017,北京,全国地产,19930524,
600657.SH,信达地产,20060828,2.4915,2.4659,2.4915,2.2782,2.372,3.9587,823424.74,236063.674,0.0939000000000001,北京,全国地产,19930524,
600657.SH,信达地产,20060825,2.372,2.372,2.372,2.372,2.2611,4.9047,21442.33,5960.968,0.1109,北京,全国地产,19930524,
600657.SH,信达地产,20060824,2.2611,2.2611,2.2611,2.2611,2.1502,5.1577,11859.47,3142.76,0.1109,北京,全国地产,19930524,
600657.SH,信达地产,20060823,2.1502,2.1502,2.1502,2.1502,2.0478,5.0005,18455.58,4650.806,0.10239999999999982,北京,全国地产,19930524,
600657.SH,信达地产,20060822,2.0478,2.0478,2.0478,1.971,1.9539,4.8058,252813.99,60551.003,0.0939000000000001,北京,全国地产,19930524,
600657.SH,信达地产,20060821,1.9539,1.9539,2.099,1.9113,1.9966,-2.1386,288319.15,68239.593,-0.04269999999999996,北京,全国地产,19930524,
600657.SH,信达地产,20060818,1.9454,1.9966,1.9966,1.9027,1.9027,4.9351,110403.59,25616.326,0.09389999999999987,北京,全国地产,19930524,
600657.SH,信达地产,20060817,1.7918,1.9027,1.9027,1.7747,1.8089,5.1855,183983.94,40416.68,0.0938000000000001,北京,全国地产,19930524,
600657.SH,信达地产,20060816,1.7406,1.8089,1.8089,1.7235,1.7235,4.955,170537.46,36071.827,0.08539999999999992,北京,全国地产,19930524,
600657.SH,信达地产,20060815,1.7065,1.7235,1.7406,1.6724,1.7065,0.9962,56738.95,11367.183,0.017000000000000126,北京,全国地产,19930524,
600657.SH,信达地产,20060814,1.6638,1.7065,1.7406,1.6638,1.6894,1.0122,90209.37,17966.696,0.017099999999999893,北京,全国地产,19930524,
600657.SH,信达地产,20060811,1.7833,1.6894,1.7918,1.6724,1.7065,-1.0021,207525.58,42361.686,-0.017099999999999893,北京,全国地产,19930524,
600657.SH,信达地产,20060810,1.6553,1.7065,1.7065,1.6297,1.6212,5.2615,79248.32,15671.028,0.08529999999999993,北京,全国地产,19930524,
600657.SH,信达地产,20060809,1.5444,1.6212,1.6212,1.5444,1.5444,4.9728,140240.61,26383.988,0.07679999999999998,北京,全国地产,19930524,
600657.SH,信达地产,20060808,1.5188,1.5444,1.5785,1.5188,1.5956,-3.2088,249346.08,44650.39,-0.05119999999999991,北京,全国地产,19930524,
600657.SH,信达地产,20060807,1.6468,1.5956,1.6724,1.5956,1.6809,-5.0747,39518.0,7520.205,-0.08530000000000015,北京,全国地产,19930524,
600657.SH,信达地产,20060804,1.7321,1.6809,1.7662,1.6297,2.2611,-25.6601,338695.94,68026.793,-0.5801999999999998,北京,全国地产,19930524,
600657.SH,信达地产,20060713,1.7553,1.7553,1.7553,1.7553,1.67,5.1078,104723.6,45240.595,0.08530000000000015,北京,全国地产,19930524,
600657.SH,信达地产,20060712,1.67,1.67,1.67,1.67,1.5887,5.1174,1183.14,486.271,0.08129999999999993,北京,全国地产,19930524,
600657.SH,信达地产,20060711,1.5887,1.5887,1.5887,1.5887,1.5115,5.1075,868.06,339.411,0.07719999999999994,北京,全国地产,19930524,
600657.SH,信达地产,20060630,1.4872,1.5115,1.5359,1.4831,1.4831,1.9149,28292.24,10517.831,0.02839999999999998,北京,全国地产,19930524,
600657.SH,信达地产,20060629,1.4912,1.4831,1.4953,1.4587,1.4831,0.0,18621.07,6782.964,0.0,北京,全国地产,19930524,
600657.SH,信达地产,20060628,1.4831,1.4831,1.5359,1.4628,1.4628,1.3877,33916.41,12582.638,0.020299999999999985,北京,全国地产,19930524,
600657.SH,信达地产,20060627,1.3937,1.4628,1.4628,1.3856,1.3937,4.958,26350.31,9237.901,0.06910000000000016,北京,全国地产,19930524,
600657.SH,信达地产,20060626,1.4303,1.3937,1.475,1.3693,1.4303,-2.5589,29811.89,10384.822,-0.036599999999999966,北京,全国地产,19930524,
600657.SH,信达地产,20060623,1.4953,1.4303,1.4953,1.414,1.4303,0.0,24577.87,8697.658,0.0,北京,全国地产,19930524,
600657.SH,信达地产,20060622,1.3856,1.4303,1.5237,1.3856,1.4587,-1.9469,51272.91,18529.788,-0.028400000000000203,北京,全国地产,19930524,
600657.SH,信达地产,20060621,1.4018,1.4587,1.4587,1.3896,1.3896,4.9727,86703.37,30790.748,0.06910000000000016,北京,全国地产,19930524,
600657.SH,信达地产,20060620,1.3206,1.3896,1.3896,1.3124,1.3246,4.9071,48152.47,16359.999,0.06499999999999995,北京,全国地产,19930524,
600657.SH,信达地产,20060619,1.2677,1.3246,1.3246,1.2393,1.2596,5.1604,54261.89,17570.846,0.06499999999999995,北京,全国地产,19930524,
600657.SH,信达地产,20060616,1.2556,1.2596,1.284,1.2434,1.2474,0.978,30258.61,9421.122,0.012199999999999989,北京,全国地产,19930524,
600657.SH,信达地产,20060615,1.219,1.2474,1.2515,1.219,1.2149,2.6751,23860.27,7271.613,0.03249999999999997,北京,全国地产,19930524,
600657.SH,信达地产,20060614,1.2515,1.2149,1.2637,1.1905,1.2515,-2.9245,43828.77,13132.782,-0.036599999999999966,北京,全国地产,19930524,
600657.SH,信达地产,20060613,1.2962,1.2515,1.3165,1.2312,1.2962,-3.4485,56817.36,17594.145,-0.04469999999999996,北京,全国地产,19930524,
600657.SH,信达地产,20060612,1.2515,1.2962,1.3246,1.2393,1.2596,2.9057,53608.28,17176.278,0.036599999999999966,北京,全国地产,19930524,
600657.SH,信达地产,20060609,1.2149,1.2596,1.2759,1.2149,1.2149,3.6793,88572.94,27625.862,0.04469999999999996,北京,全国地产,19930524,
600657.SH,信达地产,20060608,1.2312,1.2149,1.2515,1.1987,1.2596,-3.5487,88777.84,26390.042,-0.04469999999999996,北京,全国地产,19930524,
600657.SH,信达地产,20060607,1.3043,1.2596,1.3653,1.2596,1.3246,-4.9071,99296.41,31997.865,-0.06499999999999995,北京,全国地产,19930524,
600657.SH,信达地产,20060606,1.414,1.3246,1.414,1.2759,1.345,-1.5167,122399.95,40292.959,-0.020399999999999974,北京,全国地产,19930524,
600657.SH,信达地产,20060605,1.345,1.345,1.345,1.3003,1.2799,5.0863,83634.56,27600.194,0.06509999999999994,北京,全国地产,19930524,
600657.SH,信达地产,20060602,1.2799,1.2799,1.2799,1.2799,1.219,4.9959,7469.82,2352.993,0.060899999999999954,北京,全国地产,19930524,
600657.SH,信达地产,20060601,1.219,1.219,1.219,1.2068,1.1621,4.8963,92105.88,27630.592,0.05690000000000017,北京,全国地产,19930524,
600657.SH,信达地产,20060531,1.1621,1.1621,1.1621,1.1621,1.1052,5.1484,3222.51,921.638,0.05689999999999995,北京,全国地产,19930524,
600657.SH,信达地产,20060529,1.1052,1.1052,1.1052,1.1052,1.0524,5.0171,4669.26,1270.039,0.05279999999999996,北京,全国地产,19930524,
600657.SH,信达地产,20060526,1.0524,1.0524,1.0524,1.0524,1.0036,4.8625,3714.49,962.053,0.048799999999999955,北京,全国地产,19930524,
600657.SH,信达地产,20060525,0.9549,1.0036,1.0036,0.9467,0.9549,5.1,76895.47,18820.911,0.04870000000000008,北京,全国地产,19930524,
600657.SH,信达地产,20060524,0.9142,0.9549,0.9549,0.898,0.9102,4.911,118085.34,27591.938,0.04469999999999996,北京,全国地产,19930524,
600657.SH,信达地产,20060523,0.9224,0.9102,0.9549,0.9061,0.9224,-1.3226,57712.69,13186.638,-0.012199999999999989,北京,全国地产,19930524,
600657.SH,信达地产,20060522,0.8858,0.9224,0.9264,0.8858,0.8817,4.6161,58179.36,13131.054,0.04069999999999996,北京,全国地产,19930524,
600657.SH,信达地产,20060519,0.8695,0.8817,0.9102,0.8655,0.8655,1.8718,56776.5,12398.628,0.016199999999999992,北京,全国地产,19930524,
600657.SH,信达地产,20060518,0.8411,0.8655,0.8655,0.8248,0.8411,2.901,61828.49,12929.826,0.02440000000000009,北京,全国地产,19930524,
600657.SH,信达地产,20060517,0.8248,0.8411,0.8492,0.8248,0.837,0.4898,37523.13,7738.062,0.0040999999999999925,北京,全国地产,19930524,
600657.SH,信达地产,20060516,0.8736,0.837,0.8736,0.833,0.8777,-4.6371,68581.18,14300.237,-0.04070000000000007,北京,全国地产,19930524,
600657.SH,信达地产,20060515,0.8452,0.8777,0.8899,0.833,0.8492,3.3561,94298.7,20130.804,0.02850000000000008,北京,全国地产,19930524,
600657.SH,信达地产,20060512,0.837,0.8492,0.8574,0.8289,0.8452,0.4733,61184.73,12704.521,0.0040000000000000036,北京,全国地产,19930524,
600657.SH,信达地产,20060511,0.8208,0.8452,0.8614,0.8086,0.8208,2.9727,81398.82,16961.228,0.024399999999999977,北京,全国地产,19930524,
600657.SH,信达地产,20060510,0.8005,0.8208,0.8248,0.7842,0.8005,2.5359,46703.43,9341.215,0.020299999999999985,北京,全国地产,19930524,
600657.SH,信达地产,20060509,0.7883,0.8005,0.8167,0.772,0.7842,2.0786,58968.83,11540.642,0.01629999999999998,北京,全国地产,19930524,
600657.SH,信达地产,20060508,0.7314,0.7842,0.7842,0.7314,0.7476,4.8957,43892.83,8398.426,0.036599999999999966,北京,全国地产,19930524,
600657.SH,信达地产,20060428,0.7476,0.7476,0.7842,0.7476,0.7883,-5.163,85724.38,15849.684,-0.04069999999999996,北京,全国地产,19930524,
600657.SH,信达地产,20060426,0.7802,0.7883,0.7923,0.7639,0.7842,0.5228,43333.81,8262.135,0.0040999999999999925,北京,全国地产,19930524,
600657.SH,信达地产,20060425,0.8045,0.7842,0.8086,0.7639,0.8086,-3.0176,37064.84,7138.91,-0.024399999999999977,北京,全国地产,19930524,
600657.SH,信达地产,20060424,0.8005,0.8086,0.8208,0.7558,0.8086,0.0,48195.42,9404.966,0.0,北京,全国地产,19930524,
600657.SH,信达地产,20060421,0.8777,0.8086,0.8777,0.8045,0.8817,-8.2908,75161.65,15327.354,-0.07310000000000005,北京,全国地产,19930524,
600657.SH,信达地产,20060420,0.9508,0.8817,0.9508,0.8777,0.9467,-6.866,54101.1,11985.885,-0.06499999999999995,北京,全国地产,19930524,
600657.SH,信达地产,20060419,0.9549,0.9467,0.963,0.9346,0.9467,0.0,27210.52,6344.587,0.0,北京,全国地产,19930524,
600657.SH,信达地产,20060418,0.9833,0.9467,0.9833,0.9467,0.9793,-3.3289,22481.48,5347.933,-0.03259999999999996,北京,全国地产,19930524,
600657.SH,信达地产,20060417,0.9671,0.9793,0.9833,0.9589,0.9711,0.8444,22782.13,5444.982,0.008199999999999985,北京,全国地产,19930524,
600657.SH,信达地产,20060414,0.9589,0.9711,0.9752,0.9467,0.9671,0.4136,22757.7,5376.384,0.0040000000000000036,北京,全国地产,19930524,
600657.SH,信达地产,20060413,0.9874,0.9671,1.0158,0.9671,0.9914,-2.4511,40416.84,9879.356,-0.02429999999999999,北京,全国地产,19930524,
600657.SH,信达地产,20060412,0.9793,0.9914,1.0077,0.9711,0.9833,0.8238,32173.9,7869.734,0.008099999999999996,北京,全国地产,19930524,
600657.SH,信达地产,20060411,0.9914,0.9833,0.9996,0.963,0.9914,-0.817,34614.25,8339.156,-0.008099999999999996,北京,全国地产,19930524,
600657.SH,信达地产,20060410,0.9549,0.9914,0.9914,0.9467,0.9589,3.3893,49210.75,11800.063,0.03249999999999997,北京,全国地产,19930524,
600657.SH,信达地产,20060407,0.9427,0.9589,0.9711,0.9346,0.9427,1.7185,38351.3,9026.353,0.016199999999999992,北京,全国地产,19930524,
600657.SH,信达地产,20060406,0.963,0.9427,0.963,0.9346,0.963,-2.108,37548.08,8775.993,-0.020299999999999985,北京,全国地产,19930524,
600657.SH,信达地产,20060405,0.9589,0.963,0.9671,0.9467,0.9589,0.4276,21985.02,5190.693,0.0040999999999999925,北京,全国地产,19930524,
600657.SH,信达地产,20060404,0.9589,0.9589,0.9589,0.9346,0.9589,0.0,27912.0,6496.728,0.0,北京,全国地产,19930524,
600657.SH,信达地产,20060403,0.9467,0.9589,0.9589,0.9386,0.9467,1.2887,18483.6,4319.77,0.012199999999999989,北京,全国地产,19930524,
600657.SH,信达地产,20060331,0.9427,0.9467,0.9549,0.9386,0.9467,0.0,12946.23,3010.362,0.0,北京,全国地产,19930524,
600657.SH,信达地产,20060330,0.9671,0.9467,0.9874,0.9467,0.9752,-2.9225,23628.12,5608.345,-0.02849999999999997,北京,全国地产,19930524,
600657.SH,信达地产,20060329,0.9793,0.9752,1.0036,0.9589,0.9793,-0.4187,26430.39,6367.541,-0.0040999999999999925,北京,全国地产,19930524,
600657.SH,信达地产,20060327,0.9793,0.9793,0.9874,0.9589,0.9914,-1.2205,19184.22,4578.578,-0.0121,北京,全国地产,19930524,
600657.SH,信达地产,20060324,1.0118,0.9914,1.0321,0.9874,1.0036,-1.2156,56841.32,14182.653,-0.0122000000000001,北京,全国地产,19930524,
600657.SH,信达地产,20060323,0.9996,1.0036,1.0158,0.9914,1.0118,-0.8104,38766.84,9592.976,-0.008199999999999985,北京,全国地产,19930524,
600657.SH,信达地产,20060322,0.9589,1.0118,1.0158,0.9549,0.963,5.0675,43970.74,10637.176,0.048800000000000066,北京,全国地产,19930524,
600657.SH,信达地产,20060321,0.9508,0.963,0.9671,0.9386,0.9508,1.2831,20089.51,4718.991,0.012199999999999989,北京,全国地产,19930524,
600657.SH,信达地产,20060320,0.9427,0.9508,0.9549,0.9224,0.9549,-0.4294,19067.92,4401.919,-0.0040999999999999925,北京,全国地产,19930524,
600657.SH,信达地产,20060317,0.9589,0.9549,0.9711,0.9467,0.9467,0.8662,18245.6,4312.933,0.008199999999999985,北京,全国地产,19930524,
600657.SH,信达地产,20060316,0.9589,0.9467,0.9589,0.9386,0.9589,-1.2723,8079.18,1881.842,-0.012199999999999989,北京,全国地产,19930524,
600657.SH,信达地产,20060315,0.9427,0.9589,0.9589,0.9346,0.9427,1.7185,14483.47,3375.966,0.016199999999999992,北京,全国地产,19930524,
600657.SH,信达地产,20060314,0.9427,0.9427,0.9467,0.9264,0.9427,0.0,13720.25,3160.021,0.0,北京,全国地产,19930524,
600657.SH,信达地产,20060313,0.9386,0.9427,0.9589,0.9346,0.9467,-0.4225,15997.41,3709.274,-0.0040000000000000036,北京,全国地产,19930524,
600657.SH,信达地产,20060310,0.9711,0.9467,0.9914,0.9427,0.9874,-4.1219,17994.39,4246.418,-0.04070000000000007,北京,全国地产,19930524,
600657.SH,信达地产,20060308,0.9671,0.9874,0.9955,0.9589,0.9711,1.6785,17191.35,4147.052,0.016300000000000092,北京,全国地产,19930524,
600657.SH,信达地产,20060307,1.0158,0.9711,1.0158,0.9671,1.0199,-4.7848,21457.0,5201.761,-0.048800000000000066,北京,全国地产,19930524,
600657.SH,信达地产,20060306,1.0199,1.0199,1.0321,1.0036,1.0158,0.4036,13881.14,3486.063,0.0040999999999999925,北京,全国地产,19930524,
600657.SH,信达地产,20060303,1.0077,1.0158,1.024,0.9955,1.0158,0.0,24071.29,5981.372,0.0,北京,全国地产,19930524,
600657.SH,信达地产,20060302,1.0646,1.0158,1.0646,1.0036,1.0646,-4.5839,35451.49,9047.049,-0.048799999999999955,北京,全国地产,19930524,
600657.SH,信达地产,20060301,1.0808,1.0646,1.089,1.0565,1.0808,-1.4989,33928.86,8928.447,-0.016199999999999992,北京,全国地产,19930524,
600657.SH,信达地产,20060228,1.0646,1.0808,1.0849,1.0565,1.0565,2.3,74342.1,19560.572,0.02429999999999999,北京,全国地产,19930524,
600657.SH,信达地产,20060227,1.0361,1.0565,1.0605,1.0199,1.0402,1.567,36815.15,9479.011,0.01629999999999998,北京,全国地产,19930524,
600657.SH,信达地产,20060224,1.0524,1.0402,1.0768,1.024,1.0199,1.9904,28383.76,7264.154,0.020299999999999985,北京,全国地产,19930524,
600657.SH,信达地产,20060223,1.0077,1.0199,1.0199,0.9955,1.0077,1.2107,18083.52,4483.193,0.012199999999999989,北京,全国地产,19930524,
600657.SH,信达地产,20060222,1.0199,1.0077,1.0402,1.0077,1.028,-1.9747,23409.0,5884.002,-0.020299999999999985,北京,全国地产,19930524,
600657.SH,信达地产,20060221,0.9874,1.028,1.0321,0.9752,0.9874,4.1118,31056.72,7725.756,0.04059999999999997,北京,全国地产,19930524,
600657.SH,信达地产,20060220,0.9996,0.9874,1.0118,0.9793,0.9955,-0.8137,22622.91,5542.902,-0.008099999999999996,北京,全国地产,19930524,
600657.SH,信达地产,20060217,1.028,0.9955,1.0321,0.9914,1.0321,-3.5462,30723.34,7652.864,-0.036599999999999966,北京,全国地产,19930524,
600657.SH,信达地产,20060216,1.0565,1.0321,1.0565,1.028,1.0524,-1.9289,37523.75,9644.44,-0.020299999999999985,北京,全国地产,19930524,
600657.SH,信达地产,20060215,1.0768,1.0524,1.0808,1.0443,1.0686,-1.516,28468.41,7396.027,-0.016199999999999992,北京,全国地产,19930524,
600657.SH,信达地产,20060214,1.0565,1.0686,1.089,1.0443,1.0524,1.5393,33165.12,8754.416,0.016199999999999992,北京,全国地产,19930524,
600657.SH,信达地产,20060213,1.0605,1.0524,1.0727,1.0402,1.0727,-1.8924,30694.64,7961.239,-0.020299999999999985,北京,全国地产,19930524,
600657.SH,信达地产,20060210,1.0727,1.0727,1.0849,1.0361,1.0768,-0.3808,39761.05,10420.472,-0.0040999999999999925,北京,全国地产,19930524,
600657.SH,信达地产,20060209,1.0361,1.0768,1.1093,1.0199,1.0361,3.9282,87659.95,23212.37,0.04069999999999996,北京,全国地产,19930524,
600657.SH,信达地产,20060208,1.0361,1.0361,1.0402,1.0118,1.0361,0.0,38942.77,9791.755,0.0,北京,全国地产,19930524,
600657.SH,信达地产,20060207,1.0605,1.0361,1.1093,1.0118,1.0077,2.8183,76030.5,19655.158,0.02839999999999998,北京,全国地产,19930524,
600657.SH,信达地产,20060206,0.9955,1.0077,1.0158,0.9467,0.9711,3.7689,39260.87,9498.353,0.03660000000000008,北京,全国地产,19930524,
600657.SH,信达地产,20060125,1.0036,0.9711,1.0077,0.9549,1.0036,-3.2383,43710.54,10518.233,-0.032500000000000084,北京,全国地产,19930524,
600657.SH,信达地产,20060124,1.0361,1.0036,1.0361,0.9996,1.0402,-3.5186,54821.77,13690.872,-0.036599999999999966,北京,全国地产,19930524,
600657.SH,信达地产,20060123,0.9996,1.0402,1.0524,0.9914,0.9874,5.3474,157548.07,39373.665,0.05279999999999996,北京,全国地产,19930524,
600657.SH,信达地产,20060120,0.9508,0.9874,0.9996,0.9346,0.9671,2.0991,115168.89,27594.714,0.020300000000000096,北京,全国地产,19930524,
600657.SH,信达地产,20060119,0.9386,0.9671,0.9752,0.8939,0.9752,-0.8306,96928.49,22269.053,-0.008099999999999996,北京,全国地产,19930524,
600657.SH,信达地产,20060118,0.9386,0.9752,0.9752,0.9346,0.9386,3.8994,33488.8,7923.99,0.036599999999999966,北京,全国地产,19930524,
600657.SH,信达地产,20060117,0.9346,0.9386,0.9508,0.9305,0.9427,-0.4349,17567.34,4065.768,-0.0040999999999999925,北京,全国地产,19930524,
600657.SH,信达地产,20060116,0.9711,0.9427,0.9793,0.9346,0.9711,-2.9245,19781.7,4682.857,-0.02839999999999998,北京,全国地产,19930524,
600657.SH,信达地产,20060113,0.9914,0.9711,0.9996,0.9589,0.9874,-1.6508,36700.23,8805.422,-0.016300000000000092,北京,全国地产,19930524,
600657.SH,信达地产,20060112,0.9671,0.9874,0.9914,0.9549,0.9752,1.251,60388.17,14462.519,0.0122000000000001,北京,全国地产,19930524,
600657.SH,信达地产,20060111,0.9305,0.9752,1.0077,0.9142,0.9305,4.8039,92806.65,22015.434,0.04469999999999996,北京,全国地产,19930524,
600657.SH,信达地产,20060110,0.9386,0.9305,0.9427,0.9142,0.9346,-0.4387,18100.93,4115.076,-0.0040999999999999925,北京,全国地产,19930524,
600657.SH,信达地产,20060109,0.9264,0.9346,0.9386,0.9183,0.9183,1.775,25983.76,5946.369,0.01629999999999998,北京,全国地产,19930524,
600657.SH,信达地产,20060106,0.9183,0.9183,0.9305,0.9021,0.9183,0.0,27848.91,6293.367,0.0,北京,全国地产,19930524,
600657.SH,信达地产,20060105,0.9061,0.9183,0.9224,0.8858,0.9021,1.7958,29096.43,6462.926,0.016199999999999992,北京,全国地产,19930524,
600657.SH,信达地产,20060104,0.8939,0.9021,0.9102,0.8817,0.8939,0.9173,17676.3,3910.449,0.008199999999999985,北京,全国地产,19930524,
600657.SH,信达地产,20051230,0.9142,0.8939,0.9142,0.8817,0.9142,-2.2205,22738.2,5027.498,-0.020299999999999985,北京,全国地产,19930524,
600657.SH,信达地产,20051229,0.9224,0.9142,0.9224,0.9061,0.9224,-0.889,18401.2,4138.256,-0.008199999999999985,北京,全国地产,19930524,
600657.SH,信达地产,20051228,0.9183,0.9224,0.9264,0.9102,0.9183,0.4465,10737.8,2429.088,0.0040999999999999925,北京,全国地产,19930524,
600657.SH,信达地产,20051227,0.9183,0.9183,0.9224,0.9021,0.9183,0.0,22783.6,5120.348,0.0,北京,全国地产,19930524,
600657.SH,信达地产,20051226,0.9061,0.9183,0.9264,0.9061,0.9102,0.8899,13547.94,3056.079,0.008099999999999996,北京,全国地产,19930524,
600657.SH,信达地产,20051223,0.9021,0.9102,0.9183,0.898,0.9061,0.4525,15441.54,3456.041,0.0040999999999999925,北京,全国地产,19930524,
600657.SH,信达地产,20051222,0.8899,0.9061,0.9102,0.8899,0.898,0.902,11018.11,2453.863,0.008099999999999996,北京,全国地产,19930524,
600657.SH,信达地产,20051221,0.9142,0.898,0.9183,0.8899,0.9183,-2.2106,14217.66,3157.396,-0.020299999999999985,北京,全国地产,19930524,
600657.SH,信达地产,20051220,0.9061,0.9183,0.9183,0.898,0.9102,0.8899,8013.64,1796.318,0.008099999999999996,北京,全国地产,19930524,
600657.SH,信达地产,20051219,0.9224,0.9102,0.9224,0.9021,0.9224,-1.3226,13166.46,2948.478,-0.012199999999999989,北京,全国地产,19930524,
600657.SH,信达地产,20051216,0.9183,0.9224,0.9305,0.9142,0.9183,0.4465,10013.68,2269.778,0.0040999999999999925,北京,全国地产,19930524,
600657.SH,信达地产,20051215,0.9386,0.9183,0.9427,0.9183,0.9427,-2.5883,17815.38,4084.609,-0.024399999999999977,北京,全国地产,19930524,
600657.SH,信达地产,20051214,0.9305,0.9427,0.9508,0.9142,0.9264,1.7595,22200.39,5101.446,0.01629999999999998,北京,全国地产,19930524,
600657.SH,信达地产,20051213,0.9346,0.9264,0.9346,0.9102,0.9305,-0.4406,9948.64,2247.215,-0.0040999999999999925,北京,全国地产,19930524,
600657.SH,信达地产,20051212,0.9183,0.9305,0.9386,0.9183,0.9183,1.3285,12817.31,2930.507,0.012199999999999989,北京,全国地产,19930524,
600657.SH,信达地产,20051209,0.9021,0.9183,0.9264,0.898,0.9021,1.7958,13380.83,3014.032,0.016199999999999992,北京,全国地产,19930524,
600657.SH,信达地产,20051208,0.9142,0.9021,0.9142,0.8939,0.9142,-1.3236,10112.24,2246.02,-0.0121,北京,全国地产,19930524,
600657.SH,信达地产,20051207,0.8899,0.9142,0.9264,0.8858,0.9061,0.8939,12018.68,2677.391,0.008099999999999996,北京,全国地产,19930524,
600657.SH,信达地产,20051206,0.8899,0.9061,0.9142,0.8858,0.8899,1.8204,10177.19,2261.803,0.016199999999999992,北京,全国地产,19930524,
600657.SH,信达地产,20051205,0.9346,0.8899,0.9346,0.8858,0.9386,-5.1886,22996.06,5096.046,-0.048699999999999966,北京,全国地产,19930524,
600657.SH,信达地产,20051202,0.9386,0.9386,0.9467,0.9264,0.9386,0.0,16072.96,3705.127,0.0,北京,全国地产,19930524,
600657.SH,信达地产,20051201,0.9549,0.9386,0.9589,0.9264,0.963,-2.5337,22729.9,5255.285,-0.024399999999999977,北京,全国地产,19930524,
600657.SH,信达地产,20051130,0.9549,0.963,0.9671,0.9346,0.9549,0.8483,25321.16,5927.123,0.008099999999999996,北京,全国地产,19930524,
600657.SH,信达地产,20051129,1.0036,0.9549,1.0036,0.9508,1.0118,-5.6236,33413.0,8030.887,-0.05690000000000006,北京,全国地产,19930524,
600657.SH,信达地产,20051128,0.9914,1.0118,1.0158,0.9874,0.9914,2.0577,23577.65,5822.422,0.020400000000000085,北京,全国地产,19930524,
600657.SH,信达地产,20051125,1.0077,0.9914,1.0199,0.9874,1.0118,-2.0162,21973.98,5389.158,-0.020400000000000085,北京,全国地产,19930524,
600657.SH,信达地产,20051124,0.9914,1.0118,1.028,0.9833,0.9914,2.0577,40114.72,9976.455,0.020400000000000085,北京,全国地产,19930524,
600657.SH,信达地产,20051123,0.9793,0.9914,0.9996,0.9752,0.9833,0.8238,22593.5,5494.634,0.008099999999999996,北京,全国地产,19930524,
600657.SH,信达地产,20051122,0.9996,0.9833,1.028,0.9793,0.9996,-1.6307,41243.4,10239.438,-0.016300000000000092,北京,全国地产,19930524,
600657.SH,信达地产,20051121,1.0118,0.9996,1.024,0.9996,1.0118,-1.2058,24214.17,6015.438,-0.012199999999999989,北京,全国地产,19930524,
600657.SH,信达地产,20051118,0.9833,1.0118,1.0158,0.963,0.9874,2.4711,52793.8,12968.376,0.024399999999999977,北京,全国地产,19930524,
600657.SH,信达地产,20051117,0.9793,0.9874,1.0118,0.9671,0.9874,0.0,33562.36,8196.015,0.0,北京,全国地产,19930524,
600657.SH,信达地产,20051116,0.963,0.9874,0.9874,0.9264,0.9671,2.0991,35730.32,8374.09,0.020300000000000096,北京,全国地产,19930524,
600657.SH,信达地产,20051115,0.9996,0.9671,1.0036,0.9589,0.9996,-3.2513,32495.57,7820.089,-0.032500000000000084,北京,全国地产,19930524,
600657.SH,信达地产,20051114,1.0077,0.9996,1.0158,0.9752,1.0036,-0.3986,39387.26,9626.102,-0.0040000000000000036,北京,全国地产,19930524,
600657.SH,信达地产,20051111,0.963,1.0036,1.028,0.9549,0.9752,2.9122,72872.69,17832.678,0.028400000000000092,北京,全国地产,19930524,
600657.SH,信达地产,20051110,0.9386,0.9752,0.9996,0.9386,0.9386,3.8994,118280.45,28473.112,0.036599999999999966,北京,全国地产,19930524,
600657.SH,信达地产,20051109,0.963,0.9386,0.9711,0.9346,0.9711,-3.3467,21782.0,5098.658,-0.03249999999999997,北京,全国地产,19930524,
600657.SH,信达地产,20051108,0.9427,0.9711,0.9711,0.9305,0.9508,2.135,32316.58,7615.096,0.020299999999999985,北京,全国地产,19930524,
600657.SH,信达地产,20051107,0.9671,0.9508,0.9671,0.9305,0.9549,-0.4294,19043.67,4453.074,-0.0040999999999999925,北京,全国地产,19930524,
600657.SH,信达地产,20051104,0.9346,0.9549,0.9589,0.9224,0.9305,2.6222,15653.89,3609.19,0.024399999999999977,北京,全国地产,19930524,
600657.SH,信达地产,20051103,0.9346,0.9305,0.9508,0.9183,0.9467,-1.7112,22152.5,5072.116,-0.016199999999999992,北京,全国地产,19930524,
600657.SH,信达地产,20051102,0.9183,0.9467,0.963,0.9183,0.9183,3.0927,46858.26,10947.431,0.02839999999999998,北京,全国地产,19930524,
600657.SH,信达地产,20051101,0.8858,0.9183,0.9224,0.8695,0.898,2.2606,24070.37,5283.224,0.020299999999999985,北京,全国地产,19930524,
600657.SH,信达地产,20051031,0.8574,0.898,0.9102,0.8574,0.8574,4.7352,26320.46,5746.049,0.04059999999999997,北京,全国地产,19930524,
600657.SH,信达地产,20051028,0.9061,0.8574,0.9102,0.8167,0.9021,-4.9551,32799.39,7027.574,-0.04469999999999996,北京,全国地产,19930524,
600657.SH,信达地产,20051027,0.9346,0.9021,0.9467,0.898,0.9264,-2.6231,26213.72,5930.221,-0.02429999999999999,北京,全国地产,19930524,
600657.SH,信达地产,20051026,0.9346,0.9264,0.963,0.9224,0.9386,-1.2998,36299.53,8398.578,-0.012199999999999989,北京,全国地产,19930524,
600657.SH,信达地产,20051025,0.9955,0.9386,0.9955,0.9346,0.9833,-4.5459,33907.55,7975.163,-0.04469999999999996,北京,全国地产,19930524,
600657.SH,信达地产,20051024,0.9793,0.9833,1.0036,0.9711,0.9914,-0.817,31065.91,7540.214,-0.008099999999999996,北京,全国地产,19930524,
600657.SH,信达地产,20051021,0.9752,0.9914,1.0118,0.963,0.9793,1.2356,46303.69,11227.915,0.0121,北京,全国地产,19930524,
600657.SH,信达地产,20051020,1.0118,0.9793,1.024,0.9508,1.024,-4.3652,55671.5,13456.57,-0.04470000000000007,北京,全国地产,19930524,
600657.SH,信达地产,20051019,1.024,1.024,1.0686,0.9874,1.028,-0.3891,87556.17,22048.361,-0.0040000000000000036,北京,全国地产,19930524,
600657.SH,信达地产,20051018,1.0077,1.028,1.0727,0.9914,0.9914,3.6917,170229.45,43228.681,0.03660000000000008,北京,全国地产,19930524,
600657.SH,信达地产,20051017,0.9021,0.9914,0.9914,0.9021,0.9021,9.8991,126031.54,30586.746,0.08929999999999993,北京,全国地产,19930524,
600657.SH,信达地产,20051014,0.9264,0.9021,0.9427,0.9021,0.9508,-5.122,36988.38,8376.571,-0.048699999999999966,北京,全国地产,19930524,
600657.SH,信达地产,20051013,0.9021,0.9508,0.9914,0.8939,0.9102,4.4606,64594.49,15234.427,0.04059999999999997,北京,全国地产,19930524,
600657.SH,信达地产,20051012,0.8939,0.9102,0.9224,0.8858,0.8939,1.8235,21108.83,4689.135,0.01629999999999998,北京,全国地产,19930524,
600657.SH,信达地产,20051011,0.8574,0.8939,0.9061,0.8533,0.8614,3.7729,18793.68,4088.886,0.03249999999999997,北京,全国地产,19930524,
600657.SH,信达地产,20051010,0.9142,0.8614,0.9183,0.8533,0.9102,-5.3615,23711.4,5142.983,-0.048799999999999955,北京,全国地产,19930524,
600657.SH,信达地产,20050930,0.9346,0.9102,0.9386,0.9061,0.9305,-2.1816,21386.21,4821.195,-0.020299999999999985,北京,全国地产,19930524,
600657.SH,信达地产,20050929,0.9142,0.9305,0.9305,0.9061,0.9102,2.2303,21474.25,4867.192,0.020299999999999985,北京,全国地产,19930524,
600657.SH,信达地产,20050928,0.9183,0.9102,0.9346,0.8939,0.9183,-0.8821,24471.32,5508.599,-0.008099999999999996,北京,全国地产,19930524,
600657.SH,信达地产,20050927,0.9711,0.9183,0.9711,0.9142,0.9671,-5.046,26676.17,6160.141,-0.048799999999999955,北京,全国地产,19930524,
600657.SH,信达地产,20050926,0.9467,0.9671,0.9752,0.9346,0.9467,2.1549,19959.53,4702.356,0.020399999999999974,北京,全国地产,19930524,
600657.SH,信达地产,20050923,0.9914,0.9467,1.0118,0.9346,0.9996,-5.2921,34458.62,8295.53,-0.05290000000000006,北京,全国地产,19930524,
600657.SH,信达地产,20050922,1.0727,0.9996,1.0808,0.9752,1.0849,-7.8625,72528.44,18218.395,-0.08529999999999993,北京,全国地产,19930524,
600657.SH,信达地产,20050921,1.0727,1.0849,1.1215,1.0646,1.0768,0.7522,95167.3,25677.54,0.008099999999999996,北京,全国地产,19930524,
600657.SH,信达地产,20050920,1.093,1.0768,1.0971,1.0565,1.093,-1.4822,47977.58,12635.933,-0.016199999999999992,北京,全国地产,19930524,
600657.SH,信达地产,20050919,1.0727,1.093,1.1052,1.0686,1.0727,1.8924,38276.7,10272.648,0.020299999999999985,北京,全国地产,19930524,
600657.SH,信达地产,20050916,1.0768,1.0727,1.0849,1.0524,1.0849,-1.1245,30551.52,8017.698,-0.012199999999999989,北京,全国地产,19930524,
600657.SH,信达地产,20050915,1.0971,1.0849,1.1174,1.0605,1.0849,0.0,104366.13,27976.434,0.0,北京,全国地产,19930524,
600657.SH,信达地产,20050914,1.0361,1.0849,1.093,1.0199,1.0361,4.71,98732.12,25778.351,0.048799999999999955,北京,全国地产,19930524,
600657.SH,信达地产,20050913,1.0118,1.0361,1.0402,0.9996,1.0077,2.8183,41468.51,10457.741,0.02839999999999998,北京,全国地产,19930524,
600657.SH,信达地产,20050912,0.9874,1.0077,1.024,0.9833,1.0077,0.0,21802.33,5359.423,0.0,北京,全国地产,19930524,
600657.SH,信达地产,20050909,1.0443,1.0077,1.0524,0.9996,1.0402,-3.1244,64766.88,16418.621,-0.03249999999999997,北京,全国地产,19930524,
600657.SH,信达地产,20050908,1.024,1.0402,1.0483,0.9996,1.024,1.582,57851.8,14554.52,0.016199999999999992,北京,全国地产,19930524,
600657.SH,信达地产,20050907,0.9833,1.024,1.028,0.9671,0.9874,3.7067,50737.22,12454.613,0.036599999999999966,北京,全国地产,19930524,
600657.SH,信达地产,20050906,1.0483,0.9874,1.0686,0.9833,1.0483,-5.8094,74176.74,18877.628,-0.060899999999999954,北京,全国地产,19930524,
600657.SH,信达地产,20050905,1.0077,1.0483,1.0646,0.9955,1.0036,4.454,81803.26,20765.955,0.04469999999999996,北京,全国地产,19930524,
600657.SH,信达地产,20050902,1.024,1.0036,1.028,0.9914,1.0199,-1.5982,64392.14,16003.521,-0.01629999999999998,北京,全国地产,19930524,
600657.SH,信达地产,20050901,0.963,1.0199,1.0443,0.9549,0.9711,5.0252,114187.2,28209.357,0.048800000000000066,北京,全国地产,19930524,
600657.SH,信达地产,20050831,0.9467,0.9711,0.9955,0.9021,0.9346,3.9054,80631.42,18927.916,0.03649999999999998,北京,全国地产,19930524,
600657.SH,信达地产,20050830,0.9305,0.9346,0.9671,0.9264,0.9427,-0.8592,46823.83,10912.866,-0.008099999999999996,北京,全国地产,19930524,
600657.SH,信达地产,20050829,0.9549,0.9427,0.963,0.9183,0.9874,-4.527,80076.64,18620.424,-0.04470000000000007,北京,全国地产,19930524,
600657.SH,信达地产,20050826,0.9021,0.9874,0.9914,0.8899,0.9021,9.4557,136565.07,32341.811,0.08530000000000004,北京,全国地产,19930524,
600657.SH,信达地产,20050825,0.8939,0.9021,0.9102,0.8777,0.8939,0.9173,28944.85,6339.342,0.008199999999999985,北京,全国地产,19930524,
600657.SH,信达地产,20050824,0.8777,0.8939,0.9061,0.8736,0.8817,1.3837,24240.49,5302.979,0.012199999999999989,北京,全国地产,19930524,
600657.SH,信达地产,20050823,0.9305,0.8817,0.9305,0.8736,0.9346,-5.6602,43064.38,9464.418,-0.05289999999999995,北京,全国地产,19930524,
600657.SH,信达地产,20050822,0.9305,0.9346,0.9549,0.9183,0.9305,0.4406,25081.13,5761.409,0.0040999999999999925,北京,全国地产,19930524,
600657.SH,信达地产,20050819,0.9142,0.9305,0.9549,0.8939,0.9142,1.783,49791.96,11333.059,0.01629999999999998,北京,全国地产,19930524,
600657.SH,信达地产,20050818,0.9793,0.9142,1.0158,0.9102,0.9793,-6.6476,82964.98,19932.07,-0.06509999999999994,北京,全国地产,19930524,
600657.SH,信达地产,20050817,0.9305,0.9793,1.024,0.9021,0.9305,5.2445,69974.74,16525.24,0.048799999999999955,北京,全国地产,19930524,
600657.SH,信达地产,20050816,0.9264,0.9305,0.9508,0.9061,0.9264,0.4426,33602.17,7664.038,0.0040999999999999925,北京,全国地产,19930524,
600657.SH,信达地产,20050815,0.9102,0.9264,0.9264,0.8817,0.898,3.1626,37814.24,8472.273,0.02839999999999998,北京,全国地产,19930524,
600657.SH,信达地产,20050812,0.9224,0.898,0.9508,0.8939,0.9264,-3.0656,45316.74,10260.014,-0.02839999999999998,北京,全国地产,19930524,
600657.SH,信达地产,20050811,0.9183,0.9264,0.9305,0.898,0.9224,0.4337,48499.01,10938.438,0.0040000000000000036,北京,全国地产,19930524,
600657.SH,信达地产,20050810,0.9305,0.9224,0.9305,0.8939,0.9305,-0.8705,51636.47,11590.184,-0.008099999999999996,北京,全国地产,19930524,
600657.SH,信达地产,20050809,0.8899,0.9305,0.9386,0.8899,0.8858,5.0463,110224.1,24968.32,0.04469999999999996,北京,全国地产,19930524,
600657.SH,信达地产,20050808,0.8614,0.8858,0.898,0.8452,0.8655,2.3455,69914.86,15051.683,0.020299999999999985,北京,全国地产,19930524,
600657.SH,信达地产,20050805,0.8289,0.8655,0.8695,0.8289,0.833,3.9016,38169.65,8002.65,0.032500000000000084,北京,全国地产,19930524,
600657.SH,信达地产,20050804,0.8452,0.833,0.8574,0.8289,0.8574,-2.8458,23448.76,4850.105,-0.02440000000000009,北京,全国地产,19930524,
600657.SH,信达地产,20050803,0.8452,0.8574,0.8777,0.8411,0.8452,1.4434,48684.89,10328.141,0.0122000000000001,北京,全国地产,19930524,
600657.SH,信达地产,20050802,0.833,0.8452,0.8492,0.8208,0.833,1.4646,31125.84,6405.033,0.012199999999999989,北京,全国地产,19930524,
600657.SH,信达地产,20050801,0.8248,0.833,0.8492,0.8086,0.8289,0.4946,33310.83,6810.556,0.0040999999999999925,北京,全国地产,19930524,
600657.SH,信达地产,20050729,0.8167,0.8289,0.8452,0.8127,0.8248,0.4971,21494.06,4387.479,0.0040999999999999925,北京,全国地产,19930524,
600657.SH,信达地产,20050728,0.8127,0.8248,0.8614,0.8127,0.8208,0.4873,33683.3,6914.797,0.0040000000000000036,北京,全国地产,19930524,
600657.SH,信达地产,20050727,0.7964,0.8208,0.8208,0.7883,0.7923,3.5971,25891.93,5155.366,0.02849999999999997,北京,全国地产,19930524,
600657.SH,信达地产,20050726,0.768,0.7923,0.7964,0.7639,0.768,3.1641,17828.86,3464.693,0.02429999999999999,北京,全国地产,19930524,
600657.SH,信达地产,20050725,0.7802,0.768,0.7883,0.7639,0.7923,-3.067,13138.91,2499.721,-0.02429999999999999,北京,全国地产,19930524,
600657.SH,信达地产,20050722,0.7761,0.7923,0.8045,0.768,0.772,2.6295,22657.16,4395.051,0.020299999999999985,北京,全国地产,19930524,
600657.SH,信达地产,20050721,0.7639,0.772,0.7802,0.7395,0.7598,1.6057,10128.84,1898.928,0.012199999999999989,北京,全国地产,19930524,
600657.SH,信达地产,20050720,0.7558,0.7598,0.7761,0.7395,0.7639,-0.5367,11521.11,2153.611,-0.0040999999999999925,北京,全国地产,19930524,
600657.SH,信达地产,20050719,0.7842,0.7639,0.7842,0.7151,0.7842,-2.5886,19200.96,3549.089,-0.020299999999999985,北京,全国地产,19930524,
600657.SH,信达地产,20050718,0.7842,0.7842,0.8005,0.768,0.7923,-1.0223,9165.46,1774.395,-0.008099999999999996,北京,全国地产,19930524,
600657.SH,信达地产,20050715,0.8411,0.7923,0.8492,0.7883,0.8411,-5.8019,15306.16,3076.647,-0.048799999999999955,北京,全国地产,19930524,
600657.SH,信达地产,20050714,0.8289,0.8411,0.8695,0.8289,0.8452,-0.4851,13948.03,2913.209,-0.0040999999999999925,北京,全国地产,19930524,
600657.SH,信达地产,20050713,0.9102,0.8452,0.9102,0.837,0.8289,1.9665,30820.25,6573.432,0.01629999999999998,北京,全国地产,19930524,
600657.SH,信达地产,20050707,0.8127,0.8289,0.8452,0.8127,0.8086,2.5105,13950.75,2858.421,0.020299999999999985,北京,全国地产,19930524,
600657.SH,信达地产,20050706,0.8167,0.8086,0.833,0.8045,0.8127,-0.5045,8783.16,1770.94,-0.0040999999999999925,北京,全国地产,19930524,
600657.SH,信达地产,20050705,0.8167,0.8127,0.833,0.8045,0.837,-2.9032,10001.39,2010.723,-0.02429999999999999,北京,全国地产,19930524,
600657.SH,信达地产,20050704,0.8045,0.837,0.8452,0.768,0.8086,3.5122,19448.82,3829.064,0.02839999999999998,北京,全国地产,19930524,
600657.SH,信达地产,20050701,0.8533,0.8086,0.8533,0.7964,0.8533,-5.2385,20006.19,4080.711,-0.04469999999999996,北京,全国地产,19930524,
600657.SH,信达地产,20050630,0.8939,0.8533,0.898,0.8533,0.898,-4.9777,22150.18,4748.884,-0.04470000000000007,北京,全国地产,19930524,
600657.SH,信达地产,20050629,0.9224,0.898,0.9305,0.8858,0.9224,-2.6453,20721.89,4615.96,-0.024399999999999977,北京,全国地产,19930524,
600657.SH,信达地产,20050628,0.9386,0.9224,0.9711,0.9142,0.9427,-2.1534,32038.85,7460.459,-0.020299999999999985,北京,全国地产,19930524,
600657.SH,信达地产,20050627,0.9183,0.9427,0.9467,0.9183,0.9102,3.5706,31664.72,7281.507,0.03249999999999997,北京,全国地产,19930524,
600657.SH,信达地产,20050624,0.9183,0.9102,0.9183,0.8899,0.9183,-0.8821,18857.15,4189.044,-0.008099999999999996,北京,全国地产,19930524,
600657.SH,信达地产,20050623,0.9346,0.9183,0.9589,0.9183,0.9264,-0.8744,70842.39,16444.432,-0.008099999999999996,北京,全国地产,19930524,
600657.SH,信达地产,20050622,0.9224,0.9264,0.9427,0.898,0.9102,1.7798,27351.52,6203.156,0.016199999999999992,北京,全国地产,19930524,
600657.SH,信达地产,20050621,0.9224,0.9102,0.9346,0.9061,0.9264,-1.7487,15988.42,3608.947,-0.016199999999999992,北京,全国地产,19930524,
600657.SH,信达地产,20050620,0.898,0.9264,0.9386,0.8614,0.898,3.1626,30000.72,6713.279,0.02839999999999998,北京,全国地产,19930524,
600657.SH,信达地产,20050617,0.9142,0.898,0.9183,0.8858,0.9183,-2.2106,22735.04,5035.253,-0.020299999999999985,北京,全国地产,19930524,
600657.SH,信达地产,20050616,0.9346,0.9183,0.9508,0.8655,0.9549,-3.8329,44337.24,9892.775,-0.036599999999999966,北京,全国地产,19930524,
600657.SH,信达地产,20050615,1.024,0.9549,1.0361,0.9549,1.028,-7.1109,41167.23,9960.837,-0.07310000000000005,北京,全国地产,19930524,
600657.SH,信达地产,20050614,1.0402,1.028,1.0524,1.0077,1.0321,-0.3972,42179.92,10670.207,-0.0040999999999999925,北京,全国地产,19930524,
600657.SH,信达地产,20050613,1.0402,1.0321,1.0443,0.9996,1.0565,-2.3095,45059.14,11332.227,-0.024399999999999977,北京,全国地产,19930524,
600657.SH,信达地产,20050609,1.0077,1.0565,1.0605,0.9752,1.0158,4.0067,107437.63,27023.199,0.04069999999999996,北京,全国地产,19930524,
600657.SH,信达地产,20050608,0.9549,1.0158,1.0321,0.9427,0.9549,6.3776,76977.33,18916.421,0.060900000000000065,北京,全国地产,19930524,
600657.SH,信达地产,20050607,0.9671,0.9549,0.9996,0.9386,0.9589,-0.4171,31302.61,7456.581,-0.0040000000000000036,北京,全国地产,19930524,
600657.SH,信达地产,20050606,0.9346,0.9589,0.9671,0.9142,0.9427,1.7185,23639.89,5494.167,0.016199999999999992,北京,全国地产,19930524,
600657.SH,信达地产,20050603,0.9671,0.9427,1.0077,0.9346,0.9711,-2.9245,39431.0,9429.131,-0.02839999999999998,北京,全国地产,19930524,
600657.SH,信达地产,20050602,0.9508,0.9711,0.9914,0.9386,0.9589,1.2723,40297.04,9631.983,0.012199999999999989,北京,全国地产,19930524,
600657.SH,信达地产,20050601,0.9589,0.9589,0.9752,0.9183,0.9589,0.0,28624.55,6678.221,0.0,北京,全国地产,19930524,
600657.SH,信达地产,20050531,0.9386,0.9589,0.9955,0.9386,0.9386,2.1628,51250.78,12269.03,0.020299999999999985,北京,全国地产,19930524,
600657.SH,信达地产,20050530,0.9183,0.9386,0.9508,0.9142,0.9224,1.7563,22306.11,5140.247,0.016199999999999992,北京,全国地产,19930524,
600657.SH,信达地产,20050527,0.9346,0.9224,0.963,0.9183,0.9508,-2.987,35293.2,8138.938,-0.02839999999999998,北京,全国地产,19930524,
600657.SH,信达地产,20050526,0.8858,0.9508,0.9589,0.8817,0.8899,6.8435,60975.76,13952.238,0.060899999999999954,北京,全国地产,19930524,
600657.SH,信达地产,20050525,0.8777,0.8899,0.9264,0.8614,0.8777,1.39,27436.53,6074.647,0.012199999999999989,北京,全国地产,19930524,
600657.SH,信达地产,20050524,0.8248,0.8777,0.898,0.8248,0.833,5.3661,26532.3,5731.739,0.04470000000000007,北京,全国地产,19930524,
600657.SH,信达地产,20050523,0.8533,0.833,0.8574,0.8127,0.8736,-4.6474,13615.69,2801.622,-0.04060000000000008,北京,全国地产,19930524,
600657.SH,信达地产,20050520,0.9061,0.8736,0.9061,0.8614,0.9102,-4.0211,21558.4,4709.835,-0.036599999999999966,北京,全国地产,19930524,
600657.SH,信达地产,20050519,0.9142,0.9102,0.9386,0.9021,0.9264,-1.7487,18420.57,4166.195,-0.016199999999999992,北京,全国地产,19930524,
600657.SH,信达地产,20050518,0.898,0.9264,0.9386,0.8939,0.9061,2.2404,15536.36,3517.531,0.020299999999999985,北京,全国地产,19930524,
600657.SH,信达地产,20050517,0.898,0.9061,0.9346,0.8858,0.9264,-2.1913,25993.84,5829.875,-0.020299999999999985,北京,全国地产,19930524,
600657.SH,信达地产,20050516,0.8777,0.9264,0.9671,0.8614,0.8777,5.5486,48021.98,10957.636,0.048699999999999966,北京,全国地产,19930524,
600657.SH,信达地产,20050513,0.8533,0.8777,0.8858,0.8411,0.8533,2.8595,19229.52,4125.9,0.02440000000000009,北京,全国地产,19930524,
600657.SH,信达地产,20050512,0.8533,0.8533,0.8899,0.833,0.8655,-1.4096,19929.19,4193.752,-0.0122000000000001,北京,全国地产,19930524,
600657.SH,信达地产,20050511,0.8208,0.8655,0.8817,0.7802,0.8289,4.4155,31528.09,6531.801,0.03660000000000008,北京,全国地产,19930524,
600657.SH,信达地产,20050510,0.8736,0.8289,0.8736,0.7883,0.8777,-5.56,31528.82,6289.184,-0.048800000000000066,北京,全国地产,19930524,
600657.SH,信达地产,20050509,0.9183,0.8777,0.9508,0.8777,0.9305,-5.6744,14734.29,3271.11,-0.05279999999999996,北京,全国地产,19930524,
600657.SH,信达地产,20050429,0.9264,0.9305,0.9549,0.9021,0.9346,-0.4387,34007.01,7796.037,-0.0040999999999999925,北京,全国地产,19930524,
600657.SH,信达地产,20050428,0.8817,0.9346,0.9549,0.8736,0.898,4.0757,22833.92,5171.643,0.036599999999999966,北京,全国地产,19930524,
600657.SH,信达地产,20050427,0.9102,0.898,0.9386,0.8939,0.9386,-4.3256,12394.85,2801.369,-0.04059999999999997,北京,全国地产,19930524,
600657.SH,信达地产,20050426,0.8939,0.9386,0.9508,0.8777,0.898,4.5212,16229.89,3679.622,0.04059999999999997,北京,全国地产,19930524,
600657.SH,信达地产,20050425,0.9589,0.898,0.9589,0.8736,0.9671,-7.1451,24477.02,5414.856,-0.06909999999999994,北京,全国地产,19930524,
600657.SH,信达地产,20050422,0.9671,0.9671,0.9914,0.9427,0.9671,0.0,17463.92,4157.459,0.0,北京,全国地产,19930524,
600657.SH,信达地产,20050421,1.0565,0.9671,1.0565,0.9549,1.0605,-8.8072,43952.23,10709.09,-0.09340000000000004,北京,全国地产,19930524,
600657.SH,信达地产,20050420,1.0971,1.0605,1.1296,1.0483,1.089,-2.6171,47688.36,12944.078,-0.02849999999999997,北京,全国地产,19930524,
600657.SH,信达地产,20050419,1.1093,1.089,1.1093,1.0402,1.0971,-0.7383,19097.6,5023.585,-0.008099999999999996,北京,全国地产,19930524,
600657.SH,信达地产,20050418,1.1093,1.0971,1.1174,1.0849,1.093,0.3751,9590.35,2588.887,0.0040999999999999925,北京,全国地产,19930524,
600657.SH,信达地产,20050415,1.154,1.093,1.154,1.089,1.154,-5.286,17581.79,4833.4,-0.06099999999999994,北京,全国地产,19930524,
600657.SH,信达地产,20050414,1.2068,1.154,1.2109,1.1377,1.2027,-4.0492,25281.4,7256.194,-0.04870000000000019,北京,全国地产,19930524,
600657.SH,信达地产,20050413,1.1418,1.2027,1.2109,1.1418,1.1621,3.4937,31881.28,9352.003,0.04060000000000019,北京,全国地产,19930524,
600657.SH,信达地产,20050412,1.1621,1.1621,1.1987,1.1418,1.1702,-0.6922,24913.37,7200.216,-0.008099999999999996,北京,全国地产,19930524,
600657.SH,信达地产,20050411,1.1987,1.1702,1.2068,1.1662,1.1743,-0.3491,28078.23,8208.75,-0.0040999999999999925,北京,全国地产,19930524,
600657.SH,信达地产,20050408,1.1662,1.1743,1.1743,1.1296,1.158,1.4076,19579.37,5560.805,0.01629999999999998,北京,全国地产,19930524,
600657.SH,信达地产,20050407,1.1418,1.158,1.1865,1.1215,1.1418,1.4188,26154.64,7484.453,0.016199999999999992,北京,全国地产,19930524,
600657.SH,信达地产,20050406,1.1255,1.1418,1.1458,1.0849,1.1296,1.08,15242.84,4194.055,0.012199999999999989,北京,全国地产,19930524,
600657.SH,信达地产,20050405,1.1052,1.1296,1.1784,1.0971,1.1174,1.0918,18259.83,5122.693,0.012199999999999989,北京,全国地产,19930524,
600657.SH,信达地产,20050404,1.1337,1.1174,1.1377,1.0971,1.1418,-2.137,17175.33,4732.365,-0.024399999999999977,北京,全国地产,19930524,
600657.SH,信达地产,20050401,1.0849,1.1418,1.1702,1.0768,1.0808,5.644,24430.41,6757.171,0.06099999999999994,北京,全国地产,19930524,
600657.SH,信达地产,20050331,1.0605,1.0808,1.0849,1.0565,1.0686,1.1417,11978.17,3165.427,0.012199999999999989,北京,全国地产,19930524,
600657.SH,信达地产,20050330,1.1377,1.0686,1.1377,1.0605,1.1499,-7.0702,19557.58,5288.386,-0.08129999999999993,北京,全国地产,19930524,
600657.SH,信达地产,20050329,1.1702,1.1499,1.1865,1.1418,1.1702,-1.7347,6574.06,1883.72,-0.020299999999999985,北京,全国地产,19930524,
600657.SH,信达地产,20050328,1.158,1.1702,1.1743,1.1174,1.158,1.0535,11016.88,3095.323,0.012199999999999989,北京,全国地产,19930524,
600657.SH,信达地产,20050325,1.1621,1.158,1.1743,1.1418,1.1662,-0.7031,6867.55,1958.798,-0.008199999999999985,北京,全国地产,19930524,
600657.SH,信达地产,20050324,1.1377,1.1662,1.1702,1.1296,1.1418,2.137,8852.64,2509.954,0.024399999999999977,北京,全国地产,19930524,
600657.SH,信达地产,20050323,1.1174,1.1418,1.1662,1.1174,1.1215,1.8101,11348.9,3200.137,0.020299999999999985,北京,全国地产,19930524,
600657.SH,信达地产,20050322,1.1946,1.1215,1.1946,1.1052,1.1946,-6.1192,13728.34,3870.51,-0.07310000000000016,北京,全国地产,19930524,
600657.SH,信达地产,20050321,1.158,1.1946,1.2068,1.158,1.1784,1.3747,12390.06,3589.217,0.016200000000000214,北京,全国地产,19930524,
600657.SH,信达地产,20050318,1.219,1.1784,1.219,1.1702,1.219,-3.3306,14028.29,4098.502,-0.04060000000000019,北京,全国地产,19930524,
600657.SH,信达地产,20050317,1.2434,1.219,1.2596,1.2149,1.2515,-2.5969,18503.32,5613.455,-0.03249999999999997,北京,全国地产,19930524,
600657.SH,信达地产,20050316,1.2637,1.2515,1.2759,1.2393,1.2596,-0.6431,13010.0,4023.264,-0.008099999999999996,北京,全国地产,19930524,
600657.SH,信达地产,20050315,1.2515,1.2596,1.2799,1.2393,1.2556,0.3186,13963.02,4337.206,0.0040000000000000036,北京,全国地产,19930524,
600657.SH,信达地产,20050314,1.3003,1.2556,1.3165,1.2352,1.3206,-4.922,24737.98,7701.215,-0.06499999999999995,北京,全国地产,19930524,
600657.SH,信达地产,20050311,1.3124,1.3206,1.3287,1.2962,1.3124,0.6248,18703.03,6031.799,0.008199999999999985,北京,全国地产,19930524,
600657.SH,信达地产,20050310,1.3653,1.3124,1.3937,1.3043,1.3734,-4.4415,35730.88,11933.595,-0.06099999999999994,北京,全国地产,19930524,
600657.SH,信达地产,20050309,1.3409,1.3734,1.3815,1.3043,1.3368,2.7379,35287.72,11614.173,0.036599999999999966,北京,全国地产,19930524,
600657.SH,信达地产,20050308,1.3328,1.3368,1.3531,1.3206,1.3246,0.921,21855.89,7183.974,0.012199999999999989,北京,全国地产,19930524,
600657.SH,信达地产,20050307,1.2921,1.3246,1.3328,1.2921,1.2962,2.191,13796.2,4464.856,0.02839999999999998,北京,全国地产,19930524,
600657.SH,信达地产,20050304,1.3084,1.2962,1.3368,1.2962,1.3084,-0.9324,13103.26,4240.343,-0.012199999999999989,北京,全国地产,19930524,
600657.SH,信达地产,20050303,1.2962,1.3084,1.3246,1.2881,1.2962,0.9412,18632.36,5993.326,0.012199999999999989,北京,全国地产,19930524,
600657.SH,信达地产,20050302,1.3571,1.2962,1.3693,1.2921,1.3531,-4.2052,27653.15,9053.963,-0.05689999999999995,北京,全国地产,19930524,
600657.SH,信达地产,20050301,1.3287,1.3531,1.3612,1.3206,1.3409,0.9098,28022.37,9268.88,0.012199999999999989,北京,全国地产,19930524,
600657.SH,信达地产,20050228,1.3856,1.3409,1.3896,1.3368,1.41,-4.9007,51123.14,17082.305,-0.06909999999999994,北京,全国地产,19930524,
600657.SH,信达地产,20050225,1.4425,1.41,1.5034,1.4018,1.41,0.0,115281.9,40809.585,0.0,北京,全国地产,19930524,
600657.SH,信达地产,20050224,1.3856,1.41,1.4872,1.3815,1.3531,4.2052,154612.18,54379.237,0.05689999999999995,北京,全国地产,19930524,
600657.SH,信达地产,20050223,1.2596,1.3531,1.3531,1.2596,1.2312,9.9009,47396.43,15549.557,0.1218999999999999,北京,全国地产,19930524,
600657.SH,信达地产,20050221,1.2109,1.2312,1.2393,1.2068,1.2109,1.6764,16424.37,4944.824,0.020299999999999985,北京,全国地产,19930524,
600657.SH,信达地产,20050218,1.2352,1.2109,1.2434,1.2068,1.2434,-2.6138,15358.89,4608.202,-0.03249999999999997,北京,全国地产,19930524,
600657.SH,信达地产,20050217,1.2027,1.2434,1.2556,1.2027,1.2027,3.3841,31591.27,9591.884,0.04069999999999996,北京,全国地产,19930524,
600657.SH,信达地产,20050216,1.1987,1.2027,1.2271,1.1784,1.1905,1.0248,26331.64,7828.908,0.01220000000000021,北京,全国地产,19930524,
600657.SH,信达地产,20050204,1.1784,1.1905,1.2027,1.154,1.1784,1.0268,32962.41,9573.945,0.0121,北京,全国地产,19930524,
600657.SH,信达地产,20050203,1.1702,1.1784,1.2068,1.1337,1.1743,0.3491,41810.41,12015.933,0.0040999999999999925,北京,全国地产,19930524,
600657.SH,信达地产,20050202,1.1052,1.1743,1.1824,1.1052,1.1093,5.8596,31458.45,8922.777,0.06499999999999995,北京,全国地产,19930524,
600657.SH,信达地产,20050201,1.1174,1.1093,1.1499,1.0971,1.1337,-2.1522,24491.17,6798.967,-0.024399999999999977,北京,全国地产,19930524,
600657.SH,信达地产,20050131,1.0971,1.1337,1.1662,1.0971,1.2027,-5.7371,44261.62,12296.028,-0.06900000000000017,北京,全国地产,19930524,
600657.SH,信达地产,20050128,1.2109,1.2027,1.2231,1.2027,1.3368,-10.0314,16039.0,4751.432,-0.13409999999999989,北京,全国地产,19930524,
600657.SH,信达地产,20050127,1.3653,1.3368,1.3775,1.3287,1.3775,-2.9546,13999.39,4648.018,-0.04069999999999996,北京,全国地产,19930524,
600657.SH,信达地产,20050126,1.4384,1.3775,1.4384,1.3775,1.4384,-4.2339,12019.04,4146.189,-0.060899999999999954,北京,全国地产,19930524,
600657.SH,信达地产,20050125,1.4709,1.4384,1.4709,1.4222,1.4709,-2.2095,15679.68,5556.043,-0.032500000000000195,北京,全国地产,19930524,
600657.SH,信达地产,20050124,1.4425,1.4709,1.4831,1.4262,1.4181,3.7233,30620.75,10967.345,0.05280000000000018,北京,全国地产,19930524,
600657.SH,信达地产,20050121,1.414,1.4181,1.4465,1.3206,1.414,0.29,26040.89,9017.092,0.0040999999999999925,北京,全国地产,19930524,
600657.SH,信达地产,20050120,1.3896,1.414,1.4425,1.3653,1.4059,0.5761,20957.76,7297.606,0.008099999999999996,北京,全国地产,19930524,
600657.SH,信达地产,20050119,1.4059,1.4059,1.4303,1.3856,1.4059,0.0,14152.97,4908.678,0.0,北京,全国地产,19930524,
600657.SH,信达地产,20050118,1.345,1.4059,1.414,1.345,1.345,4.5279,17095.87,5840.027,0.060899999999999954,北京,全国地产,19930524,
600657.SH,信达地产,20050117,1.3328,1.345,1.3612,1.3206,1.3612,-1.1901,13643.24,4496.004,-0.016199999999999992,北京,全国地产,19930524,
600657.SH,信达地产,20050114,1.3978,1.3612,1.4343,1.3571,1.4059,-3.1795,16304.93,5656.035,-0.04469999999999996,北京,全国地产,19930524,
600657.SH,信达地产,20050113,1.3653,1.4059,1.4262,1.3653,1.3815,1.7662,21016.08,7287.668,0.024399999999999977,北京,全国地产,19930524,
600657.SH,信达地产,20050112,1.3896,1.3815,1.3896,1.3612,1.3896,-0.5829,7583.57,2558.012,-0.008099999999999996,北京,全国地产,19930524,
600657.SH,信达地产,20050111,1.4018,1.3896,1.4222,1.3734,1.4059,-1.1594,8366.9,2870.428,-0.01629999999999998,北京,全国地产,19930524,
600657.SH,信达地产,20050110,1.3734,1.4059,1.41,1.3612,1.3734,2.3664,8799.69,3018.28,0.03249999999999997,北京,全国地产,19930524,
600657.SH,信达地产,20050107,1.3612,1.3734,1.4059,1.349,1.3571,1.2011,9666.27,3281.725,0.01629999999999998,北京,全国地产,19930524,
600657.SH,信达地产,20050106,1.3734,1.3571,1.3815,1.3409,1.3815,-1.7662,12781.23,4271.367,-0.024399999999999977,北京,全国地产,19930524,
600657.SH,信达地产,20050105,1.3003,1.3815,1.4425,1.3003,1.3206,4.6115,20177.88,6855.558,0.060899999999999954,北京,全国地产,19930524,
600657.SH,信达地产,20050104,1.2799,1.3206,1.3368,1.2596,1.2881,2.5231,13124.73,4240.104,0.03249999999999997,北京,全国地产,19930524,
600657.SH,信达地产,20041231,1.3612,1.2881,1.3612,1.284,1.3531,-4.8038,19691.58,6341.415,-0.06499999999999995,北京,全国地产,19930524,
600657.SH,信达地产,20041230,1.3693,1.3531,1.3693,1.3287,1.3693,-1.1831,14531.62,4815.51,-0.016199999999999992,北京,全国地产,19930524,
600657.SH,信达地产,20041229,1.3734,1.3693,1.4018,1.3653,1.3775,-0.5953,7124.35,2420.618,-0.008199999999999985,北京,全国地产,19930524,
600657.SH,信达地产,20041228,1.4222,1.3775,1.4343,1.3612,1.4343,-3.9601,12869.49,4406.764,-0.05679999999999996,北京,全国地产,19930524,
600657.SH,信达地产,20041227,1.4222,1.4343,1.4587,1.4222,1.4343,0.0,6644.78,2347.297,0.0,北京,全国地产,19930524,
600657.SH,信达地产,20041224,1.4222,1.4343,1.479,1.4181,1.4222,0.8508,12314.47,4372.283,0.0121,北京,全国地产,19930524,
600657.SH,信达地产,20041223,1.4912,1.4222,1.4953,1.4059,1.4912,-4.6271,14510.56,5147.468,-0.06900000000000017,北京,全国地产,19930524,
600657.SH,信达地产,20041222,1.41,1.4912,1.4953,1.41,1.41,5.7589,30051.04,10850.859,0.08120000000000016,北京,全国地产,19930524,
600657.SH,信达地产,20041221,1.4059,1.41,1.4465,1.3937,1.414,-0.2829,9826.8,3426.549,-0.0040000000000000036,北京,全国地产,19930524,
600657.SH,信达地产,20041220,1.3612,1.414,1.4222,1.3206,1.4018,0.8703,16747.89,5697.111,0.012199999999999989,北京,全国地产,19930524,
600657.SH,信达地产,20041217,1.3937,1.4018,1.4628,1.3896,1.3734,2.0679,41538.34,14539.892,0.02839999999999998,北京,全国地产,19930524,
600657.SH,信达地产,20041216,1.3734,1.3734,1.4018,1.3612,1.3734,0.0,15777.26,5354.762,0.0,北京,全国地产,19930524,
600657.SH,信达地产,20041215,1.4222,1.3734,1.4343,1.3531,1.4343,-4.246,32843.82,11161.87,-0.060899999999999954,北京,全国地产,19930524,
600657.SH,信达地产,20041214,1.5034,1.4343,1.5034,1.4222,1.4953,-4.0794,21064.38,7524.433,-0.061000000000000165,北京,全国地产,19930524,
600657.SH,信达地产,20041213,1.4628,1.4953,1.4953,1.4465,1.4709,1.6588,14891.66,5404.055,0.024399999999999977,北京,全国地产,19930524,
600657.SH,信达地产,20041210,1.5847,1.4709,1.5887,1.4425,1.5928,-7.6532,36917.1,13766.865,-0.1218999999999999,北京,全国地产,19930524,
600657.SH,信达地产,20041209,1.5847,1.5928,1.6131,1.5684,1.5847,0.5111,20095.32,7871.312,0.008099999999999996,北京,全国地产,19930524,
600657.SH,信达地产,20041208,1.5928,1.5847,1.6213,1.5562,1.5847,0.0,15885.86,6185.51,0.0,北京,全国地产,19930524,
600657.SH,信达地产,20041207,1.6253,1.5847,1.6375,1.5766,1.6253,-2.498,29319.16,11567.251,-0.04059999999999997,北京,全国地产,19930524,
600657.SH,信达地产,20041206,1.6863,1.6253,1.6985,1.5562,1.7269,-5.8834,70760.2,28173.252,-0.10160000000000013,北京,全国地产,19930524,
600657.SH,信达地产,20041203,1.6091,1.7269,1.7472,1.6091,1.5887,8.6989,122968.57,51389.247,0.1382000000000001,北京,全国地产,19930524,
600657.SH,信达地产,20041202,1.54,1.5887,1.5928,1.5359,1.5441,2.8884,23585.89,9110.461,0.04459999999999997,北京,全国地产,19930524,
600657.SH,信达地产,20041201,1.5766,1.5441,1.5887,1.5278,1.5766,-2.0614,24275.99,9316.989,-0.03249999999999997,北京,全国地产,19930524,
600657.SH,信达地产,20041130,1.5441,1.5766,1.5847,1.5441,1.5562,1.3109,12745.78,4904.966,0.020399999999999974,北京,全国地产,19930524,
600657.SH,信达地产,20041129,1.5684,1.5562,1.5969,1.54,1.5644,-0.5242,16300.29,6300.171,-0.008199999999999985,北京,全国地产,19930524,
600657.SH,信达地产,20041126,1.5481,1.5644,1.5887,1.54,1.5481,1.0529,20578.9,7934.633,0.01629999999999998,北京,全国地产,19930524,
600657.SH,信达地产,20041125,1.5847,1.5481,1.6091,1.5034,1.5928,-2.8064,52902.79,20298.329,-0.04469999999999996,北京,全国地产,19930524,
600657.SH,信达地产,20041124,1.7228,1.5928,1.7228,1.5887,1.7228,-7.5459,74486.39,30259.943,-0.13000000000000012,北京,全国地产,19930524,
600657.SH,信达地产,20041123,1.7025,1.7228,1.8569,1.6903,1.7106,0.7132,101370.2,44074.305,0.01220000000000021,北京,全国地产,19930524,
600657.SH,信达地产,20041122,1.666,1.7106,1.7391,1.6619,1.6741,2.1803,45668.21,19223.804,0.03649999999999998,北京,全国地产,19930524,
600657.SH,信达地产,20041119,1.6944,1.6741,1.7066,1.6456,1.7106,-2.1338,36320.1,14985.591,-0.03649999999999998,北京,全国地产,19930524,
600657.SH,信达地产,20041118,1.6781,1.7106,1.7269,1.6497,1.6863,1.441,58643.08,24440.423,0.02429999999999999,北京,全国地产,19930524,
600657.SH,信达地产,20041117,1.6456,1.6863,1.6985,1.6334,1.6578,1.7191,60011.6,24727.271,0.02849999999999997,北京,全国地产,19930524,
600657.SH,信达地产,20041116,1.666,1.6578,1.6781,1.6172,1.6781,-1.2097,39502.73,15977.762,-0.020299999999999985,北京,全国地产,19930524,
600657.SH,信达地产,20041115,1.6456,1.6781,1.6985,1.6334,1.6578,1.2245,74071.89,30365.38,0.020299999999999985,北京,全国地产,19930524,
600657.SH,信达地产,20041112,1.6985,1.6578,1.7432,1.6334,1.6944,-2.1601,125558.29,52094.39,-0.036599999999999966,北京,全国地产,19930524,
600657.SH,信达地产,20041111,1.6863,1.6944,1.7838,1.6741,1.6213,4.5087,203957.97,88128.554,0.07309999999999994,北京,全国地产,19930524,
600657.SH,信达地产,20041110,1.4668,1.6213,1.6213,1.4668,1.475,9.9186,121833.64,47316.286,0.14629999999999987,北京,全国地产,19930524,
600657.SH,信达地产,20041109,1.41,1.475,1.5319,1.4018,1.41,4.6099,67430.02,24706.671,0.06500000000000017,北京,全国地产,19930524,
600657.SH,信达地产,20041108,1.3937,1.41,1.4181,1.3815,1.4181,-0.5712,8540.66,2947.959,-0.008099999999999996,北京,全国地产,19930524,
600657.SH,信达地产,20041105,1.4059,1.4181,1.4425,1.3896,1.4181,0.0,16021.84,5576.686,0.0,北京,全国地产,19930524,
600657.SH,信达地产,20041104,1.4953,1.4181,1.4994,1.3978,1.4994,-5.4222,33426.96,11911.417,-0.08130000000000015,北京,全国地产,19930524,
600657.SH,信达地产,20041103,1.4343,1.4994,1.5075,1.41,1.4343,4.5388,38188.19,13777.248,0.06510000000000016,北京,全国地产,19930524,
600657.SH,信达地产,20041102,1.4547,1.4343,1.475,1.4222,1.4587,-1.6727,24392.66,8702.057,-0.0244000000000002,北京,全国地产,19930524,
600657.SH,信达地产,20041101,1.4222,1.4587,1.4587,1.4059,1.4059,3.7556,25916.03,9161.233,0.05280000000000018,北京,全国地产,19930524,
600657.SH,信达地产,20041029,1.3409,1.4059,1.4628,1.3409,1.4587,-3.6197,34913.55,12126.008,-0.05280000000000018,北京,全国地产,19930524,
600657.SH,信达地产,20041028,1.4343,1.4587,1.5197,1.4303,1.4547,0.275,53384.95,19512.903,0.0040000000000000036,北京,全国地产,19930524,
600657.SH,信达地产,20041027,1.4018,1.4547,1.479,1.3978,1.4059,3.4711,61023.06,21666.019,0.04880000000000018,北京,全国地产,19930524,
600657.SH,信达地产,20041026,1.3896,1.4059,1.4465,1.3368,1.3896,1.173,30204.92,10437.148,0.01629999999999998,北京,全国地产,19930524,
600657.SH,信达地产,20041025,1.3653,1.3896,1.4628,1.3409,1.3937,-0.2942,31581.0,11011.369,-0.0040999999999999925,北京,全国地产,19930524,
600657.SH,信达地产,20041022,1.3734,1.3937,1.4384,1.2718,1.3937,0.0,41611.09,13928.27,0.0,北京,全国地产,19930524,
600657.SH,信达地产,20041021,1.4831,1.3937,1.4831,1.3734,1.4831,-6.0279,52101.9,18101.809,-0.08940000000000015,北京,全国地产,19930524,
600657.SH,信达地产,20041020,1.605,1.4831,1.605,1.4465,1.605,-7.595,83124.32,30148.031,-0.1218999999999999,北京,全国地产,19930524,
600657.SH,信达地产,20041019,1.6619,1.605,1.6781,1.605,1.6375,-1.9847,21767.05,8754.076,-0.03249999999999997,北京,全国地产,19930524,
600657.SH,信达地产,20041018,1.6131,1.6375,1.666,1.6091,1.6131,1.5126,16924.23,6808.773,0.024399999999999977,北京,全国地产,19930524,
600657.SH,信达地产,20041015,1.5847,1.6131,1.6497,1.5644,1.5928,1.2745,21242.44,8432.491,0.020299999999999985,北京,全国地产,19930524,
600657.SH,信达地产,20041014,1.7147,1.5928,1.735,1.5847,1.7106,-6.8865,30355.15,12343.68,-0.1177999999999999,北京,全国地产,19930524,
600657.SH,信达地产,20041013,1.666,1.7106,1.7269,1.6578,1.6578,3.1849,25080.93,10453.865,0.05279999999999996,北京,全国地产,19930524,
600657.SH,信达地产,20041012,1.7147,1.6578,1.7147,1.6497,1.7188,-3.549,30960.17,12755.343,-0.061000000000000165,北京,全国地产,19930524,
600657.SH,信达地产,20041011,1.7594,1.7188,1.8122,1.6781,1.7594,-2.3076,50209.08,21447.083,-0.04059999999999997,北京,全国地产,19930524,
600657.SH,信达地产,20041008,1.7147,1.7594,1.7675,1.5644,1.7025,3.3421,41846.43,17111.007,0.05690000000000017,北京,全国地产,19930524,
600657.SH,信达地产,20040930,1.8285,1.7025,1.8488,1.67,1.8407,-7.508,66029.95,28149.521,-0.1382000000000001,北京,全国地产,19930524,
600657.SH,信达地产,20040929,1.9179,1.8407,1.9423,1.8366,1.9097,-3.6131,28228.38,13117.835,-0.06899999999999995,北京,全国地产,19930524,
600657.SH,信达地产,20040928,1.9179,1.9097,1.9504,1.8732,1.9301,-1.0569,29933.21,14039.089,-0.020399999999999974,北京,全国地产,19930524,
600657.SH,信达地产,20040927,1.9707,1.9301,2.0398,1.8935,1.9585,-1.4501,58215.7,27950.788,-0.02839999999999998,北京,全国地产,19930524,
600657.SH,信达地产,20040924,2.121,1.9585,2.1332,1.9463,2.1251,-7.8396,131713.27,67171.241,-0.1666000000000003,北京,全国地产,19930524,
600657.SH,信达地产,20040923,1.9707,2.1251,2.1454,1.9707,1.9585,8.5065,191831.24,97963.637,0.1666000000000003,北京,全国地产,19930524,
600657.SH,信达地产,20040922,1.991,1.9585,1.9991,1.926,2.0113,-2.6252,105177.16,50642.295,-0.05279999999999996,北京,全国地产,19930524,
600657.SH,信达地产,20040921,2.0642,2.0113,2.0682,1.991,2.0763,-3.1306,122981.11,61305.556,-0.06499999999999995,北京,全国地产,19930524,
600657.SH,信达地产,20040920,1.9504,2.0763,2.0804,1.9057,1.9788,4.9272,153822.92,75329.177,0.09749999999999992,北京,全国地产,19930524,
600657.SH,信达地产,20040917,1.9219,1.9788,1.991,1.9016,1.9301,2.5232,83359.25,40062.683,0.048699999999999966,北京,全国地产,19930524,
600657.SH,信达地产,20040916,1.9057,1.9301,1.9463,1.8691,1.9219,0.4267,83960.41,39322.922,0.008199999999999985,北京,全国地产,19930524,
600657.SH,信达地产,20040915,1.8082,1.9219,1.991,1.7878,1.8082,6.288,162239.04,75598.652,0.11369999999999991,北京,全国地产,19930524,
600657.SH,信达地产,20040914,1.7066,1.8082,1.8244,1.6903,1.6781,7.7528,105722.13,46362.565,0.1301000000000001,北京,全国地产,19930524,
600657.SH,信达地产,20040913,1.7513,1.6781,1.7513,1.6741,1.7553,-4.3981,42611.29,17786.92,-0.07720000000000016,北京,全国地产,19930524,
600657.SH,信达地产,20040910,1.7106,1.7553,1.7878,1.7106,1.7106,2.6131,75272.25,32646.298,0.044700000000000184,北京,全国地产,19930524,
600657.SH,信达地产,20040909,1.7269,1.7106,1.7391,1.6985,1.7391,-1.6388,23859.32,10066.366,-0.028500000000000192,北京,全国地产,19930524,
600657.SH,信达地产,20040908,1.735,1.7391,1.7716,1.7228,1.7269,0.7065,41704.33,17921.794,0.012199999999999989,北京,全国地产,19930524,
600657.SH,信达地产,20040907,1.7269,1.7269,1.7391,1.6903,1.7269,0.0,17281.11,7273.422,0.0,北京,全国地产,19930524,
600657.SH,信达地产,20040906,1.7147,1.7269,1.7472,1.7025,1.7228,0.238,29090.94,12332.504,0.0040999999999999925,北京,全国地产,19930524,
600657.SH,信达地产,20040903,1.6944,1.7228,1.7675,1.6781,1.6944,1.6761,93828.01,39838.082,0.028400000000000203,北京,全国地产,19930524,
600657.SH,信达地产,20040902,1.6213,1.6944,1.6944,1.6131,1.6294,3.9892,43224.43,17615.052,0.06499999999999995,北京,全国地产,19930524,
600657.SH,信达地产,20040901,1.6334,1.6294,1.6456,1.6131,1.6538,-1.4754,25698.14,10316.189,-0.024399999999999977,北京,全国地产,19930524,
600657.SH,信达地产,20040831,1.5725,1.6538,1.731,1.5725,1.5725,5.1701,84941.55,35020.397,0.08129999999999993,北京,全国地产,19930524,
600657.SH,信达地产,20040830,1.5481,1.5725,1.6091,1.5481,1.5603,0.7819,9392.23,3651.47,0.012199999999999989,北京,全国地产,19930524,
600657.SH,信达地产,20040827,1.5887,1.5603,1.6091,1.5522,1.5969,-2.2919,11237.19,4352.706,-0.036599999999999966,北京,全国地产,19930524,
600657.SH,信达地产,20040826,1.6334,1.5969,1.6538,1.5725,1.6416,-2.723,17990.62,7097.421,-0.04469999999999996,北京,全国地产,19930524,
600657.SH,信达地产,20040825,1.6985,1.6416,1.6985,1.6334,1.6985,-3.35,27888.86,11339.752,-0.05689999999999995,北京,全国地产,19930524,
600657.SH,信达地产,20040824,1.6416,1.6985,1.7106,1.6172,1.6456,3.2146,31890.36,13155.085,0.05289999999999995,北京,全国地产,19930524,
600657.SH,信达地产,20040823,1.6213,1.6456,1.6619,1.605,1.6253,1.249,12856.7,5178.854,0.020299999999999985,北京,全国地产,19930524,
600657.SH,信达地产,20040820,1.6253,1.6253,1.6578,1.5684,1.6456,-1.2336,17023.04,6759.518,-0.020299999999999985,北京,全国地产,19930524,
600657.SH,信达地产,20040819,1.7066,1.6456,1.7106,1.6091,1.7106,-3.7998,20384.49,8187.427,-0.06499999999999995,北京,全国地产,19930524,
600657.SH,信达地产,20040818,1.7472,1.7106,1.7675,1.666,1.7472,-2.0948,12228.73,5187.589,-0.03660000000000019,北京,全国地产,19930524,
600657.SH,信达地产,20040817,1.7391,1.7472,1.7838,1.7269,1.7513,-0.2341,10082.96,4356.29,-0.0040999999999999925,北京,全国地产,19930524,
600657.SH,信达地产,20040816,1.8285,1.7513,1.8447,1.7106,1.8285,-4.222,16716.49,7248.268,-0.07719999999999994,北京,全国地产,19930524,
600657.SH,信达地产,20040813,1.8447,1.8285,1.8651,1.8244,1.8366,-0.441,5911.5,2676.099,-0.008099999999999996,北京,全国地产,19930524,
600657.SH,信达地产,20040812,1.8691,1.8366,1.8691,1.8122,1.8732,-1.9539,13451.24,6072.072,-0.036599999999999966,北京,全国地产,19930524,
600657.SH,信达地产,20040811,1.9301,1.8732,1.9301,1.8691,1.9382,-3.3536,9739.03,4523.739,-0.06499999999999995,北京,全国地产,19930524,
600657.SH,信达地产,20040810,1.9301,1.9382,1.9463,1.8935,1.9179,1.0584,6433.25,3049.286,0.020299999999999985,北京,全国地产,19930524,
600657.SH,信达地产,20040809,1.9016,1.9179,1.9301,1.8691,1.9016,0.8572,6559.31,3066.611,0.01629999999999998,北京,全国地产,19930524,
600657.SH,信达地产,20040806,1.9382,1.9016,1.9585,1.9016,1.9544,-2.7016,16183.3,7656.372,-0.05279999999999996,北京,全国地产,19930524,
600657.SH,信达地产,20040805,2.0235,1.9544,2.0438,1.9544,1.991,-1.8383,51974.63,25682.011,-0.03660000000000019,北京,全国地产,19930524,
600657.SH,信达地产,20040804,1.9138,1.991,2.0032,1.9097,1.9138,4.0339,33065.42,16017.468,0.07720000000000016,北京,全国地产,19930524,
600657.SH,信达地产,20040803,1.8935,1.9138,1.9382,1.8772,1.9057,0.425,8678.63,4095.277,0.008099999999999996,北京,全国地产,19930524,
600657.SH,信达地产,20040802,1.8691,1.9057,1.9423,1.8325,1.8894,0.8627,8167.05,3776.356,0.01629999999999998,北京,全国地产,19930524,
600657.SH,信达地产,20040730,1.9423,1.8894,1.9829,1.8894,1.9382,-2.5178,17652.82,8382.401,-0.048799999999999955,北京,全国地产,19930524,
600657.SH,信达地产,20040729,1.8691,1.9382,1.9423,1.8529,1.8651,3.9194,19661.6,9239.236,0.07309999999999994,北京,全国地产,19930524,
600657.SH,信达地产,20040728,1.8285,1.8651,1.8772,1.8041,1.8488,0.8817,9717.57,4407.162,0.01629999999999998,北京,全国地产,19930524,
600657.SH,信达地产,20040727,1.8772,1.8488,1.9016,1.8163,1.8854,-1.9412,13006.17,5906.335,-0.036599999999999966,北京,全国地产,19930524,
600657.SH,信达地产,20040726,1.9138,1.8854,1.9219,1.8651,1.9341,-2.518,11783.33,5479.2,-0.048699999999999966,北京,全国地产,19930524,
600657.SH,信达地产,20040723,1.9016,1.9341,1.9382,1.8691,1.9016,1.7091,12651.6,5903.586,0.03249999999999997,北京,全国地产,19930524,
600657.SH,信达地产,20040722,1.9666,1.9016,2.0113,1.8854,1.9585,-2.9053,19148.88,9176.534,-0.05689999999999995,北京,全国地产,19930524,
600657.SH,信达地产,20040721,1.991,1.9585,1.9991,1.9544,1.991,-1.6323,15705.18,7605.15,-0.032500000000000195,北京,全国地产,19930524,
600657.SH,信达地产,20040720,2.0276,1.991,2.0276,1.987,2.0479,-2.7785,22485.47,11077.144,-0.05689999999999973,北京,全国地产,19930524,
600657.SH,信达地产,20040719,2.0113,2.0479,2.056,1.991,1.9748,3.7016,89102.65,44354.694,0.07309999999999972,北京,全国地产,19930524,
600657.SH,信达地产,20040716,1.9138,1.9748,1.991,1.8813,1.9057,3.626,52457.64,25055.178,0.06910000000000016,北京,全国地产,19930524,
600657.SH,信达地产,20040715,1.8854,1.9057,1.9544,1.8529,1.8976,0.4269,27733.36,13038.101,0.008099999999999996,北京,全国地产,19930524,
600657.SH,信达地产,20040714,1.9463,1.8976,1.9463,1.8,1.9748,-3.9093,54742.28,25233.838,-0.07720000000000016,北京,全国地产,19930524,
600657.SH,信达地产,20040713,2.0316,1.9748,2.0926,1.9748,2.1942,-9.9991,43439.42,21288.972,-0.21939999999999982,北京,全国地产,19930524,
600657.SH,信达地产,20040712,2.3039,2.1942,2.3039,2.182,2.3283,-5.7596,20214.42,11067.489,-0.1341000000000001,北京,全国地产,19930524,
600657.SH,信达地产,20040709,2.3283,2.3283,2.4299,2.3201,2.3283,0.0,51985.28,30373.361,0.0,北京,全国地产,19930524,
600657.SH,信达地产,20040708,2.3201,2.3283,2.3283,2.2551,2.2917,1.5971,14289.44,8093.076,0.036599999999999966,北京,全国地产,19930524,
600657.SH,信达地产,20040707,2.247,2.2917,2.2958,2.2389,2.2836,0.3547,9968.02,5548.574,0.008100000000000218,北京,全国地产,19930524,
600657.SH,信达地产,20040706,2.2592,2.2836,2.3283,2.2551,2.2551,1.2638,13585.28,7648.923,0.028499999999999748,北京,全国地产,19930524,
600657.SH,信达地产,20040705,2.2348,2.2551,2.2714,2.2186,2.2592,-0.1815,6609.0,3643.38,-0.0040999999999997705,北京,全国地产,19930524,
600657.SH,信达地产,20040702,2.2754,2.2592,2.2836,2.2348,2.2876,-1.2415,11490.11,6380.101,-0.02839999999999998,北京,全国地产,19930524,
600657.SH,信达地产,20040701,2.1779,2.2876,2.308,2.1779,2.1779,5.037,18173.29,10070.405,0.10969999999999969,北京,全国地产,19930524,
600657.SH,信达地产,20040630,2.2348,2.1779,2.2511,2.1739,2.2429,-2.898,9194.17,4986.512,-0.06499999999999995,北京,全国地产,19930524,
600657.SH,信达地产,20040629,2.2186,2.2429,2.2714,2.1535,2.2145,1.2825,14053.02,7677.273,0.02839999999999998,北京,全国地产,19930524,
600657.SH,信达地产,20040628,2.1901,2.2145,2.2348,2.182,2.2145,0.0,9759.76,5304.235,0.0,北京,全国地产,19930524,
600657.SH,信达地产,20040625,2.2998,2.2145,2.3242,2.2145,2.308,-4.0511,11649.18,6487.307,-0.0934999999999997,北京,全国地产,19930524,
600657.SH,信达地产,20040624,2.3364,2.308,2.3811,2.2998,2.3567,-2.0664,10976.81,6314.999,-0.04870000000000019,北京,全国地产,19930524,
600657.SH,信达地产,20040623,2.3892,2.3567,2.3892,2.3201,2.3973,-1.6936,14986.63,8632.786,-0.04059999999999997,北京,全国地产,19930524,
600657.SH,信达地产,20040622,2.4014,2.3973,2.442,2.3811,2.3892,0.339,47896.79,28437.151,0.008099999999999774,北京,全国地产,19930524,
600657.SH,信达地产,20040621,2.2754,2.3892,2.3933,2.2673,2.2754,5.0013,32610.94,18839.034,0.11380000000000035,北京,全国地产,19930524,
600657.SH,信达地产,20040618,2.2104,2.2754,2.3526,2.1861,2.2104,2.9406,28559.34,15968.58,0.06499999999999995,北京,全国地产,19930524,
600657.SH,信达地产,20040617,2.2714,2.2104,2.2836,2.1982,2.2714,-2.6856,9708.82,5334.258,-0.06099999999999994,北京,全国地产,19930524,
600657.SH,信达地产,20040616,2.2551,2.2714,2.3364,2.2104,2.2511,0.9018,28780.56,16129.314,0.020299999999999763,北京,全国地产,19930524,
600657.SH,信达地产,20040615,2.182,2.2511,2.2633,2.182,2.2023,2.2159,13014.14,7134.761,0.048799999999999955,北京,全国地产,19930524,
600657.SH,信达地产,20040614,2.3242,2.2023,2.3242,2.1942,2.3283,-5.4117,13748.56,7566.008,-0.1259999999999999,北京,全国地产,19930524,
600657.SH,信达地产,20040611,2.3283,2.3283,2.4095,2.3242,2.3242,0.1764,9623.25,5614.635,0.004100000000000215,北京,全国地产,19930524,
600657.SH,信达地产,20040610,2.4014,2.3242,2.4299,2.3201,2.4095,-3.5402,16545.21,9589.618,-0.08530000000000015,北京,全国地产,19930524,
600657.SH,信达地产,20040609,2.4908,2.4095,2.5396,2.3892,2.4989,-3.5776,12593.77,7630.635,-0.08939999999999992,北京,全国地产,19930524,
600657.SH,信达地产,20040608,2.5111,2.4989,2.5558,2.4908,2.5274,-1.1276,6569.27,4075.911,-0.028500000000000192,北京,全国地产,19930524,
600657.SH,信达地产,20040607,2.5924,2.5274,2.6005,2.4989,2.6005,-2.811,8662.92,5392.341,-0.07309999999999972,北京,全国地产,19930524,
600657.SH,信达地产,20040604,2.5721,2.6005,2.6411,2.5558,2.5883,0.4714,11132.47,7145.823,0.012199999999999989,北京,全国地产,19930524,
600657.SH,信达地产,20040603,2.6615,2.5883,2.6736,2.5802,2.6818,-3.4865,17130.88,10971.006,-0.09350000000000014,北京,全国地产,19930524,
600657.SH,信达地产,20040602,2.6818,2.6818,2.7021,2.6493,2.6533,1.0741,35503.44,23373.678,0.028499999999999748,北京,全国地产,19930524,
600657.SH,信达地产,20040601,2.6046,2.6533,2.6615,2.5761,2.5761,2.9968,22553.48,14612.292,0.07720000000000038,北京,全国地产,19930524,
600657.SH,信达地产,20040528,2.6168,2.5761,2.6411,2.5599,2.5964,-0.7819,19334.04,12385.428,-0.020300000000000207,北京,全国地产,19930524,
600657.SH,信达地产,20040527,2.503,2.5964,2.6127,2.4745,2.5111,3.3969,21875.34,13845.204,0.08530000000000015,北京,全国地产,19930524,
600657.SH,信达地产,20040526,2.4461,2.5111,2.5558,2.438,2.4502,2.4855,10646.93,6530.894,0.06089999999999973,北京,全国地产,19930524,
600657.SH,信达地产,20040525,2.5274,2.4502,2.5274,2.442,2.5314,-3.2077,11262.91,6883.253,-0.08119999999999994,北京,全国地产,19930524,
600657.SH,信达地产,20040524,2.6086,2.5314,2.6127,2.5233,2.6086,-2.9594,8032.15,5044.067,-0.07719999999999994,北京,全国地产,19930524,
600657.SH,信达地产,20040521,2.568,2.6086,2.6127,2.5639,2.5761,1.2616,6246.7,3988.266,0.032500000000000195,北京,全国地产,19930524,
600657.SH,信达地产,20040520,2.6371,2.5761,2.6533,2.5639,2.6371,-2.3131,12051.49,7703.281,-0.06100000000000039,北京,全国地产,19930524,
600657.SH,信达地产,20040519,2.698,2.6371,2.7062,2.633,2.6777,-1.5162,19344.95,12700.823,-0.04059999999999997,北京,全国地产,19930524,
600657.SH,信达地产,20040518,2.6046,2.6777,2.6818,2.6005,2.5883,3.454,23484.13,15280.611,0.08940000000000037,北京,全国地产,19930524,
600657.SH,信达地产,20040517,2.5599,2.5883,2.6208,2.5274,2.5721,0.6298,9440.01,6013.977,0.016199999999999992,北京,全国地产,19930524,
600657.SH,信达地产,20040514,2.6249,2.5721,2.6452,2.5436,2.629,-2.1643,19686.7,12545.178,-0.05690000000000017,北京,全国地产,19930524,
600657.SH,信达地产,20040513,2.6208,2.629,2.6615,2.5721,2.6371,-0.3072,36232.06,23380.234,-0.008100000000000218,北京,全国地产,19930524,
600657.SH,信达地产,20040512,2.5517,2.6371,2.6452,2.5517,2.5111,5.0177,52239.52,33471.864,0.12600000000000033,北京,全国地产,19930524,
600657.SH,信达地产,20040511,2.4745,2.5111,2.5396,2.4705,2.4867,0.9812,10900.77,6715.527,0.024399999999999977,北京,全国地产,19930524,
600657.SH,信达地产,20040510,2.5192,2.4867,2.5314,2.4624,2.5192,-1.2901,15951.29,9740.664,-0.032500000000000195,北京,全国地产,19930524,
600657.SH,信达地产,20040430,2.5192,2.5192,2.5802,2.4542,2.5802,-2.3642,43415.73,26707.318,-0.06099999999999994,北京,全国地产,19930524,
600657.SH,信达地产,20040429,2.6452,2.5802,2.7549,2.5802,2.8646,-9.9281,44642.88,28736.84,-0.28439999999999976,北京,全国地产,19930524,
600657.SH,信达地产,20040428,2.824,2.8646,2.9093,2.824,2.824,1.4377,10035.68,7096.886,0.04059999999999997,北京,全国地产,19930524,
600657.SH,信达地产,20040427,2.8443,2.824,2.9215,2.824,2.8443,-0.7137,12414.13,8730.917,-0.020300000000000207,北京,全国地产,19930524,
600657.SH,信达地产,20040426,2.8931,2.8443,2.9418,2.824,2.9093,-2.2342,12265.76,8685.916,-0.06499999999999995,北京,全国地产,19930524,
600657.SH,信达地产,20040423,3.0312,2.9093,3.0312,2.8931,3.0312,-4.0215,11139.4,8095.411,-0.12190000000000012,北京,全国地产,19930524,
600657.SH,信达地产,20040422,2.9825,3.0312,3.0393,2.9662,2.9662,2.1914,12084.69,8950.638,0.06499999999999995,北京,全国地产,19930524,
600657.SH,信达地产,20040421,2.9459,2.9662,3.0475,2.9296,2.9256,1.3877,13177.68,9677.406,0.04059999999999997,北京,全国地产,19930524,
600657.SH,信达地产,20040420,2.9174,2.9256,2.954,2.8849,2.9215,0.1403,8358.06,5997.568,0.004100000000000215,北京,全国地产,19930524,
600657.SH,信达地产,20040419,3.0028,2.9215,3.0028,2.9134,3.0068,-2.8369,10310.33,7488.104,-0.08530000000000015,北京,全国地产,19930524,
600657.SH,信达地产,20040416,2.9703,3.0068,3.0231,2.8849,2.9825,0.8148,20582.12,15012.262,0.02430000000000021,北京,全国地产,19930524,
600657.SH,信达地产,20040415,3.0962,2.9825,3.1247,2.9703,3.1003,-3.7996,20229.31,15175.697,-0.1177999999999999,北京,全国地产,19930524,
600657.SH,信达地产,20040414,3.2506,3.1003,3.275,3.08,3.2344,-4.1461,30255.04,23320.932,-0.1341000000000001,北京,全国地产,19930524,
600657.SH,信达地产,20040413,3.1937,3.2344,3.271,3.1694,3.1937,1.2744,22225.53,17640.727,0.040699999999999736,北京,全国地产,19930524,
600657.SH,信达地产,20040412,3.1612,3.1937,3.2344,3.1287,3.1937,0.0,22100.27,17312.794,0.0,北京,全国地产,19930524,
600657.SH,信达地产,20040409,3.3075,3.1937,3.3238,3.1816,3.3075,-3.4407,42157.31,33769.192,-0.1137999999999999,北京,全国地产,19930524,
600657.SH,信达地产,20040408,3.3725,3.3075,3.3725,3.2994,3.3847,-2.2809,37427.57,30650.17,-0.07719999999999994,北京,全国地产,19930524,
600657.SH,信达地产,20040407,3.4741,3.3847,3.4904,3.3725,3.4579,-2.1169,52809.81,44641.651,-0.07319999999999993,北京,全国地产,19930524,
600657.SH,信达地产,20040406,3.3969,3.4579,3.4701,3.3766,3.405,1.5536,51021.54,43165.382,0.05290000000000017,北京,全国地产,19930524,
600657.SH,信达地产,20040405,3.3725,3.405,3.4091,3.3156,3.3725,0.9637,35117.51,28885.167,0.03249999999999975,北京,全国地产,19930524,
600657.SH,信达地产,20040402,3.4213,3.3725,3.4457,3.3441,3.4213,-1.4264,38740.13,32211.75,-0.048799999999999955,北京,全国地产,19930524,
600657.SH,信达地产,20040401,3.4254,3.4213,3.4375,3.3847,3.4132,0.2373,26310.39,22098.642,0.008100000000000218,北京,全国地产,19930524,
600657.SH,信达地产,20040331,3.401,3.4132,3.4172,3.3644,3.3725,1.2068,50200.38,41925.587,0.040699999999999736,北京,全国地产,19930524,
600657.SH,信达地产,20040330,3.3238,3.3725,3.3766,3.3116,3.3238,1.4652,23893.94,19674.68,0.04870000000000019,北京,全国地产,19930524,
600657.SH,信达地产,20040329,3.3969,3.3238,3.4335,3.3156,3.3929,-2.0366,27776.2,23164.992,-0.06910000000000016,北京,全国地产,19930524,
600657.SH,信达地产,20040326,3.3319,3.3929,3.4294,3.3238,3.3278,1.9562,54586.49,45494.345,0.06510000000000016,北京,全国地产,19930524,
600657.SH,信达地产,20040325,3.3156,3.3278,3.3644,3.2953,3.3238,0.1203,17398.2,14236.273,0.0040000000000000036,北京,全国地产,19930524,
600657.SH,信达地产,20040324,3.3807,3.3238,3.3969,3.2953,3.3847,-1.7993,33573.57,27729.318,-0.060900000000000176,北京,全国地产,19930524,
600657.SH,信达地产,20040323,3.3319,3.3847,3.4457,3.2994,3.3156,2.0841,74500.56,61774.484,0.06910000000000016,北京,全国地产,19930524,
600657.SH,信达地产,20040322,3.271,3.3156,3.3238,3.2303,3.2669,1.4907,31267.53,25188.257,0.048699999999999743,北京,全国地产,19930524,
600657.SH,信达地产,20040319,3.21,3.2669,3.2872,3.1937,3.2141,1.6428,27430.78,21839.35,0.05279999999999996,北京,全国地产,19930524,
600657.SH,信达地产,20040318,3.3644,3.2141,3.3807,3.2019,3.3644,-4.4674,45031.81,36377.447,-0.15029999999999966,北京,全国地产,19930524,
600657.SH,信达地产,20040317,3.3116,3.3644,3.4091,3.2872,3.3075,1.7203,59250.2,49161.343,0.05689999999999973,北京,全国地产,19930524,
600657.SH,信达地产,20040316,3.2913,3.3075,3.3319,3.2506,3.2994,0.2455,36484.29,29564.367,0.008100000000000218,北京,全国地产,19930524,
600657.SH,信达地产,20040315,3.2222,3.2994,3.3603,3.1694,3.2222,2.3959,55744.43,44935.274,0.07719999999999994,北京,全国地产,19930524,
600657.SH,信达地产,20040312,3.2669,3.2222,3.271,3.1897,3.2669,-1.3683,25333.6,20111.708,-0.044700000000000184,北京,全国地产,19930524,
600657.SH,信达地产,20040311,3.2425,3.2669,3.3563,3.0881,3.2263,1.2584,41826.91,33696.729,0.04059999999999997,北京,全国地产,19930524,
600657.SH,信达地产,20040310,3.1287,3.2263,3.2506,3.0881,3.1287,3.1195,33822.48,26565.058,0.09760000000000035,北京,全国地产,19930524,
600657.SH,信达地产,20040309,3.2303,3.1287,3.271,3.1206,3.2384,-3.3875,41907.38,33085.932,-0.10970000000000013,北京,全国地产,19930524,
600657.SH,信达地产,20040308,3.4132,3.2384,3.4619,3.2384,3.4213,-5.3459,62279.73,50835.731,-0.18290000000000006,北京,全国地产,19930524,
600657.SH,信达地产,20040305,3.6366,3.4213,3.6366,3.4132,3.6163,-5.3923,67475.47,58673.466,-0.19499999999999984,北京,全国地产,19930524,
600657.SH,信达地产,20040304,3.4782,3.6163,3.6488,3.4172,3.5269,2.5348,136169.34,118538.833,0.08939999999999992,北京,全国地产,19930524,
600657.SH,信达地产,20040303,3.4538,3.5269,3.5716,3.3644,3.34,5.5958,172224.2,147482.034,0.18690000000000007,北京,全国地产,19930524,
600657.SH,信达地产,20040302,3.3563,3.34,3.3644,3.2588,3.3644,-0.7252,28433.17,23173.083,-0.024399999999999977,北京,全国地产,19930524,
600657.SH,信达地产,20040301,3.2913,3.3644,3.3929,3.2263,3.3035,1.8435,40324.12,33015.654,0.06089999999999973,北京,全国地产,19930524,
600657.SH,信达地产,20040227,3.2506,3.3035,3.3319,3.2222,3.2425,1.8813,23151.41,18703.908,0.06099999999999994,北京,全国地产,19930524,
600657.SH,信达地产,20040226,3.2344,3.2425,3.3116,3.2263,3.2344,0.2504,42787.18,34441.744,0.008100000000000218,北京,全国地产,19930524,
600657.SH,信达地产,20040225,3.3319,3.2344,3.3685,3.1734,3.2953,-1.8481,36539.49,29456.347,-0.060900000000000176,北京,全国地产,19930524,
600657.SH,信达地产,20040224,3.34,3.2953,3.405,3.21,3.3522,-1.6974,42925.96,34900.779,-0.05689999999999973,北京,全国地产,19930524,
600657.SH,信达地产,20040223,3.4538,3.3522,3.4782,3.34,3.4172,-1.9021,62329.11,52192.541,-0.06499999999999995,北京,全国地产,19930524,
600657.SH,信达地产,20040220,3.5026,3.4172,3.5026,3.3644,3.5066,-2.5495,70065.73,58923.757,-0.08940000000000037,北京,全国地产,19930524,
600657.SH,信达地产,20040219,3.5554,3.5066,3.5676,3.4538,3.5351,-0.8062,45187.78,38958.681,-0.028499999999999748,北京,全国地产,19930524,
600657.SH,信达地产,20040218,3.4863,3.5351,3.6488,3.466,3.4863,1.3998,84324.04,74091.717,0.048799999999999955,北京,全国地产,19930524,
600657.SH,信达地产,20040217,3.4904,3.4863,3.5107,3.3929,3.4904,-0.1175,67085.88,57129.694,-0.004100000000000215,北京,全国地产,19930524,
600657.SH,信达地产,20040216,3.4416,3.4904,3.5269,3.3969,3.401,2.6286,76483.96,65242.481,0.08940000000000037,北京,全国地产,19930524,
600657.SH,信达地产,20040213,3.3522,3.401,3.4538,3.2953,3.34,1.8263,84470.5,70614.62,0.06099999999999994,北京,全国地产,19930524,
600657.SH,信达地产,20040212,3.2506,3.34,3.3807,3.2506,3.2425,3.0069,55291.0,45434.879,0.0974999999999997,北京,全国地产,19930524,
600657.SH,信达地产,20040211,3.2547,3.2425,3.3116,3.1937,3.2791,-1.1162,38986.51,31259.015,-0.036599999999999966,北京,全国地产,19930524,
600657.SH,信达地产,20040210,3.3441,3.2791,3.3644,3.2506,3.34,-1.8234,35125.27,28476.945,-0.06089999999999973,北京,全国地产,19930524,
600657.SH,信达地产,20040209,3.2547,3.34,3.3644,3.2303,3.2831,1.7331,31417.25,25573.118,0.05689999999999973,北京,全国地产,19930524,
600657.SH,信达地产,20040206,3.3807,3.2831,3.3807,3.2791,3.4091,-3.696,52609.01,42902.252,-0.1259999999999999,北京,全国地产,19930524,
600657.SH,信达地产,20040205,3.3725,3.4091,3.4457,3.336,3.2791,3.9645,128796.61,107728.899,0.1299999999999999,北京,全国地产,19930524,
600657.SH,信达地产,20040204,3.2425,3.2791,3.3075,3.1897,3.2344,1.382,68646.02,55054.413,0.044700000000000184,北京,全国地产,19930524,
600657.SH,信达地产,20040203,3.1531,3.2344,3.2466,3.0881,3.1531,2.5784,60296.53,47081.786,0.08130000000000015,北京,全国地产,19930524,
600657.SH,信达地产,20040202,3.1287,3.1531,3.2831,3.0068,3.1165,1.1744,52538.71,40671.353,0.036599999999999966,北京,全国地产,19930524,
600657.SH,信达地产,20040130,3.271,3.1165,3.34,3.1084,3.3035,-5.6607,76154.19,60285.062,-0.18700000000000028,北京,全国地产,19930524,
600657.SH,信达地产,20040129,3.1653,3.3035,3.4375,3.1206,3.1531,4.7699,138161.99,111170.44,0.1504000000000003,北京,全国地产,19930524,
600657.SH,信达地产,20040116,2.8646,3.1531,3.1612,2.8606,2.8727,9.7609,174379.23,133067.45,0.28039999999999976,北京,全国地产,19930524,
600657.SH,信达地产,20040115,2.7752,2.8727,2.9093,2.7427,2.7834,3.2083,46403.84,32692.041,0.08930000000000016,北京,全国地产,19930524,
600657.SH,信达地产,20040114,2.8484,2.7834,2.8727,2.7671,2.8321,-1.7196,14540.62,10044.884,-0.04870000000000019,北京,全国地产,19930524,
600657.SH,信达地产,20040113,2.7712,2.8321,2.8727,2.7549,2.7549,2.8023,26072.36,18076.905,0.07719999999999994,北京,全国地产,19930524,
600657.SH,信达地产,20040112,2.7549,2.7549,2.7996,2.7265,2.763,-0.2932,22044.39,14958.014,-0.008099999999999774,北京,全国地产,19930524,
600657.SH,信达地产,20040109,2.8849,2.763,2.9337,2.763,2.8768,-3.9558,42467.6,29788.138,-0.1137999999999999,北京,全国地产,19930524,
600657.SH,信达地产,20040108,2.8524,2.8768,2.9459,2.7671,2.8484,0.9971,51919.98,36735.371,0.02839999999999998,北京,全国地产,19930524,
600657.SH,信达地产,20040107,2.8037,2.8484,2.9012,2.7834,2.7955,1.8923,42718.36,29824.842,0.052899999999999725,北京,全国地产,19930524,
600657.SH,信达地产,20040106,2.6858,2.7955,2.8159,2.6493,2.6899,3.9258,40736.12,27571.093,0.10559999999999992,北京,全国地产,19930524,
600657.SH,信达地产,20040105,2.6005,2.6899,2.7021,2.6005,2.5802,4.2516,30584.06,20087.569,0.10970000000000013,北京,全国地产,19930524,
600657.SH,信达地产,20040102,2.5152,2.5802,2.6655,2.5152,2.5192,2.4214,13466.56,8648.143,0.06099999999999994,北京,全国地产,19930524,
600657.SH,信达地产,20031231,2.5396,2.5192,2.5964,2.5111,2.5355,-0.6429,10137.5,6378.464,-0.01629999999999976,北京,全国地产,19930524,
600657.SH,信达地产,20031230,2.5396,2.5355,2.5802,2.5192,2.5477,-0.4789,9304.9,5807.17,-0.012199999999999989,北京,全国地产,19930524,
600657.SH,信达地产,20031229,2.6005,2.5477,2.629,2.5396,2.629,-3.0924,13285.17,8407.976,-0.08130000000000015,北京,全国地产,19930524,
600657.SH,信达地产,20031226,2.633,2.629,2.6696,2.5964,2.6452,-0.6124,13521.79,8734.91,-0.016199999999999992,北京,全国地产,19930524,
600657.SH,信达地产,20031225,2.6411,2.6452,2.7143,2.5964,2.6493,-0.1548,25024.42,16385.85,-0.004100000000000215,北京,全国地产,19930524,
600657.SH,信达地产,20031224,2.7021,2.6493,2.7183,2.6127,2.6655,-0.6078,32666.19,21287.077,-0.016199999999999992,北京,全国地产,19930524,
600657.SH,信达地产,20031223,2.6615,2.6655,2.6655,2.6046,2.4217,10.0673,32193.17,21026.188,0.24380000000000024,北京,全国地产,19930524,
600657.SH,信达地产,20031219,2.568,2.4217,2.5802,2.3161,2.568,-5.697,45066.46,27173.942,-0.1463000000000001,北京,全国地产,19930524,
600657.SH,信达地产,20031218,2.633,2.568,2.6777,2.5233,2.6615,-3.5131,25669.64,16351.657,-0.09350000000000014,北京,全国地产,19930524,
600657.SH,信达地产,20031217,2.7021,2.6615,2.7387,2.6493,2.7143,-1.9453,15132.82,10076.456,-0.05279999999999996,北京,全国地产,19930524,
600657.SH,信达地产,20031216,2.7752,2.7143,2.7752,2.6615,2.7752,-2.1944,22868.49,15213.468,-0.06089999999999973,北京,全国地产,19930524,
600657.SH,信达地产,20031215,2.8362,2.7752,2.8362,2.7671,2.8362,-2.1508,14391.07,9876.854,-0.06099999999999994,北京,全国地产,19930524,
600657.SH,信达地产,20031212,2.8646,2.8362,2.8646,2.8037,2.8484,-0.4283,12575.21,8774.477,-0.012199999999999989,北京,全国地产,19930524,
600657.SH,信达地产,20031211,2.8931,2.8484,2.8971,2.7874,2.8849,-1.2652,24445.2,17054.878,-0.0365000000000002,北京,全国地产,19930524,
600657.SH,信达地产,20031210,2.8849,2.8849,2.8931,2.8362,2.8687,0.5647,30492.6,21544.339,0.016199999999999992,北京,全国地产,19930524,
600657.SH,信达地产,20031209,2.7793,2.8687,2.8687,2.763,2.7874,2.9167,22720.88,15773.317,0.08130000000000015,北京,全国地产,19930524,
600657.SH,信达地产,20031208,2.8849,2.7874,2.9053,2.7752,2.8768,-3.1076,20062.69,14002.945,-0.08939999999999992,北京,全国地产,19930524,
600657.SH,信达地产,20031205,2.8849,2.8768,2.9174,2.8443,2.8809,-0.1423,27841.96,19727.283,-0.004100000000000215,北京,全国地产,19930524,
600657.SH,信达地产,20031204,2.8524,2.8809,2.9012,2.8118,2.8443,1.2868,32724.03,22963.149,0.036599999999999966,北京,全国地产,19930524,
600657.SH,信达地产,20031203,2.8037,2.8443,2.8484,2.7468,2.8118,1.1558,30890.23,21280.4,0.032500000000000195,北京,全国地产,19930524,
600657.SH,信达地产,20031202,2.8768,2.8118,2.9581,2.8037,2.8606,-1.7059,68015.35,48193.679,-0.048799999999999955,北京,全国地产,19930524,
600657.SH,信达地产,20031201,2.694,2.8606,2.889,2.694,2.694,6.1841,58734.86,40689.798,0.16659999999999986,北京,全国地产,19930524,
600657.SH,信达地产,20031128,2.7468,2.694,2.7834,2.6452,2.7468,-1.9222,36596.19,24273.205,-0.05279999999999996,北京,全国地产,19930524,
600657.SH,信达地产,20031127,2.8037,2.7468,2.8077,2.7224,2.8118,-2.3117,32609.08,22172.455,-0.06499999999999995,北京,全国地产,19930524,
600657.SH,信达地产,20031126,2.8037,2.8118,2.8281,2.7224,2.8118,0.0,47020.72,32007.705,0.0,北京,全国地产,19930524,
600657.SH,信达地产,20031125,2.8849,2.8118,2.9621,2.763,2.889,-2.6722,106077.55,74236.876,-0.07719999999999994,北京,全国地产,19930524,
600657.SH,信达地产,20031124,2.763,2.889,2.9825,2.7549,2.824,2.3017,82450.76,58554.219,0.06499999999999995,北京,全国地产,19930524,
600657.SH,信达地产,20031121,2.9459,2.824,3.1084,2.7752,2.9459,-4.138,130834.06,94076.596,-0.12190000000000012,北京,全国地产,19930524,
600657.SH,信达地产,20031120,2.6696,2.9459,2.9459,2.6411,2.6777,10.0161,183088.77,128509.703,0.26819999999999977,北京,全国地产,19930524,
600657.SH,信达地产,20031119,2.5314,2.6777,2.7305,2.5192,2.5558,4.7695,88967.79,58016.428,0.12190000000000012,北京,全国地产,19930524,
600657.SH,信达地产,20031118,2.4908,2.5558,2.5924,2.4624,2.503,2.1095,43071.52,26868.41,0.05279999999999996,北京,全国地产,19930524,
600657.SH,信达地产,20031117,2.5721,2.503,2.6005,2.4827,2.5721,-2.6865,30109.03,18688.613,-0.06909999999999972,北京,全国地产,19930524,
600657.SH,信达地产,20031114,2.5436,2.5721,2.6046,2.5192,2.5517,0.7995,47672.75,30037.174,0.020399999999999974,北京,全国地产,19930524,
600657.SH,信达地产,20031113,2.373,2.5517,2.633,2.373,2.3933,6.6185,92521.81,57947.671,0.15839999999999987,北京,全国地产,19930524,
600657.SH,信达地产,20031112,2.3933,2.3933,2.4583,2.3648,2.4177,-1.0092,33216.37,19723.229,-0.024399999999999977,北京,全国地产,19930524,
600657.SH,信达地产,20031111,2.3567,2.4177,2.4542,2.312,2.377,1.7122,42529.65,25174.1,0.04070000000000018,北京,全国地产,19930524,
600657.SH,信达地产,20031110,2.3445,2.377,2.3892,2.2714,2.3526,1.0372,34098.69,19602.531,0.024399999999999977,北京,全国地产,19930524,
600657.SH,信达地产,20031107,2.121,2.3526,2.3526,2.0967,2.1373,10.0735,79131.21,45357.63,0.2152999999999996,北京,全国地产,19930524,
600657.SH,信达地产,20031106,2.2429,2.1373,2.2429,2.1129,2.2429,-4.7082,8302.61,4412.428,-0.10559999999999992,北京,全国地产,19930524,
600657.SH,信达地产,20031105,2.3161,2.2429,2.3283,2.2267,2.3283,-3.6679,6557.25,3681.828,-0.08539999999999992,北京,全国地产,19930524,
600657.SH,信达地产,20031104,2.3283,2.3283,2.377,2.2998,2.3242,0.1764,12502.81,7210.906,0.004100000000000215,北京,全国地产,19930524,
600657.SH,信达地产,20031103,2.2795,2.3242,2.3445,2.2795,2.2998,1.061,7375.55,4207.391,0.024399999999999977,北京,全国地产,19930524,
600657.SH,信达地产,20031031,2.2876,2.2998,2.3364,2.2389,2.2958,0.1742,6046.49,3402.204,0.0040000000000000036,北京,全国地产,19930524,
600657.SH,信达地产,20031030,2.2592,2.2958,2.3161,2.2389,2.2754,0.8965,7117.43,3998.537,0.020399999999999974,北京,全国地产,19930524,
600657.SH,信达地产,20031029,2.2673,2.2754,2.2958,2.2186,2.2754,0.0,12888.63,7183.682,0.0,北京,全国地产,19930524,
600657.SH,信达地产,20031028,2.1861,2.2754,2.3486,2.1861,2.1454,6.0595,27427.02,15424.971,0.1299999999999999,北京,全国地产,19930524,
600657.SH,信达地产,20031027,2.1698,2.1454,2.2145,2.0804,2.1779,-1.4923,3490.02,1829.566,-0.032500000000000195,北京,全国地产,19930524,
600657.SH,信达地产,20031024,2.2348,2.1779,2.2714,2.1739,2.2267,-2.1916,2024.21,1094.61,-0.048799999999999955,北京,全国地产,19930524,
600657.SH,信达地产,20031023,2.2429,2.2267,2.2795,2.1942,2.2267,0.0,2798.23,1544.833,0.0,北京,全国地产,19930524,
600657.SH,信达地产,20031022,2.1982,2.2267,2.2673,2.1861,2.1942,1.4812,3039.36,1671.514,0.032500000000000195,北京,全国地产,19930524,
600657.SH,信达地产,20031021,2.2389,2.1942,2.2389,2.1739,2.2307,-1.6363,967.03,522.035,-0.0365000000000002,北京,全国地产,19930524,
600657.SH,信达地产,20031020,2.2267,2.2307,2.312,2.2064,2.2267,0.1796,1407.65,776.469,0.0040000000000000036,北京,全国地产,19930524,
600657.SH,信达地产,20031017,2.2267,2.2267,2.2633,2.2186,2.2226,0.1845,1483.3,815.494,0.004100000000000215,北京,全国地产,19930524,
600657.SH,信达地产,20031016,2.2592,2.2226,2.2592,2.2186,2.2633,-1.7983,2333.2,1285.264,-0.04070000000000018,北京,全国地产,19930524,
600657.SH,信达地产,20031015,2.2876,2.2633,2.3364,2.2348,2.2958,-1.4156,2064.24,1156.38,-0.03249999999999975,北京,全国地产,19930524,
600657.SH,信达地产,20031014,2.3201,2.2958,2.3201,2.2633,2.3201,-1.0474,1262.44,709.064,-0.02430000000000021,北京,全国地产,19930524,
600657.SH,信达地产,20031013,2.3364,2.3201,2.377,2.3201,2.3283,-0.3522,2586.52,1494.206,-0.008199999999999985,北京,全国地产,19930524,
600657.SH,信达地产,20031010,2.247,2.3283,2.3445,2.2348,2.2673,2.6904,3041.75,1728.316,0.06099999999999994,北京,全国地产,19930524,
600657.SH,信达地产,20031009,2.2714,2.2673,2.2836,2.2348,2.2511,0.7196,1382.51,768.501,0.016199999999999992,北京,全国地产,19930524,
600657.SH,信达地产,20031008,2.2958,2.2511,2.2958,2.2348,2.2714,-0.8937,1516.38,837.363,-0.020299999999999763,北京,全国地产,19930524,
600657.SH,信达地产,20030930,2.3161,2.2714,2.3161,2.2307,2.2592,0.54,1825.55,1015.279,0.012199999999999989,北京,全国地产,19930524,
600657.SH,信达地产,20030929,2.2876,2.2592,2.2958,2.2429,2.308,-2.1144,1245.79,695.574,-0.048799999999999955,北京,全国地产,19930524,
600657.SH,信达地产,20030926,2.3486,2.308,2.3486,2.2795,2.3526,-1.8958,2670.74,1518.772,-0.04459999999999997,北京,全国地产,19930524,
600657.SH,信达地产,20030925,2.3933,2.3526,2.3973,2.3405,2.3973,-1.8646,1665.0,973.388,-0.044700000000000184,北京,全国地产,19930524,
600657.SH,信达地产,20030924,2.4014,2.3973,2.4095,2.3811,2.4095,-0.5063,3432.11,2022.315,-0.012199999999999989,北京,全国地产,19930524,
600657.SH,信达地产,20030923,2.377,2.4095,2.4095,2.3648,2.377,1.3673,1264.58,742.955,0.032500000000000195,北京,全国地产,19930524,
600657.SH,信达地产,20030922,2.4177,2.377,2.4217,2.3648,2.3973,-0.8468,1384.92,812.366,-0.020300000000000207,北京,全国地产,19930524,
600657.SH,信达地产,20030919,2.3811,2.3973,2.4299,2.373,2.3933,0.1671,1566.33,921.349,0.0040000000000000036,北京,全国地产,19930524,
600657.SH,信达地产,20030918,2.377,2.3933,2.4177,2.3648,2.3892,0.1716,1619.82,951.33,0.0040999999999997705,北京,全国地产,19930524,
600657.SH,信达地产,20030917,2.438,2.3892,2.438,2.3892,2.438,-2.0016,1647.99,973.712,-0.048799999999999955,北京,全国地产,19930524,
600657.SH,信达地产,20030916,2.3973,2.438,2.4705,2.3567,2.3973,1.6977,4974.17,2976.533,0.04070000000000018,北京,全国地产,19930524,
600657.SH,信达地产,20030915,2.4624,2.3973,2.4664,2.377,2.4705,-2.963,4865.07,2895.022,-0.07319999999999993,北京,全国地产,19930524,
600657.SH,信达地产,20030912,2.5517,2.4705,2.5517,2.4542,2.5517,-3.1822,5119.97,3124.995,-0.08119999999999994,北京,全国地产,19930524,
600657.SH,信达地产,20030911,2.5477,2.5517,2.5761,2.5314,2.5517,0.0,1121.55,702.852,0.0,北京,全国地产,19930524,
600657.SH,信达地产,20030910,2.5396,2.5517,2.5802,2.5314,2.5477,0.157,1593.63,1000.301,0.0040000000000000036,北京,全国地产,19930524,
600657.SH,信达地产,20030909,2.5599,2.5477,2.633,2.5314,2.5639,-0.6318,2280.13,1436.253,-0.016199999999999992,北京,全国地产,19930524,
600657.SH,信达地产,20030908,2.6655,2.5639,2.6655,2.5558,2.6696,-3.9594,4172.72,2660.805,-0.10570000000000013,北京,全国地产,19930524,
600657.SH,信达地产,20030905,2.6736,2.6696,2.7021,2.6493,2.6818,-0.4549,3028.74,1984.909,-0.012199999999999989,北京,全国地产,19930524,
600657.SH,信达地产,20030904,2.6899,2.6818,2.6899,2.6533,2.6899,-0.3011,4216.82,2772.115,-0.008100000000000218,北京,全国地产,19930524,
600657.SH,信达地产,20030903,2.7183,2.6899,2.7183,2.6615,2.7183,-1.0448,4170.63,2748.467,-0.02839999999999998,北京,全国地产,19930524,
600657.SH,信达地产,20030902,2.7021,2.7183,2.7712,2.6858,2.7021,0.5995,8993.02,6050.888,0.016199999999999992,北京,全国地产,19930524,
600657.SH,信达地产,20030901,2.7183,2.7021,2.7183,2.6533,2.7062,-0.1515,6137.95,4058.229,-0.0040999999999997705,北京,全国地产,19930524,
600657.SH,信达地产,20030829,2.7021,2.7062,2.7183,2.6411,2.7021,0.1517,5112.17,3369.173,0.0040999999999997705,北京,全国地产,19930524,
600657.SH,信达地产,20030828,2.7671,2.7021,2.7671,2.6736,2.6818,0.757,2932.0,1955.161,0.020300000000000207,北京,全国地产,19930524,
600657.SH,信达地产,20030827,2.7305,2.6818,2.7305,2.6655,2.7305,-1.7836,3015.5,1992.451,-0.04870000000000019,北京,全国地产,19930524,
600657.SH,信达地产,20030826,2.7224,2.7305,2.7346,2.6615,2.7265,0.1467,2089.99,1388.189,0.0040000000000000036,北京,全国地产,19930524,
600657.SH,信达地产,20030825,2.7549,2.7265,2.7549,2.6736,2.7549,-1.0309,2766.04,1844.874,-0.02839999999999998,北京,全国地产,19930524,
600657.SH,信达地产,20030822,2.763,2.7549,2.7955,2.7224,2.763,-0.2932,2997.67,2026.139,-0.008099999999999774,北京,全国地产,19930524,
600657.SH,信达地产,20030821,2.7468,2.763,2.7834,2.7387,2.7468,0.5898,4111.8,2791.839,0.016199999999999992,北京,全国地产,19930524,
600657.SH,信达地产,20030820,2.7427,2.7468,2.7509,2.7021,2.7468,0.0,3747.99,2511.528,0.0,北京,全国地产,19930524,
600657.SH,信达地产,20030819,2.7509,2.7468,2.7752,2.7143,2.759,-0.4422,3206.71,2153.54,-0.012199999999999989,北京,全国地产,19930524,
600657.SH,信达地产,20030818,2.7712,2.759,2.8037,2.7143,2.7793,-0.7304,3420.7,2300.878,-0.020300000000000207,北京,全国地产,19930524,
600657.SH,信达地产,20030815,2.7712,2.7793,2.8159,2.7468,2.7793,0.0,4333.7,2951.563,0.0,北京,全国地产,19930524,
600657.SH,信达地产,20030814,2.7549,2.7793,2.8443,2.7183,2.763,0.5899,7145.15,4911.133,0.016300000000000203,北京,全国地产,19930524,
600657.SH,信达地产,20030813,2.759,2.763,2.7752,2.7021,2.759,0.145,5538.17,3721.856,0.0040000000000000036,北京,全国地产,19930524,
600657.SH,信达地产,20030812,2.7427,2.759,2.7793,2.7224,2.7793,-0.7304,4900.63,3310.918,-0.020300000000000207,北京,全国地产,19930524,
600657.SH,信达地产,20030811,2.7834,2.7793,2.7955,2.7183,2.7955,-0.5795,5005.69,3382.254,-0.016199999999999992,北京,全国地产,19930524,
600657.SH,信达地产,20030808,2.8362,2.7955,2.8768,2.7834,2.8402,-1.5738,7104.19,4930.685,-0.04469999999999974,北京,全国地产,19930524,
600657.SH,信达地产,20030807,2.8281,2.8402,2.8646,2.8037,2.8362,0.141,4923.78,3424.094,0.0040000000000000036,北京,全国地产,19930524,
600657.SH,信达地产,20030806,2.8606,2.8362,2.8849,2.8159,2.8606,-0.853,8456.4,5952.741,-0.024399999999999977,北京,全国地产,19930524,
600657.SH,信达地产,20030805,2.8849,2.8606,2.8849,2.824,2.8931,-1.1234,9080.98,6378.42,-0.032500000000000195,北京,全国地产,19930524,
600657.SH,信达地产,20030804,2.8443,2.8931,2.9012,2.8321,2.8484,1.5693,15155.38,10715.776,0.044700000000000184,北京,全国地产,19930524,
600657.SH,信达地产,20030801,2.8037,2.8484,2.8484,2.7915,2.8037,1.5943,11936.28,8290.121,0.04469999999999974,北京,全国地产,19930524,
600657.SH,信达地产,20030731,2.7955,2.8037,2.8281,2.763,2.7955,0.2933,10427.22,7202.794,0.008199999999999985,北京,全国地产,19930524,
600657.SH,信达地产,20030730,2.7712,2.7955,2.7996,2.7509,2.7712,0.8769,11312.35,7719.521,0.02430000000000021,北京,全国地产,19930524,
600657.SH,信达地产,20030729,2.7143,2.7712,2.8118,2.7143,2.7143,2.0963,6442.78,4392.566,0.05689999999999973,北京,全国地产,19930524,
600657.SH,信达地产,20030728,2.759,2.7143,2.759,2.6777,2.759,-1.6202,6563.68,4362.735,-0.04469999999999974,北京,全国地产,19930524,
600657.SH,信达地产,20030725,2.7143,2.759,2.8281,2.7062,2.7143,1.6468,14133.83,9649.155,0.04469999999999974,北京,全国地产,19930524,
600657.SH,信达地产,20030724,2.7387,2.7143,2.7387,2.6899,2.7387,-0.8909,2676.27,1780.73,-0.024399999999999977,北京,全国地产,19930524,
600657.SH,信达地产,20030723,2.7305,2.7387,2.7549,2.6858,2.7305,0.3003,3766.18,2516.517,0.008199999999999985,北京,全国地产,19930524,
600657.SH,信达地产,20030722,2.6818,2.7305,2.7427,2.6411,2.6736,2.1282,6720.87,4444.949,0.05690000000000017,北京,全国地产,19930524,
600657.SH,信达地产,20030721,2.763,2.6736,2.763,2.6086,2.763,-3.2356,8346.98,5497.944,-0.08939999999999992,北京,全国地产,19930524,
600657.SH,信达地产,20030718,2.8727,2.763,2.8768,2.7143,2.8727,-3.8187,13278.49,9127.712,-0.10970000000000013,北京,全国地产,19930524,
600657.SH,信达地产,20030717,2.8849,2.8727,2.9256,2.8484,2.8809,-0.2846,14953.88,10597.976,-0.008199999999999985,北京,全国地产,19930524,
600657.SH,信达地产,20030716,2.8524,2.8809,2.8849,2.7996,2.8524,0.9992,13939.21,9748.863,0.028500000000000192,北京,全国地产,19930524,
600657.SH,信达地产,20030715,2.8849,2.8524,2.9703,2.8037,2.8849,-1.1266,22324.28,15903.818,-0.032500000000000195,北京,全国地产,19930524,
600657.SH,信达地产,20030714,2.824,2.8849,2.9459,2.824,2.824,2.1565,24693.42,17589.965,0.060900000000000176,北京,全国地产,19930524,
600657.SH,信达地产,20030711,2.7102,2.824,2.8849,2.7102,2.7102,4.199,35813.78,24943.213,0.1137999999999999,北京,全国地产,19930524,
600657.SH,信达地产,20030710,2.694,2.7102,2.7712,2.6493,2.7143,-0.1511,14811.39,9926.019,-0.004100000000000215,北京,全国地产,19930524,
600657.SH,信达地产,20030709,2.824,2.7143,2.8321,2.694,2.8159,-3.6081,13624.38,9220.041,-0.10159999999999991,北京,全国地产,19930524,
600657.SH,信达地产,20030708,2.6411,2.8159,2.8321,2.6411,2.6411,6.6185,41103.93,27973.773,0.1748000000000003,北京,全国地产,19930524,
600657.SH,信达地产,20030707,2.438,2.6411,2.6696,2.438,2.5355,4.1649,20404.34,12985.74,0.10559999999999992,北京,全国地产,19930524,
600657.SH,信达地产,20030704,2.5843,2.5355,2.6168,2.5233,2.5843,-1.8883,5107.23,3215.212,-0.048799999999999955,北京,全国地产,19930524,
600657.SH,信达地产,20030703,2.687,2.5843,2.7228,2.5342,2.7419,-5.7478,17272.93,18780.62,-0.15759999999999996,北京,全国地产,19930524,
600657.SH,信达地产,20030702,2.816,2.7419,2.816,2.699,2.7945,-1.8823,6111.0,6988.215,-0.052600000000000424,北京,全国地产,19930524,
600657.SH,信达地产,20030701,2.816,2.7945,2.8757,2.7587,2.816,-0.7635,5495.68,6465.16,-0.02149999999999963,北京,全国地产,19930524,
600657.SH,信达地产,20030630,2.7467,2.816,2.8303,2.7419,2.7443,2.6127,6569.0,7688.315,0.07169999999999987,北京,全国地产,19930524,
600657.SH,信达地产,20030627,2.8136,2.7443,2.8136,2.7037,2.8136,-2.463,2651.31,3055.954,-0.06930000000000014,北京,全国地产,19930524,
600657.SH,信达地产,20030626,2.7419,2.8136,2.8327,2.6775,2.7467,2.4357,7694.69,8912.082,0.06689999999999996,北京,全国地产,19930524,
600657.SH,信达地产,20030625,2.8136,2.7467,2.859,2.7252,2.7754,-1.0341,2294.0,2666.197,-0.028699999999999726,北京,全国地产,19930524,
600657.SH,信达地产,20030624,2.7849,2.7754,2.8064,2.7634,2.8017,-0.9387,5073.7,5915.084,-0.02629999999999999,北京,全国地产,19930524,
600657.SH,信达地产,20030623,2.7706,2.8017,2.9808,2.7515,2.7706,1.1225,3852.39,4582.416,0.031099999999999905,北京,全国地产,19930524,
600657.SH,信达地产,20030620,2.7778,2.7706,2.7945,2.7611,2.7778,-0.2592,2353.9,2736.742,-0.007200000000000095,北京,全国地产,19930524,
600657.SH,信达地产,20030619,2.8853,2.7778,2.8876,2.7754,2.8853,-3.7258,6615.02,7762.367,-0.10749999999999993,北京,全国地产,19930524,
600657.SH,信达地产,20030618,2.9139,2.8853,2.9665,2.8805,2.9068,-0.7396,3671.26,4501.305,-0.021500000000000075,北京,全国地产,19930524,
600657.SH,信达地产,20030616,2.902,2.9068,2.9259,2.8542,2.8996,0.2483,5921.21,7128.415,0.007200000000000095,北京,全国地产,19930524,
600657.SH,信达地产,20030613,2.9091,2.8996,2.9259,2.8805,2.9068,-0.2477,2551.55,3091.537,-0.007200000000000095,北京,全国地产,19930524,
600657.SH,信达地产,20030612,2.9259,2.9068,2.9259,2.8661,2.9282,-0.7308,3851.39,4652.077,-0.021399999999999864,北京,全国地产,19930524,
600657.SH,信达地产,20030611,2.8661,2.9282,2.9306,2.8661,2.8685,2.0812,3258.29,3952.559,0.059699999999999864,北京,全国地产,19930524,
600657.SH,信达地产,20030610,2.8661,2.8685,2.89,2.8542,2.8661,0.0837,3023.7,3630.405,0.0024000000000001798,北京,全国地产,19930524,
600657.SH,信达地产,20030609,2.933,2.8661,2.9521,2.8614,2.9378,-2.4406,7511.99,9068.382,-0.07170000000000032,北京,全国地产,19930524,
600657.SH,信达地产,20030606,2.933,2.9378,2.9927,2.9259,2.9354,0.0818,5018.66,6206.765,0.0024000000000001798,北京,全国地产,19930524,
600657.SH,信达地产,20030605,2.9617,2.9354,3.0286,2.9259,2.9545,-0.6465,4961.22,6168.474,-0.019099999999999895,北京,全国地产,19930524,
600657.SH,信达地产,20030604,2.988,2.9545,3.0214,2.9187,2.9903,-1.1972,8606.73,10662.156,-0.035800000000000054,北京,全国地产,19930524,
600657.SH,信达地产,20030603,3.0692,2.9903,3.0763,2.9856,3.0548,-2.1114,8652.37,10949.755,-0.06450000000000022,北京,全国地产,19930524,
600657.SH,信达地产,20030602,3.105,3.0548,3.1169,3.0453,3.0907,-1.1615,7965.81,10222.208,-0.03589999999999982,北京,全国地产,19930524,
600657.SH,信达地产,20030530,3.1313,3.0907,3.1408,3.0763,3.1313,-1.2966,15425.08,20039.221,-0.04059999999999997,北京,全国地产,19930524,
600657.SH,信达地产,20030529,2.9903,3.1313,3.1528,2.9856,2.9856,4.8801,50546.97,65517.87,0.14570000000000016,北京,全国地产,19930524,
600657.SH,信达地产,20030528,2.945,2.9856,3.0333,2.9354,2.9497,1.2171,14548.95,18162.604,0.03589999999999982,北京,全国地产,19930524,
600657.SH,信达地产,20030527,2.9402,2.9497,3.0095,2.9115,2.9497,0.0,11145.26,13771.182,0.0,北京,全国地产,19930524,
600657.SH,信达地产,20030526,2.9497,2.9497,3.0071,2.9402,2.9402,0.3231,7709.44,9596.401,0.009500000000000064,北京,全国地产,19930524,
600657.SH,信达地产,20030523,2.9378,2.9402,2.9951,2.8972,2.945,-0.163,12952.85,16060.94,-0.0047999999999999154,北京,全国地产,19930524,
600657.SH,信达地产,20030522,2.9044,2.945,2.945,2.8614,2.9044,1.3979,11825.22,14272.763,0.04059999999999997,北京,全国地产,19930524,
600657.SH,信达地产,20030521,2.9306,2.9044,3.0333,2.8996,2.9306,-0.894,18756.81,23371.677,-0.026200000000000223,北京,全国地产,19930524,
600657.SH,信达地产,20030520,2.8924,2.9306,2.9306,2.8566,2.8924,1.3207,10179.34,12306.479,0.038200000000000234,北京,全国地产,19930524,
600657.SH,信达地产,20030519,2.8876,2.8924,2.9665,2.8876,2.8876,0.1662,8297.41,10143.003,0.0047999999999999154,北京,全国地产,19930524,
600657.SH,信达地产,20030516,2.9426,2.8876,2.9426,2.8685,2.9474,-2.0289,12717.42,15369.052,-0.059800000000000075,北京,全国地产,19930524,
600657.SH,信达地产,20030515,2.7587,2.9474,3.0238,2.7587,2.7515,7.1198,35750.42,43645.633,0.19589999999999996,北京,全国地产,19930524,
600657.SH,信达地产,20030514,2.6703,2.7515,2.8184,2.6584,2.6751,2.856,17129.41,19869.524,0.07640000000000002,北京,全国地产,19930524,
600657.SH,信达地产,20030513,2.7563,2.6751,2.7658,2.644,2.7563,-2.946,8762.5,9831.946,-0.08119999999999994,北京,全国地产,19930524,
600657.SH,信达地产,20030512,2.6894,2.7563,2.7682,2.6751,2.7133,1.5848,7109.74,8161.694,0.04300000000000015,北京,全国地产,19930524,
600657.SH,信达地产,20030430,2.7491,2.7133,2.8184,2.7109,2.7491,-1.3022,12935.19,14988.865,-0.035800000000000054,北京,全国地产,19930524,
600657.SH,信达地产,20030429,2.7419,2.7491,2.8088,2.6942,2.7443,0.1749,21463.72,24887.337,0.0047999999999999154,北京,全国地产,19930524,
600657.SH,信达地产,20030428,2.7467,2.7443,2.7634,2.5986,2.6369,4.073,21373.05,23991.059,0.10740000000000016,北京,全国地产,19930524,
600657.SH,信达地产,20030425,2.5628,2.6369,2.6392,2.5079,2.5676,2.699,9304.93,10075.445,0.0692999999999997,北京,全国地产,19930524,
600657.SH,信达地产,20030424,2.5533,2.5676,2.6034,2.5342,2.5628,0.1873,7502.55,8081.422,0.0047999999999999154,北京,全国地产,19930524,
600657.SH,信达地产,20030423,2.6512,2.5628,2.656,2.558,2.6536,-3.4218,5252.08,5684.151,-0.09079999999999977,北京,全国地产,19930524,
600657.SH,信达地产,20030422,2.6536,2.6536,2.6751,2.6392,2.6536,0.0,3070.86,3408.994,0.0,北京,全国地产,19930524,
600657.SH,信达地产,20030421,2.7013,2.6536,2.7013,2.6273,2.7013,-1.7658,7579.07,8409.012,-0.047699999999999854,北京,全国地产,19930524,
600657.SH,信达地产,20030418,2.7467,2.7013,2.7587,2.687,2.7372,-1.3116,6481.13,7360.058,-0.035900000000000265,北京,全国地产,19930524,
600657.SH,信达地产,20030417,2.6297,2.7372,2.7563,2.6273,2.6345,3.8983,18471.82,20981.389,0.10270000000000001,北京,全国地产,19930524,
600657.SH,信达地产,20030416,2.7181,2.6345,2.7348,2.6177,2.7013,-2.4729,12245.6,13726.504,-0.06679999999999975,北京,全国地产,19930524,
600657.SH,信达地产,20030415,2.6751,2.7013,2.7276,2.6536,2.6751,0.9794,13603.79,15314.921,0.02619999999999978,北京,全国地产,19930524,
600657.SH,信达地产,20030414,2.5413,2.6751,2.6894,2.5365,2.5365,5.4642,30039.16,33236.64,0.13859999999999983,北京,全国地产,19930524,
600657.SH,信达地产,20030411,2.6154,2.5365,2.6154,2.5318,2.6177,-3.102,13853.99,14827.695,-0.08119999999999994,北京,全国地产,19930524,
600657.SH,信达地产,20030410,2.6058,2.6177,2.6345,2.5222,2.6058,0.4567,8898.55,9663.34,0.011900000000000244,北京,全国地产,19930524,
600657.SH,信达地产,20030409,2.5986,2.6058,2.6416,2.5819,2.6106,-0.1839,3863.12,4204.469,-0.0047999999999999154,北京,全国地产,19930524,
600657.SH,信达地产,20030408,2.5819,2.6106,2.6464,2.5795,2.5795,1.2057,3580.09,3923.055,0.031099999999999905,北京,全国地产,19930524,
600657.SH,信达地产,20030407,2.6201,2.5795,2.6631,2.5795,2.6177,-1.4593,2514.4,2734.322,-0.038200000000000234,北京,全国地产,19930524,
600657.SH,信达地产,20030404,2.5986,2.6177,2.6655,2.5986,2.6512,-1.2636,1487.95,1635.294,-0.03349999999999964,北京,全国地产,19930524,
600657.SH,信达地产,20030403,2.6488,2.6512,2.6894,2.6488,2.6464,0.1814,2742.88,3067.115,0.0047999999999999154,北京,全国地产,19930524,
600657.SH,信达地产,20030402,2.6631,2.6464,2.6631,2.6321,2.6607,-0.5375,1678.83,1860.355,-0.01429999999999998,北京,全国地产,19930524,
600657.SH,信达地产,20030401,2.6416,2.6607,2.687,2.6225,2.6177,1.6427,2523.51,2800.263,0.042999999999999705,北京,全国地产,19930524,
600657.SH,信达地产,20030331,2.5963,2.6177,2.6249,2.5795,2.6034,0.5493,1568.0,1709.695,0.01429999999999998,北京,全国地产,19930524,
600657.SH,信达地产,20030328,2.6321,2.6034,2.6416,2.5915,2.6321,-1.0904,2051.03,2249.553,-0.028699999999999726,北京,全国地产,19930524,
600657.SH,信达地产,20030327,2.5461,2.6321,2.6464,2.515,2.5461,3.3777,2402.01,2587.017,0.08599999999999985,北京,全国地产,19930524,
600657.SH,信达地产,20030326,2.5748,2.5461,2.6201,2.5437,2.5795,-1.2948,1473.16,1580.305,-0.033399999999999874,北京,全国地产,19930524,
600657.SH,信达地产,20030325,2.6488,2.5795,2.6584,2.5748,2.6464,-2.528,1751.57,1902.562,-0.06689999999999996,北京,全国地产,19930524,
600657.SH,信达地产,20030324,2.6488,2.6464,2.6631,2.6273,2.6488,-0.0906,1057.6,1170.593,-0.0024000000000001798,北京,全国地产,19930524,
600657.SH,信达地产,20030321,2.5915,2.6488,2.6584,2.5915,2.601,1.8378,1869.78,2070.651,0.047800000000000065,北京,全国地产,19930524,
600657.SH,信达地产,20030320,2.6512,2.601,2.6512,2.5915,2.5986,0.0924,735.13,802.682,0.0024000000000001798,北京,全国地产,19930524,
600657.SH,信达地产,20030319,2.5986,2.5986,2.6273,2.57,2.613,-0.5511,1237.78,1348.226,-0.01440000000000019,北京,全国地产,19930524,
600657.SH,信达地产,20030318,2.6225,2.613,2.6631,2.6106,2.6154,-0.0918,1619.43,1788.674,-0.0024000000000001798,北京,全国地产,19930524,
600657.SH,信达地产,20030317,2.6273,2.6154,2.6464,2.5819,2.6321,-0.6345,1842.55,2005.817,-0.016699999999999715,北京,全国地产,19930524,
600657.SH,信达地产,20030314,2.656,2.6321,2.656,2.6082,2.6536,-0.8102,930.95,1027.467,-0.021500000000000075,北京,全国地产,19930524,
600657.SH,信达地产,20030313,2.6655,2.6536,2.6798,2.6536,2.6679,-0.536,1609.05,1794.633,-0.01429999999999998,北京,全国地产,19930524,
600657.SH,信达地产,20030312,2.6536,2.6679,2.6751,2.6201,2.6607,0.2706,2271.51,2515.561,0.007200000000000095,北京,全国地产,19930524,
600657.SH,信达地产,20030311,2.6727,2.6607,2.687,2.6464,2.6727,-0.449,1869.26,2083.858,-0.01200000000000001,北京,全国地产,19930524,
600657.SH,信达地产,20030310,2.7515,2.6727,2.7658,2.6512,2.7539,-2.9485,3173.17,3567.74,-0.08119999999999994,北京,全国地产,19930524,
600657.SH,信达地产,20030307,2.7587,2.7539,2.7873,2.7491,2.7563,-0.0871,1644.0,1901.179,-0.0024000000000001798,北京,全国地产,19930524,
600657.SH,信达地产,20030306,2.7826,2.7563,2.8064,2.7491,2.8017,-1.6204,1990.94,2310.102,-0.045399999999999885,北京,全国地产,19930524,
600657.SH,信达地产,20030305,2.8375,2.8017,2.8375,2.7897,2.8423,-1.4284,1485.38,1744.99,-0.04059999999999997,北京,全国地产,19930524,
600657.SH,信达地产,20030304,2.8661,2.8423,2.8661,2.8255,2.8399,0.0845,1501.8,1788.726,0.0023999999999997357,北京,全国地产,19930524,
600657.SH,信达地产,20030303,2.8136,2.8399,2.8423,2.7897,2.8112,1.0209,1801.1,2122.576,0.02870000000000017,北京,全国地产,19930524,
600657.SH,信达地产,20030228,2.8112,2.8112,2.8375,2.773,2.8064,0.171,2877.27,3377.097,0.0047999999999999154,北京,全国地产,19930524,
600657.SH,信达地产,20030227,2.8303,2.8064,2.859,2.8064,2.8303,-0.8444,1737.09,2054.211,-0.02389999999999981,北京,全国地产,19930524,
600657.SH,信达地产,20030226,2.8661,2.8303,2.8661,2.8184,2.8542,-0.8374,1348.0,1601.387,-0.023900000000000254,北京,全国地产,19930524,
600657.SH,信达地产,20030225,2.8017,2.8542,2.8566,2.7921,2.7754,2.8392,2675.5,3171.984,0.0788000000000002,北京,全国地产,19930524,
600657.SH,信达地产,20030224,2.7706,2.7754,2.8064,2.7491,2.7921,-0.5981,3118.89,3622.245,-0.01670000000000016,北京,全国地产,19930524,
600657.SH,信达地产,20030221,2.8494,2.7921,2.8494,2.7778,2.8494,-2.0109,3542.59,4155.142,-0.05730000000000013,北京,全国地产,19930524,
600657.SH,信达地产,20030220,2.8805,2.8494,2.902,2.847,2.8924,-1.4867,2041.76,2454.614,-0.042999999999999705,北京,全国地产,19930524,
600657.SH,信达地产,20030219,2.8423,2.8924,2.8948,2.8423,2.8829,0.3295,1273.61,1528.088,0.009500000000000064,北京,全国地产,19930524,
600657.SH,信达地产,20030218,2.8661,2.8829,2.8853,2.8423,2.8733,0.3341,2966.33,3557.458,0.009599999999999831,北京,全国地产,19930524,
600657.SH,信达地产,20030217,2.9187,2.8733,2.933,2.8661,2.9211,-1.6364,6406.94,7747.66,-0.047800000000000065,北京,全国地产,19930524,
600657.SH,信达地产,20030214,2.7993,2.9211,2.9712,2.7993,2.8303,3.2081,12395.91,15141.701,0.09080000000000021,北京,全国地产,19930524,
600657.SH,信达地产,20030213,2.8542,2.8303,2.8853,2.8136,2.8375,-0.2537,5408.64,6444.096,-0.007200000000000095,北京,全国地产,19930524,
600657.SH,信达地产,20030212,2.7539,2.8375,2.8375,2.7539,2.7849,1.8888,2359.58,2759.8,0.05259999999999998,北京,全国地产,19930524,
600657.SH,信达地产,20030211,2.7467,2.7849,2.7873,2.7443,2.7515,1.2139,1218.92,1412.797,0.033399999999999874,北京,全国地产,19930524,
600657.SH,信达地产,20030210,2.8184,2.7515,2.8232,2.7467,2.8494,-3.4358,2170.5,2525.923,-0.0979000000000001,北京,全国地产,19930524,
600657.SH,信达地产,20030129,2.8853,2.8494,2.89,2.8423,2.8661,-0.5827,2842.6,3406.569,-0.016699999999999715,北京,全国地产,19930524,
600657.SH,信达地产,20030128,2.8399,2.8661,2.8781,2.8232,2.8423,0.8374,3473.8,4138.742,0.023800000000000043,北京,全国地产,19930524,
600657.SH,信达地产,20030127,2.8136,2.8423,2.859,2.8064,2.7945,1.7105,2657.67,3152.322,0.04779999999999962,北京,全国地产,19930524,
600657.SH,信达地产,20030124,2.7443,2.7945,2.8184,2.7228,2.7443,1.8292,2831.99,3289.789,0.050200000000000244,北京,全国地产,19930524,
600657.SH,信达地产,20030123,2.7921,2.7443,2.8423,2.7443,2.7802,-1.2913,3576.58,4161.701,-0.03589999999999982,北京,全国地产,19930524,
600657.SH,信达地产,20030122,2.7491,2.7802,2.8064,2.7467,2.7945,-0.5117,5660.33,6573.572,-0.014300000000000423,北京,全国地产,19930524,
600657.SH,信达地产,20030121,2.8805,2.7945,2.933,2.7921,2.8638,-2.4199,7208.99,8639.099,-0.0692999999999997,北京,全国地产,19930524,
600657.SH,信达地产,20030120,2.8661,2.8638,2.9044,2.8423,2.89,-0.9066,5486.16,6584.385,-0.026200000000000223,北京,全国地产,19930524,
600657.SH,信达地产,20030117,2.9426,2.89,2.9569,2.8733,2.933,-1.4661,7757.78,9444.477,-0.042999999999999705,北京,全国地产,19930524,
600657.SH,信达地产,20030116,2.8542,2.933,2.9354,2.8447,2.8661,2.3342,7471.76,9056.751,0.06689999999999996,北京,全国地产,19930524,
600657.SH,信达地产,20030115,2.8661,2.8661,3.0716,2.8423,2.8351,1.0934,20627.54,25380.315,0.030999999999999694,北京,全国地产,19930524,
600657.SH,信达地产,20030114,2.7324,2.8351,2.8661,2.699,2.7109,4.5815,14367.16,16870.585,0.12420000000000009,北京,全国地产,19930524,
600657.SH,信达地产,20030113,2.6464,2.7109,2.7587,2.6416,2.6727,1.4293,4418.01,5016.754,0.038200000000000234,北京,全国地产,19930524,
600657.SH,信达地产,20030110,2.7443,2.6727,2.7587,2.6703,2.7563,-3.0331,7306.31,8326.644,-0.08360000000000012,北京,全国地产,19930524,
600657.SH,信达地产,20030109,2.6512,2.7563,2.7945,2.6345,2.6058,5.7756,23001.85,26365.215,0.15050000000000008,北京,全国地产,19930524,
600657.SH,信达地产,20030108,2.5079,2.6058,2.6154,2.5079,2.5079,3.9037,5038.15,5405.227,0.0979000000000001,北京,全国地产,19930524,
600657.SH,信达地产,20030107,2.515,2.5079,2.5557,2.4792,2.5127,-0.191,2989.64,3152.159,-0.0048000000000003595,北京,全国地产,19930524,
600657.SH,信达地产,20030106,2.4386,2.5127,2.5198,2.4267,2.4362,3.1401,2205.95,2288.401,0.07650000000000023,北京,全国地产,19930524,
600657.SH,信达地产,20030103,2.4482,2.4362,2.4553,2.4195,2.4362,0.0,1528.49,1562.362,0.0,北京,全国地产,19930524,
600657.SH,信达地产,20030102,2.5079,2.4362,2.5342,2.4219,2.4529,-0.6808,2906.09,2999.442,-0.01670000000000016,北京,全国地产,19930524,
600657.SH,信达地产,20021231,2.4959,2.4529,2.5294,2.441,2.4959,-1.7228,2356.99,2452.142,-0.042999999999999705,北京,全国地产,19930524,
600657.SH,信达地产,20021230,2.5174,2.4959,2.5318,2.4792,2.5318,-1.418,2383.08,2499.662,-0.035900000000000265,北京,全国地产,19930524,
600657.SH,信达地产,20021227,2.5365,2.5318,2.5771,2.4959,2.5437,-0.4678,4564.93,4818.671,-0.0118999999999998,北京,全国地产,19930524,
600657.SH,信达地产,20021226,2.6273,2.5437,2.6631,2.5413,2.644,-3.7935,4404.76,4772.315,-0.10030000000000028,北京,全国地产,19930524,
600657.SH,信达地产,20021225,2.699,2.644,2.7109,2.644,2.699,-2.0378,2320.9,2591.675,-0.054999999999999716,北京,全国地产,19930524,
600657.SH,信达地产,20021224,2.6894,2.699,2.7109,2.6751,2.6942,0.1782,3298.17,3717.773,0.0047999999999999154,北京,全国地产,19930524,
600657.SH,信达地产,20021223,2.7228,2.6942,2.7634,2.6942,2.7276,-1.2245,2947.51,3366.797,-0.033399999999999874,北京,全国地产,19930524,
600657.SH,信达地产,20021220,2.644,2.7276,2.7897,2.644,2.6751,1.9625,5747.62,6608.336,0.05249999999999977,北京,全国地产,19930524,
600657.SH,信达地产,20021219,2.6512,2.6751,2.6751,2.6273,2.6392,1.3603,2043.42,2260.998,0.03589999999999982,北京,全国地产,19930524,
600657.SH,信达地产,20021218,2.6631,2.6392,2.699,2.6392,2.6798,-1.515,2332.9,2608.688,-0.04059999999999997,北京,全国地产,19930524,
600657.SH,信达地产,20021217,2.687,2.6798,2.6942,2.6536,2.6751,0.1757,2089.48,2339.779,0.0047000000000001485,北京,全国地产,19930524,
600657.SH,信达地产,20021216,2.6512,2.6751,2.7181,2.6058,2.6273,1.8194,2921.22,3255.615,0.047800000000000065,北京,全国地产,19930524,
600657.SH,信达地产,20021213,2.5604,2.6273,2.6512,2.5318,2.601,1.0111,2758.87,3004.431,0.02629999999999999,北京,全国地产,19930524,
600657.SH,信达地产,20021212,2.5437,2.601,2.699,2.5318,2.5437,2.2526,3688.19,4050.167,0.05730000000000013,北京,全国地产,19930524,
600657.SH,信达地产,20021211,2.5103,2.5437,2.5485,2.4983,2.527,0.6609,1480.71,1565.852,0.016699999999999715,北京,全国地产,19930524,
600657.SH,信达地产,20021210,2.5604,2.527,2.5843,2.527,2.5676,-1.5812,911.95,974.413,-0.04059999999999997,北京,全国地产,19930524,
600657.SH,信达地产,20021209,2.5819,2.5676,2.6106,2.558,2.6034,-1.3751,1229.32,1328.462,-0.035800000000000054,北京,全国地产,19930524,
600657.SH,信达地产,20021206,2.6177,2.6034,2.6464,2.5891,2.613,-0.3674,961.41,1053.088,-0.009599999999999831,北京,全国地产,19930524,
600657.SH,信达地产,20021205,2.644,2.613,2.656,2.5795,2.656,-1.619,1840.77,2007.021,-0.04300000000000015,北京,全国地产,19930524,
600657.SH,信达地产,20021204,2.6655,2.656,2.699,2.6273,2.6607,-0.1766,2770.55,3096.702,-0.004699999999999704,北京,全国地产,19930524,
600657.SH,信达地产,20021203,2.6034,2.6607,2.6727,2.5795,2.6154,1.732,4517.49,4989.955,0.045299999999999674,北京,全国地产,19930524,
600657.SH,信达地产,20021202,2.7587,2.6154,2.7587,2.5986,2.7396,-4.5335,4509.67,5012.411,-0.12419999999999964,北京,全国地产,19930524,
600657.SH,信达地产,20021129,2.6846,2.7396,2.8088,2.6751,2.6846,2.0487,13743.29,15904.788,0.054999999999999716,北京,全国地产,19930524,
600657.SH,信达地产,20021128,2.5079,2.6846,2.7467,2.4959,2.515,6.7435,6276.71,6909.511,0.16959999999999997,北京,全国地产,19930524,
600657.SH,信达地产,20021127,2.4864,2.515,2.5318,2.4601,2.5007,0.5718,2901.15,3020.843,0.01429999999999998,北京,全国地产,19930524,
600657.SH,信达地产,20021126,2.6225,2.5007,2.6225,2.4959,2.5652,-2.5144,2893.32,3075.707,-0.06449999999999978,北京,全国地产,19930524,
600657.SH,信达地产,20021125,2.5318,2.5652,2.5843,2.5318,2.5628,0.0936,1720.45,1849.073,0.0023999999999997357,北京,全国地产,19930524,
600657.SH,信达地产,20021122,2.6177,2.5628,2.6751,2.5461,2.6177,-2.0973,4030.43,4392.346,-0.05489999999999995,北京,全国地产,19930524,
600657.SH,信达地产,20021121,2.6751,2.6177,2.699,2.6058,2.6751,-2.1457,3751.58,4145.69,-0.057399999999999896,北京,全国地产,19930524,
600657.SH,信达地产,20021120,2.8064,2.6751,2.8064,2.6751,2.7921,-4.1904,2101.0,2397.404,-0.11699999999999999,北京,全国地产,19930524,
600657.SH,信达地产,20021119,2.7706,2.7921,2.816,2.7611,2.7921,0.0,951.56,1110.936,0.0,北京,全国地产,19930524,
600657.SH,信达地产,20021118,2.7945,2.7921,2.8327,2.7515,2.7921,0.0,1014.42,1180.05,0.0,北京,全国地产,19930524,
600657.SH,信达地产,20021115,2.7778,2.7921,2.8423,2.7515,2.7802,0.428,2669.41,3141.792,0.011900000000000244,北京,全国地产,19930524,
600657.SH,信达地产,20021114,2.8709,2.7802,2.8709,2.7754,2.8853,-3.6426,2322.33,2734.747,-0.1051000000000002,北京,全国地产,19930524,
600657.SH,信达地产,20021113,2.8924,2.8853,2.8948,2.7467,2.89,-0.1626,5801.96,6843.891,-0.0047000000000001485,北京,全国地产,19930524,
600657.SH,信达地产,20021112,2.9736,2.89,3.0023,2.8709,2.9784,-2.968,3525.5,4322.377,-0.08840000000000003,北京,全国地产,19930524,
600657.SH,信达地产,20021111,3.0095,2.9784,3.0524,2.9665,3.0071,-0.9544,1395.4,1752.649,-0.028699999999999726,北京,全国地产,19930524,
600657.SH,信达地产,20021108,3.1169,3.0071,3.1719,2.9617,3.0907,-2.7049,5072.77,6471.673,-0.08360000000000012,北京,全国地产,19930524,
600657.SH,信达地产,20021107,3.1289,3.0907,3.1408,3.0692,3.1289,-1.2209,3294.46,4282.335,-0.03819999999999979,北京,全国地产,19930524,
600657.SH,信达地产,20021106,3.1432,3.1289,3.1599,3.1289,3.1552,-0.8335,2804.06,3685.268,-0.02629999999999999,北京,全国地产,19930524,
600657.SH,信达地产,20021105,3.1528,3.1552,3.2053,3.1074,3.1575,-0.0728,7171.34,9490.013,-0.002300000000000413,北京,全国地产,19930524,
600657.SH,信达地产,20021104,3.1002,3.1575,3.1719,3.0524,3.0811,2.4796,4718.82,6182.177,0.07640000000000002,北京,全国地产,19930524,
600657.SH,信达地产,20021031,3.0333,3.0811,3.1241,3.0333,3.0262,1.8142,8522.99,11050.608,0.05490000000000039,北京,全国地产,19930524,
600657.SH,信达地产,20021030,2.9927,3.0262,3.0381,2.9378,2.9617,2.1778,2628.31,3286.171,0.06449999999999978,北京,全国地产,19930524,
600657.SH,信达地产,20021029,2.9402,2.9617,2.9975,2.9259,2.9378,0.8135,1165.62,1442.75,0.02389999999999981,北京,全国地产,19930524,
600657.SH,信达地产,20021028,2.9497,2.9378,2.9856,2.933,2.976,-1.2836,1425.07,1758.223,-0.03819999999999979,北京,全国地产,19930524,
600657.SH,信达地产,20021025,3.0453,2.976,3.0716,2.9665,3.0405,-2.1214,1453.0,1835.252,-0.06450000000000022,北京,全国地产,19930524,
600657.SH,信达地产,20021024,3.0907,3.0405,3.0907,3.0333,3.0787,-1.2408,908.79,1161.879,-0.03819999999999979,北京,全国地产,19930524,
600657.SH,信达地产,20021023,3.0453,3.0787,3.0787,3.0333,3.0477,1.0172,954.7,1220.63,0.03100000000000014,北京,全国地产,19930524,
600657.SH,信达地产,20021022,2.9903,3.0477,3.0954,2.9903,2.9951,1.7562,1552.96,1982.769,0.05259999999999998,北京,全国地产,19930524,
600657.SH,信达地产,20021021,3.0286,2.9951,3.0286,2.9856,3.0071,-0.3991,603.22,756.311,-0.01200000000000001,北京,全国地产,19930524,
600657.SH,信达地产,20021018,2.9736,3.0071,3.0142,2.9402,2.9736,1.1266,1381.68,1727.203,0.033500000000000085,北京,全国地产,19930524,
600657.SH,信达地产,20021017,3.0811,2.9736,3.0811,2.9617,3.0644,-2.9631,1640.0,2066.856,-0.09080000000000021,北京,全国地产,19930524,
600657.SH,信达地产,20021016,3.0453,3.0644,3.1026,3.0405,3.0357,0.9454,2015.11,2587.6,0.02870000000000017,北京,全国地产,19930524,
600657.SH,信达地产,20021015,3.0739,3.0357,3.0739,3.0333,3.0477,-0.3937,993.52,1270.188,-0.01200000000000001,北京,全国地产,19930524,
600657.SH,信达地产,20021014,3.0453,3.0477,3.0548,3.0142,3.0524,-0.154,2143.68,2724.987,-0.0047000000000001485,北京,全国地产,19930524,
600657.SH,信达地产,20021011,3.0907,3.0524,3.0907,3.0453,3.0572,-0.157,1325.79,1697.785,-0.0047999999999999154,北京,全国地产,19930524,
600657.SH,信达地产,20021010,3.0907,3.0572,3.1026,3.0357,3.0501,0.2328,1053.71,1350.315,0.007099999999999884,北京,全国地产,19930524,
600657.SH,信达地产,20021009,3.0596,3.0501,3.1528,3.0357,3.0835,-1.0832,3343.62,4297.696,-0.033399999999999874,北京,全国地产,19930524,
600657.SH,信达地产,20021008,3.148,3.0835,3.148,3.0596,3.1552,-2.2724,2025.44,2619.273,-0.07169999999999987,北京,全国地产,19930524,
600657.SH,信达地产,20020927,3.2364,3.1552,3.2626,3.1289,3.2364,-2.509,2969.0,3964.161,-0.08120000000000038,北京,全国地产,19930524,
600657.SH,信达地产,20020926,3.2387,3.2364,3.2817,3.2364,3.2411,-0.145,1196.04,1624.358,-0.004699999999999704,北京,全国地产,19930524,
600657.SH,信达地产,20020925,3.2316,3.2411,3.2602,3.2244,3.2411,0.0,1133.53,1537.049,0.0,北京,全国地产,19930524,
600657.SH,信达地产,20020924,3.2602,3.2411,3.2722,3.2364,3.2626,-0.659,1701.96,2316.435,-0.021500000000000075,北京,全国地产,19930524,
600657.SH,信达地产,20020923,3.3128,3.2626,3.3128,3.2507,3.2674,-0.1469,1141.27,1565.96,-0.0047999999999999154,北京,全国地产,19930524,
600657.SH,信达地产,20020920,3.308,3.2674,3.308,3.2292,3.2961,-0.8707,1138.05,1558.513,-0.02870000000000017,北京,全国地产,19930524,
600657.SH,信达地产,20020919,3.2364,3.2961,3.3152,3.2364,3.2746,0.6566,2479.88,3417.158,0.021500000000000075,北京,全国地产,19930524,
600657.SH,信达地产,20020918,3.3008,3.2746,3.3295,3.2483,3.2961,-0.6523,2271.64,3116.496,-0.021500000000000075,北京,全国地产,19930524,
600657.SH,信达地产,20020917,3.2841,3.2961,3.3438,3.2722,3.2913,0.1458,1761.29,2433.098,0.0047999999999999154,北京,全国地产,19930524,
600657.SH,信达地产,20020916,3.3319,3.2913,3.3797,3.2722,3.3295,-1.1473,1553.28,2146.147,-0.03819999999999979,北京,全国地产,19930524,
600657.SH,信达地产,20020913,3.3319,3.3295,3.351,3.32,3.3415,-0.3591,1085.99,1514.82,-0.01200000000000001,北京,全国地产,19930524,
600657.SH,信达地产,20020912,3.3415,3.3415,3.3797,3.3152,3.3415,0.0,1619.75,2266.392,0.0,北京,全国地产,19930524,
600657.SH,信达地产,20020911,3.3415,3.3415,3.3438,3.3152,3.3534,-0.3549,1246.31,1737.994,-0.011900000000000244,北京,全国地产,19930524,
600657.SH,信达地产,20020910,3.3391,3.3534,3.3773,3.32,3.3343,0.5728,1437.5,2014.22,0.01910000000000034,北京,全国地产,19930524,
600657.SH,信达地产,20020909,3.3223,3.3343,3.3582,3.3223,3.3295,0.1442,1003.58,1402.988,0.0047999999999999154,北京,全国地产,19930524,
600657.SH,信达地产,20020906,3.3653,3.3295,3.3677,3.3271,3.3558,-0.7837,1983.09,2776.288,-0.02629999999999999,北京,全国地产,19930524,
600657.SH,信达地产,20020905,3.4083,3.3558,3.4131,3.351,3.4227,-1.9546,2032.5,2881.611,-0.06689999999999996,北京,全国地产,19930524,
600657.SH,信达地产,20020904,3.4107,3.4227,3.4322,3.4012,3.4131,0.2813,1248.45,1787.304,0.009599999999999831,北京,全国地产,19930524,
600657.SH,信达地产,20020903,3.4059,3.4131,3.4609,3.4036,3.4036,0.2791,1436.28,2062.178,0.009500000000000064,北京,全国地产,19930524,
600657.SH,信达地产,20020902,3.4012,3.4036,3.4561,3.3725,3.4012,0.0706,911.35,1297.669,0.0024000000000001798,北京,全国地产,19930524,
600657.SH,信达地产,20020830,3.3868,3.4012,3.4155,3.3868,3.3988,0.0706,995.46,1418.316,0.0023999999999997357,北京,全国地产,19930524,
600657.SH,信达地产,20020829,3.4418,3.3988,3.4465,3.3916,3.4489,-1.4526,2360.34,3378.328,-0.05010000000000003,北京,全国地产,19930524,
600657.SH,信达地产,20020828,3.4943,3.4489,3.4967,3.4298,3.4943,-1.2993,2208.83,3207.869,-0.045399999999999885,北京,全国地产,19930524,
600657.SH,信达地产,20020827,3.4155,3.4943,3.5158,3.4036,3.4059,2.5955,5232.46,7624.577,0.08840000000000003,北京,全国地产,19930524,
600657.SH,信达地产,20020826,3.4442,3.4059,3.4513,3.4036,3.4537,-1.384,2916.74,4179.356,-0.047800000000000065,北京,全国地产,19930524,
600657.SH,信达地产,20020823,3.468,3.4537,3.468,3.4346,3.4561,-0.0694,3400.8,4918.57,-0.0024000000000001798,北京,全国地产,19930524,
600657.SH,信达地产,20020822,3.4012,3.4561,3.4871,3.3725,3.3319,3.7276,14357.56,20776.034,0.12420000000000009,北京,全国地产,19930524,
600657.SH,信达地产,20020821,3.3629,3.3319,3.3629,3.2244,3.3629,-0.9218,3727.58,5170.259,-0.030999999999999694,北京,全国地产,19930524,
600657.SH,信达地产,20020820,3.308,3.3629,3.3629,3.3008,3.3176,1.3654,2947.53,4122.546,0.045299999999999674,北京,全国地产,19930524,
600657.SH,信达地产,20020819,3.3438,3.3176,3.3438,3.308,3.351,-0.9967,993.15,1381.572,-0.033399999999999874,北京,全国地产,19930524,
600657.SH,信达地产,20020816,3.32,3.351,3.3892,3.2865,3.32,0.9337,820.6,1141.479,0.03100000000000014,北京,全国地产,19930524,
600657.SH,信达地产,20020815,3.3438,3.32,3.3486,3.3152,3.3295,-0.2853,483.0,672.769,-0.009500000000000064,北京,全国地产,19930524,
600657.SH,信达地产,20020814,3.3606,3.3295,3.3606,3.3176,3.3176,0.3587,881.3,1229.532,0.0118999999999998,北京,全国地产,19930524,
600657.SH,信达地产,20020813,3.3295,3.3176,3.3558,3.308,3.3247,-0.2136,841.08,1172.312,-0.007099999999999884,北京,全国地产,19930524,
600657.SH,信达地产,20020812,3.308,3.3247,3.3415,3.2865,3.3223,0.0722,1368.03,1898.596,0.0024000000000001798,北京,全国地产,19930524,
600657.SH,信达地产,20020809,3.3701,3.3223,3.3701,3.32,3.3821,-1.7681,2206.57,3081.679,-0.059800000000000075,北京,全国地产,19930524,
600657.SH,信达地产,20020808,3.4179,3.3821,3.4561,3.3558,3.4155,-0.9779,3169.08,4482.443,-0.03340000000000032,北京,全国地产,19930524,
600657.SH,信达地产,20020807,3.4418,3.4155,3.4824,3.4107,3.4442,-0.8333,1577.38,2272.642,-0.028699999999999726,北京,全国地产,19930524,
600657.SH,信达地产,20020806,3.4012,3.4442,3.4752,3.4012,3.4012,1.2643,2552.79,3671.561,0.04300000000000015,北京,全国地产,19930524,
600657.SH,信达地产,20020805,3.3916,3.4012,3.425,3.3916,3.394,0.2121,912.61,1299.632,0.007199999999999651,北京,全国地产,19930524,
600657.SH,信达地产,20020802,3.4322,3.394,3.4513,3.3868,3.4322,-1.113,1716.07,2445.613,-0.03819999999999979,北京,全国地产,19930524,
600657.SH,信达地产,20020801,3.4036,3.4322,3.4442,3.4036,3.4107,0.6304,1079.39,1547.264,0.021500000000000075,北京,全国地产,19930524,
600657.SH,信达地产,20020731,3.4657,3.4107,3.511,3.4059,3.4633,-1.5188,2604.3,3736.525,-0.05259999999999998,北京,全国地产,19930524,
600657.SH,信达地产,20020730,3.468,3.4633,3.4991,3.4513,3.511,-1.3586,2577.94,3741.246,-0.0477000000000003,北京,全国地产,19930524,
600657.SH,信达地产,20020729,3.5015,3.511,3.511,3.4633,3.5015,0.2713,1180.28,1718.75,0.009500000000000064,北京,全国地产,19930524,
600657.SH,信达地产,20020726,3.4824,3.5015,3.5134,3.4824,3.4824,0.5485,1168.46,1711.6,0.019099999999999895,北京,全国地产,19930524,
600657.SH,信达地产,20020725,3.5039,3.4824,3.5397,3.4633,3.4585,0.6911,1572.36,2293.766,0.023900000000000254,北京,全国地产,19930524,
600657.SH,信达地产,20020724,3.4776,3.4585,3.4871,3.4513,3.4752,-0.4805,1484.6,2153.618,-0.01670000000000016,北京,全国地产,19930524,
600657.SH,信达地产,20020723,3.5202,3.475,3.5297,3.4631,3.5226,-1.3513,4612.46,6756.058,-0.04760000000000009,北京,全国地产,19930524,
600657.SH,信达地产,20020722,3.5844,3.5226,3.6106,3.5202,3.5678,-1.2669,3425.0,5133.193,-0.04519999999999991,北京,全国地产,19930524,
600657.SH,信达地产,20020719,3.563,3.5678,3.5702,3.544,3.563,0.1347,2426.2,3628.929,0.0047999999999999154,北京,全国地产,19930524,
600657.SH,信达地产,20020718,3.5654,3.563,3.5749,3.5202,3.5773,-0.3997,2454.3,3658.841,-0.01429999999999998,北京,全国地产,19930524,
600657.SH,信达地产,20020717,3.5868,3.5773,3.6011,3.5155,3.5749,0.0671,4412.54,6552.392,0.0024000000000001798,北京,全国地产,19930524,
600657.SH,信达地产,20020716,3.5797,3.5749,3.6368,3.5678,3.5773,-0.0671,2058.29,3110.445,-0.0024000000000001798,北京,全国地产,19930524,
600657.SH,信达地产,20020715,3.6035,3.5773,3.6273,3.5678,3.6011,-0.6609,2188.51,3296.796,-0.023800000000000043,北京,全国地产,19930524,
600657.SH,信达地产,20020712,3.6463,3.6011,3.682,3.5916,3.6463,-1.2396,3736.3,5700.47,-0.04519999999999991,北京,全国地产,19930524,
600657.SH,信达地产,20020711,3.6415,3.6463,3.7581,3.6391,3.6487,-0.0658,4670.63,7217.948,-0.0023999999999997357,北京,全国地产,19930524,
600657.SH,信达地产,20020710,3.7105,3.6487,3.7295,3.6344,3.7105,-1.6655,13071.28,20231.92,-0.0618000000000003,北京,全国地产,19930524,
600657.SH,信达地产,20020709,3.77,3.7105,3.8033,3.7105,3.77,-1.5782,10389.35,16380.559,-0.059499999999999886,北京,全国地产,19930524,
600657.SH,信达地产,20020708,3.6867,3.77,3.7985,3.6772,3.6867,2.2595,5055.31,7930.404,0.08329999999999993,北京,全国地产,19930524,
600657.SH,信达地产,20020705,3.7224,3.6867,3.739,3.6629,3.7319,-1.2112,7280.44,11297.263,-0.04519999999999991,北京,全国地产,19930524,
600657.SH,信达地产,20020704,3.8056,3.7319,3.8175,3.7105,3.8175,-2.2423,6707.98,10571.628,-0.0855999999999999,北京,全国地产,19930524,
600657.SH,信达地产,20020703,3.8437,3.8175,3.8722,3.7771,3.8556,-0.9882,4080.31,6541.525,-0.03810000000000002,北京,全国地产,19930524,
600657.SH,信达地产,20020702,3.7676,3.8556,3.877,3.7652,3.7676,2.3357,5520.79,8880.761,0.08800000000000008,北京,全国地产,19930524,
600657.SH,信达地产,20020701,3.7676,3.7676,3.9008,3.7581,3.7676,0.0,7221.42,11661.238,0.0,北京,全国地产,19930524,
600657.SH,信达地产,20020628,3.8389,3.7676,3.8865,3.7462,3.8437,-1.9799,9906.1,15837.233,-0.07610000000000028,北京,全国地产,19930524,
600657.SH,信达地产,20020627,3.896,3.8437,3.896,3.8247,3.896,-1.3424,9508.64,15422.833,-0.05229999999999979,北京,全国地产,19930524,
600657.SH,信达地产,20020626,3.7343,3.896,4.0387,3.7105,3.7795,3.0824,21143.4,34524.23,0.11649999999999983,北京,全国地产,19930524,
600657.SH,信达地产,20020625,3.8532,3.7795,3.896,3.7533,3.8651,-2.2147,22313.69,35936.65,-0.0855999999999999,北京,全国地产,19930524,
600657.SH,信达地产,20020624,3.8651,3.8651,3.8651,3.7343,3.5131,10.0196,41778.57,67348.239,0.35199999999999987,北京,全国地产,19930524,
600657.SH,信达地产,20020621,3.368,3.5131,3.5155,3.3656,3.3632,4.4571,11421.17,16699.963,0.14990000000000014,北京,全国地产,19930524,
600657.SH,信达地产,20020620,3.3537,3.3632,3.387,3.3537,3.3537,0.2833,1302.17,1845.402,0.009500000000000064,北京,全国地产,19930524,
600657.SH,信达地产,20020619,3.3656,3.3537,3.3918,3.3299,3.3561,-0.0715,1567.66,2205.54,-0.0024000000000001798,北京,全国地产,19930524,
600657.SH,信达地产,20020618,3.2824,3.3561,3.3751,3.2824,3.2752,2.4701,2053.28,2879.455,0.0809000000000002,北京,全国地产,19930524,
600657.SH,信达地产,20020617,3.2372,3.2752,3.3038,3.2348,3.3109,-1.0783,841.06,1152.461,-0.03570000000000029,北京,全国地产,19930524,
600657.SH,信达地产,20020614,3.3299,3.3109,3.3513,3.2538,3.3585,-1.4173,2001.43,2772.545,-0.04759999999999964,北京,全国地产,19930524,
600657.SH,信达地产,20020613,3.387,3.3585,3.4013,3.3418,3.387,-0.8415,1265.85,1792.458,-0.028500000000000192,北京,全国地产,19930524,
600657.SH,信达地产,20020612,3.3751,3.387,3.3942,3.3585,3.3799,0.2101,1844.35,2621.614,0.007099999999999884,北京,全国地产,19930524,
600657.SH,信达地产,20020611,3.3656,3.3799,3.4013,3.3632,3.368,0.3533,1213.12,1725.036,0.011900000000000244,北京,全国地产,19930524,
600657.SH,信达地产,20020610,3.4132,3.368,3.4132,3.349,3.4037,-1.0489,1357.93,1927.823,-0.03570000000000029,北京,全国地产,19930524,
600657.SH,信达地产,20020607,3.3299,3.4037,3.4489,3.3062,3.349,1.6333,7932.49,11351.923,0.05469999999999997,北京,全国地产,19930524,
600657.SH,信达地产,20020606,3.1991,3.349,3.4227,3.1872,3.2253,3.8353,3670.04,5070.233,0.12370000000000037,北京,全国地产,19930524,
600657.SH,信达地产,20020605,3.3038,3.2253,3.3038,3.211,3.2752,-1.5236,1453.15,1975.558,-0.049900000000000055,北京,全国地产,19930524,
600657.SH,信达地产,20020604,3.318,3.2752,3.318,3.2467,3.2586,0.5094,1260.58,1734.842,0.016599999999999948,北京,全国地产,19930524,
600657.SH,信达地产,20020603,3.3252,3.2586,3.3252,3.1991,3.3276,-2.0736,2485.96,3392.032,-0.06899999999999995,北京,全国地产,19930524,
600657.SH,信达地产,20020531,3.2943,3.3276,3.3537,3.2943,3.3299,-0.0691,2327.17,3252.449,-0.0022999999999999687,北京,全国地产,19930524,
600657.SH,信达地产,20020530,3.2396,3.3299,3.3632,3.2396,3.3109,0.5739,4992.26,6984.19,0.018999999999999684,北京,全国地产,19930524,
600657.SH,信达地产,20020529,3.3299,3.3109,3.3323,3.2372,3.3157,-0.1448,3723.76,5103.776,-0.0047999999999999154,北京,全国地产,19930524,
600657.SH,信达地产,20020527,3.3466,3.3157,3.3466,3.2586,3.2514,1.9776,1795.12,2478.875,0.06430000000000025,北京,全国地产,19930524,
600657.SH,信达地产,20020524,3.3537,3.2514,3.3609,3.23,3.3561,-3.1197,3386.45,4654.953,-0.10470000000000024,北京,全国地产,19930524,
600657.SH,信达地产,20020523,3.3775,3.3561,3.4132,3.3537,3.3561,0.0,2195.65,3118.223,0.0,北京,全国地产,19930524,
600657.SH,信达地产,20020522,3.3775,3.3561,3.437,3.3418,3.3894,-0.9825,3931.93,5606.461,-0.03330000000000011,北京,全国地产,19930524,
600657.SH,信达地产,20020521,3.3014,3.3894,3.4251,3.2467,3.1991,5.9485,8853.62,12542.618,0.19030000000000014,北京,全国地产,19930524,
600657.SH,信达地产,20020520,3.261,3.1991,3.261,3.1777,3.2586,-1.8259,2034.08,2742.084,-0.059499999999999886,北京,全国地产,19930524,
600657.SH,信达地产,20020517,3.2063,3.2586,3.2824,3.1753,3.2158,1.3309,4637.65,6292.818,0.04279999999999973,北京,全国地产,19930524,
600657.SH,信达地产,20020516,3.3014,3.2158,3.3252,3.211,3.3323,-3.4961,5492.76,7519.532,-0.11649999999999983,北京,全国地产,19930524,
600657.SH,信达地产,20020515,3.3942,3.3323,3.4084,3.3299,3.3965,-1.8902,4121.27,5815.799,-0.06420000000000003,北京,全国地产,19930524,
600657.SH,信达地产,20020514,3.3656,3.3965,3.5416,3.3632,3.3799,0.4911,3830.33,5511.323,0.016599999999999948,北京,全国地产,19930524,
600657.SH,信达地产,20020513,3.4251,3.3799,3.4251,3.3632,3.4298,-1.4549,2090.1,2973.611,-0.049900000000000055,北京,全国地产,19930524,
600657.SH,信达地产,20020510,3.4061,3.4298,3.4727,3.4061,3.4203,0.2778,2003.92,2893.135,0.009500000000000064,北京,全国地产,19930524,
600657.SH,信达地产,20020509,3.4108,3.4203,3.4275,3.4061,3.4132,0.208,1948.71,2802.085,0.007100000000000328,北京,全国地产,19930524,
600657.SH,信达地产,20020508,3.4727,3.4132,3.4727,3.4132,3.4703,-1.6454,2312.09,3336.36,-0.05710000000000015,北京,全国地产,19930524,
600657.SH,信达地产,20020430,3.5297,3.4703,3.544,3.4251,3.4727,-0.0691,2810.97,4077.499,-0.0024000000000001798,北京,全国地产,19930524,
600657.SH,信达地产,20020429,3.4346,3.4727,3.5083,3.3965,3.4298,1.2508,4089.85,5939.912,0.04289999999999994,北京,全国地产,19930524,
600657.SH,信达地产,20020426,3.3299,3.4298,3.4417,3.3299,3.3299,3.0001,3546.83,5074.24,0.09990000000000032,北京,全国地产,19930524,
600657.SH,信达地产,20020425,3.3299,3.3299,3.3537,3.3133,3.3299,0.0,3040.34,4256.248,0.0,北京,全国地产,19930524,
600657.SH,信达地产,20020424,3.3418,3.3299,3.3656,3.299,3.3418,-0.3561,2935.82,4114.531,-0.011900000000000244,北京,全国地产,19930524,
600657.SH,信达地产,20020423,3.2705,3.3418,3.3656,3.2705,3.3014,1.2237,2499.56,3504.953,0.04039999999999999,北京,全国地产,19930524,
600657.SH,信达地产,20020422,3.3965,3.3014,3.3965,3.2847,3.3965,-2.7999,4447.54,6194.65,-0.09509999999999996,北京,全国地产,19930524,
600657.SH,信达地产,20020419,3.4013,3.3965,3.4132,3.3418,3.4013,-0.1411,4154.57,5881.328,-0.0047999999999999154,北京,全国地产,19930524,
600657.SH,信达地产,20020418,3.3894,3.4013,3.4608,3.368,3.4608,-1.7193,3269.87,4676.709,-0.059499999999999886,北京,全国地产,19930524,
600657.SH,信达地产,20020417,3.4845,3.4608,3.5083,3.4322,3.4822,-0.6146,1556.18,2262.962,-0.021400000000000308,北京,全国地产,19930524,
600657.SH,信达地产,20020416,3.4441,3.4822,3.5678,3.4394,3.4394,1.2444,3099.21,4569.571,0.04280000000000017,北京,全国地产,19930524,
600657.SH,信达地产,20020415,3.5393,3.4394,3.5393,3.4061,3.4941,-1.5655,4833.29,6994.429,-0.05469999999999997,北京,全国地产,19930524,
600657.SH,信达地产,20020412,3.4727,3.4941,3.544,3.4727,3.525,-0.8766,3210.3,4730.65,-0.030899999999999928,北京,全国地产,19930524,
600657.SH,信达地产,20020411,3.6154,3.525,3.6296,3.5202,3.5987,-2.048,3102.92,4656.925,-0.0737000000000001,北京,全国地产,19930524,
600657.SH,信达地产,20020410,3.5702,3.5987,3.6391,3.5464,3.5464,1.4747,6314.74,9546.415,0.05229999999999979,北京,全国地产,19930524,
600657.SH,信达地产,20020409,3.4727,3.5464,3.563,3.4489,3.4727,2.1223,3581.57,5316.286,0.0737000000000001,北京,全国地产,19930524,
600657.SH,信达地产,20020408,3.4941,3.4727,3.5416,3.4441,3.5036,-0.8819,3047.29,4449.62,-0.030899999999999928,北京,全国地产,19930524,
600657.SH,信达地产,20020405,3.5916,3.5036,3.6391,3.4964,3.5678,-1.7994,5200.81,7765.869,-0.06420000000000003,北京,全国地产,19930524,
600657.SH,信达地产,20020404,3.3775,3.5678,3.613,3.3775,3.4489,3.4475,7796.3,11500.82,0.1189,北京,全国地产,19930524,
600657.SH,信达地产,20020403,3.4251,3.4489,3.4727,3.4132,3.4227,0.7655,3508.9,5062.721,0.026200000000000223,北京,全国地产,19930524,
600657.SH,信达地产,20020402,3.506,3.4227,3.5202,3.3918,3.5107,-2.5066,5711.25,8276.449,-0.08800000000000008,北京,全国地产,19930524,
600657.SH,信达地产,20020401,3.4179,3.5107,3.5297,3.3942,3.4465,1.8628,7097.64,10390.266,0.06420000000000003,北京,全国地产,19930524,
600657.SH,信达地产,20020329,3.6106,3.4465,3.6344,3.4298,3.6344,-5.17,15315.8,22540.973,-0.18789999999999996,北京,全国地产,19930524,
600657.SH,信达地产,20020328,3.7462,3.6344,3.77,3.6201,3.7438,-2.9222,12648.05,19578.903,-0.10939999999999994,北京,全国地产,19930524,
600657.SH,信达地产,20020327,3.8056,3.7438,3.8461,3.7176,3.8271,-2.1766,7050.88,11189.189,-0.08330000000000037,北京,全国地产,19930524,
600657.SH,信达地产,20020326,3.8056,3.8271,3.8389,3.77,3.8223,0.1256,7479.07,11947.527,0.0048000000000003595,北京,全国地产,19930524,
600657.SH,信达地产,20020325,3.8294,3.8223,3.8532,3.7605,3.8627,-1.0459,8878.04,14216.905,-0.04039999999999999,北京,全国地产,19930524,
600657.SH,信达地产,20020322,3.9365,3.8627,3.984,3.8056,3.9412,-1.9918,11424.74,18540.66,-0.07850000000000001,北京,全国地产,19930524,
600657.SH,信达地产,20020321,4.0054,3.9412,4.0601,3.8532,3.9484,-0.1824,22636.25,37764.659,-0.007200000000000095,北京,全国地产,19930524,
600657.SH,信达地产,20020320,3.9484,3.9484,3.9745,3.8675,3.9388,0.2437,25448.79,42028.071,0.009599999999999831,北京,全国地产,19930524,
600657.SH,信达地产,20020319,3.8508,3.9388,3.9579,3.8508,3.8508,2.2852,28310.84,46654.975,0.08800000000000008,北京,全国地产,19930524,
600657.SH,信达地产,20020318,3.8532,3.8508,3.9055,3.7343,3.8104,1.0603,20347.56,32783.651,0.04039999999999999,北京,全国地产,19930524,
600657.SH,信达地产,20020315,3.8794,3.8104,4.0554,3.7605,3.8794,-1.7786,48168.07,80226.843,-0.06899999999999995,北京,全国地产,19930524,
600657.SH,信达地产,20020314,3.7914,3.8794,3.9365,3.7605,3.8485,0.8029,30538.93,49611.878,0.030899999999999928,北京,全国地产,19930524,
600657.SH,信达地产,20020313,3.6035,3.8485,3.9769,3.5916,3.6154,6.4474,61344.2,99691.358,0.23309999999999986,北京,全国地产,19930524,
600657.SH,信达地产,20020312,3.6867,3.6154,3.7057,3.5916,3.7129,-2.626,16254.03,24899.101,-0.0974999999999997,北京,全国地产,19930524,
600657.SH,信达地产,20020311,3.7557,3.7129,3.77,3.6344,3.7438,-0.8254,14567.4,22643.794,-0.030899999999999928,北京,全国地产,19930524,
600657.SH,信达地产,20020308,3.7129,3.7438,3.8199,3.6035,3.7081,0.9628,26562.18,41786.825,0.03569999999999984,北京,全国地产,19930524,
600657.SH,信达地产,20020307,3.5654,3.7081,3.7153,3.544,3.5726,3.7928,26409.56,40692.231,0.13549999999999995,北京,全国地产,19930524,
600657.SH,信达地产,20020306,3.4917,3.5726,3.632,3.4893,3.4893,2.3873,22616.67,33939.135,0.08329999999999993,北京,全国地产,19930524,
600657.SH,信达地产,20020305,3.4298,3.4893,3.5155,3.4132,3.4227,1.9458,8691.49,12682.625,0.06660000000000021,北京,全国地产,19930524,
600657.SH,信达地产,20020304,3.3371,3.4227,3.4251,3.3371,3.4013,0.6292,2824.7,4024.222,0.021399999999999864,北京,全国地产,19930524,
600657.SH,信达地产,20020301,3.3775,3.4013,3.4132,3.3347,3.3728,0.845,4676.02,6642.608,0.028500000000000192,北京,全国地产,19930524,
600657.SH,信达地产,20020228,3.4013,3.3728,3.4727,3.3656,3.4132,-1.1836,2986.41,4274.81,-0.04039999999999999,北京,全国地产,19930524,
600657.SH,信达地产,20020227,3.4489,3.4132,3.4703,3.4013,3.4774,-1.8462,2763.06,3989.854,-0.06420000000000003,北京,全国地产,19930524,
600657.SH,信达地产,20020226,3.4798,3.4774,3.4845,3.3537,3.4822,-0.1378,6628.58,9494.238,-0.0048000000000003595,北京,全国地产,19930524,
600657.SH,信达地产,20020225,3.5083,3.4822,3.5345,3.4203,3.4275,1.5959,7821.43,11423.171,0.05469999999999997,北京,全国地产,19930524,
600657.SH,信达地产,20020208,3.4346,3.4275,3.4893,3.3965,3.4251,0.0701,7383.0,10630.124,0.0024000000000001798,北京,全国地产,19930524,
600657.SH,信达地产,20020207,3.2943,3.4251,3.4822,3.2943,3.3228,3.0787,9872.42,14236.32,0.10230000000000006,北京,全国地产,19930524,
600657.SH,信达地产,20020206,3.4013,3.3228,3.4322,3.318,3.4203,-2.8506,6284.43,8914.539,-0.09750000000000014,北京,全国地产,19930524,
600657.SH,信达地产,20020205,3.4251,3.4203,3.437,3.3347,3.4179,0.0702,6483.68,9224.601,0.0024000000000001798,北京,全国地产,19930524,
600657.SH,信达地产,20020204,3.368,3.4179,3.4465,3.3323,3.3751,1.2681,6575.63,9391.631,0.04279999999999973,北京,全国地产,19930524,
600657.SH,信达地产,20020201,3.3395,3.3751,3.4774,3.3062,3.3395,1.066,16304.25,23415.882,0.035600000000000076,北京,全国地产,19930524,
600657.SH,信达地产,20020131,3.142,3.3395,3.3823,3.142,3.085,8.2496,17618.27,24473.101,0.25450000000000017,北京,全国地产,19930524,
600657.SH,信达地产,20020130,3.1111,3.085,3.1611,3.0255,3.1349,-1.5918,4081.3,5323.719,-0.049900000000000055,北京,全国地产,19930524,
600657.SH,信达地产,20020129,3.0088,3.1349,3.211,2.9827,3.0184,3.8597,7927.92,10393.302,0.11649999999999983,北京,全国地产,19930524,
600657.SH,信达地产,20020128,3.0921,3.0184,3.318,3.0136,3.3299,-9.3546,16242.42,21383.509,-0.31149999999999967,北京,全国地产,19930524,
600657.SH,信达地产,20020125,3.3299,3.3299,3.4346,3.2824,3.3299,0.0,13273.15,18716.448,0.0,北京,全国地产,19930524,
600657.SH,信达地产,20020124,3.3513,3.3299,3.4179,3.2586,3.3751,-1.3392,14153.05,19827.028,-0.04520000000000035,北京,全国地产,19930524,
600657.SH,信达地产,20020123,3.2039,3.3751,3.3846,3.1349,3.1634,6.6922,12690.83,17321.143,0.2117,北京,全国地产,19930524,
600657.SH,信达地产,20020122,2.9993,3.1634,3.2491,2.9993,3.0207,4.7241,17889.56,23771.135,0.14270000000000005,北京,全国地产,19930524,
600657.SH,信达地产,20020121,3.0921,3.0207,3.1064,2.9969,3.0992,-2.5329,4438.08,5689.92,-0.07850000000000001,北京,全国地产,19930524,
600657.SH,信达地产,20020118,2.9755,3.0992,3.1753,2.9684,3.0088,3.0045,9692.67,12640.226,0.09040000000000026,北京,全国地产,19930524,
600657.SH,信达地产,20020117,3.104,3.0088,3.1159,2.9755,3.0992,-2.9169,3572.27,4574.127,-0.09040000000000026,北京,全国地产,19930524,
600657.SH,信达地产,20020116,3.0564,3.0992,3.1159,2.9732,3.016,2.7586,4155.39,5354.701,0.08320000000000016,北京,全国地产,19930524,
600657.SH,信达地产,20020115,2.9969,3.016,3.1087,2.9256,2.9969,0.6373,3811.16,4864.16,0.019099999999999895,北京,全国地产,19930524,
600657.SH,信达地产,20020114,2.9732,2.9969,3.0731,2.9732,3.0826,-2.7801,2945.11,3726.754,-0.08569999999999967,北京,全国地产,19930524,
600657.SH,信达地产,20020111,3.1611,3.0826,3.1611,3.0207,3.1896,-3.3547,3928.89,5099.386,-0.1070000000000002,北京,全国地产,19930524,
600657.SH,信达地产,20020110,3.104,3.1896,3.2158,2.878,3.0921,3.1532,12138.38,15491.325,0.09750000000000014,北京,全国地产,19930524,
600657.SH,信达地产,20020109,3.1634,3.0921,3.1658,3.0873,3.1682,-2.402,3245.8,4236.599,-0.07610000000000028,北京,全国地产,19930524,
600657.SH,信达地产,20020108,3.2253,3.1682,3.2253,3.1658,3.1872,-0.5961,2342.3,3138.994,-0.018999999999999684,北京,全国地产,19930524,
600657.SH,信达地产,20020107,3.2015,3.1872,3.2348,3.1682,3.2562,-2.119,1668.28,2236.322,-0.0690000000000004,北京,全国地产,19930524,
600657.SH,信达地产,20020104,3.3775,3.2562,3.4203,3.1872,3.3299,-2.2133,3513.8,4800.819,-0.07369999999999965,北京,全国地产,19930524,
600657.SH,信达地产,20011228,3.3228,3.3299,3.349,3.2824,3.3276,0.0691,2626.01,3662.718,0.0022999999999999687,北京,全国地产,19930524,
600657.SH,信达地产,20011227,3.3656,3.3276,3.4251,3.3204,3.3585,-0.9201,2421.42,3432.267,-0.030899999999999928,北京,全国地产,19930524,
600657.SH,信达地产,20011226,3.3204,3.3585,3.3656,3.2776,3.318,1.2206,3362.8,4675.1,0.04049999999999976,北京,全国地产,19930524,
600657.SH,信达地产,20011225,3.2824,3.318,3.3656,3.2776,3.3157,0.0694,3087.18,4306.422,0.0022999999999999687,北京,全国地产,19930524,
600657.SH,信达地产,20011224,3.456,3.3157,3.456,3.3109,3.456,-4.0596,2956.08,4161.048,-0.14029999999999987,北京,全国地产,19930524,
600657.SH,信达地产,20011221,3.3775,3.456,3.4608,3.3775,3.4084,1.3965,1936.86,2778.911,0.04760000000000009,北京,全国地产,19930524,
600657.SH,信达地产,20011220,3.525,3.4084,3.525,3.3918,3.544,-3.8262,4555.69,6566.018,-0.13560000000000016,北京,全国地产,19930524,
600657.SH,信达地产,20011219,3.6415,3.544,3.6582,3.544,3.6035,-1.6512,2335.61,3529.213,-0.059499999999999886,北京,全国地产,19930524,
600657.SH,信达地产,20011218,3.525,3.6035,3.6035,3.525,3.5345,1.9522,3040.42,4561.294,0.06899999999999995,北京,全国地产,19930524,
600657.SH,信达地产,20011217,3.563,3.5345,3.6106,3.5202,3.6106,-2.1077,2071.67,3086.383,-0.07609999999999983,北京,全国地产,19930524,
600657.SH,信达地产,20011214,3.5702,3.6106,3.6201,3.5274,3.613,-0.0664,4368.39,6547.374,-0.0024000000000001798,北京,全国地产,19930524,
600657.SH,信达地产,20011213,3.7105,3.613,3.7129,3.5726,3.7153,-2.7535,5447.21,8335.263,-0.10230000000000006,北京,全国地产,19930524,
600657.SH,信达地产,20011212,3.7581,3.7153,3.7866,3.6748,3.7605,-1.202,3406.11,5318.784,-0.04519999999999991,北京,全国地产,19930524,
600657.SH,信达地产,20011211,3.7819,3.7605,3.8294,3.7224,3.8461,-2.2256,3737.1,5926.302,-0.0855999999999999,北京,全国地产,19930524,
600657.SH,信达地产,20011210,3.8342,3.8461,3.8722,3.7795,3.8722,-0.674,3005.33,4810.07,-0.026100000000000012,北京,全国地产,19930524,
600657.SH,信达地产,20011207,3.8413,3.8722,3.9032,3.8175,3.8413,0.8044,3138.29,5091.409,0.030899999999999928,北京,全国地产,19930524,
600657.SH,信达地产,20011206,3.8056,3.8413,3.8651,3.77,3.8152,0.6841,5840.34,9383.541,0.026100000000000012,北京,全国地产,19930524,
600657.SH,信达地产,20011205,3.9127,3.8152,3.984,3.8104,3.9698,-3.8944,9009.64,14754.828,-0.1546000000000003,北京,全国地产,19930524,
600657.SH,信达地产,20011204,3.9912,3.9698,4.0054,3.9008,3.984,-0.3564,6692.13,11134.221,-0.014199999999999768,北京,全国地产,19930524,
600657.SH,信达地产,20011203,3.9365,3.984,4.0078,3.9008,3.9365,1.2067,12723.47,21155.487,0.047499999999999876,北京,全国地产,19930524,
600657.SH,信达地产,20011130,3.8984,3.9365,3.9484,3.877,3.8984,0.9773,10048.16,16523.494,0.03810000000000002,北京,全国地产,19930524,
600657.SH,信达地产,20011129,3.877,3.8984,3.9365,3.8532,3.8818,0.4276,19023.57,31200.35,0.016599999999999948,北京,全国地产,19930524,
600657.SH,信达地产,20011128,3.6867,3.8818,3.9626,3.6867,3.682,5.4264,38405.35,62479.449,0.1998000000000002,北京,全国地产,19930524,
600657.SH,信达地产,20011127,3.6011,3.682,3.6867,3.5916,3.5963,2.383,4272.46,6527.032,0.08570000000000011,北京,全国地产,19930524,
600657.SH,信达地产,20011126,3.5702,3.5963,3.6843,3.5702,3.6629,-1.8182,3536.02,5368.022,-0.06660000000000021,北京,全国地产,19930524,
600657.SH,信达地产,20011123,3.6867,3.6629,3.6986,3.6035,3.72,-1.5349,7363.58,11300.498,-0.05710000000000015,北京,全国地产,19930524,
600657.SH,信达地产,20011122,3.7581,3.72,3.7581,3.6439,3.7343,-0.3829,8177.89,12675.936,-0.01429999999999998,北京,全国地产,19930524,
600657.SH,信达地产,20011121,3.6677,3.7343,3.7343,3.6177,3.6701,1.7493,12502.98,19364.74,0.06420000000000003,北京,全国地产,19930524,
600657.SH,信达地产,20011120,3.6154,3.6701,3.7034,3.5916,3.6201,1.3812,16660.75,25681.079,0.050000000000000266,北京,全国地产,19930524,
600657.SH,信达地产,20011119,3.5559,3.6201,3.6606,3.5083,3.5678,1.4659,9440.82,14327.507,0.05229999999999979,北京,全国地产,19930524,
600657.SH,信达地产,20011116,3.9246,3.5678,3.9246,3.544,3.5678,0.0,45857.45,71683.789,0.0,北京,全国地产,19930524,
600657.SH,信达地产,20011115,3.5321,3.5678,3.5678,3.4727,3.4917,2.1795,7334.08,10852.049,0.07610000000000028,北京,全国地产,19930524,
600657.SH,信达地产,20011114,3.5511,3.4917,3.5844,3.475,3.5297,-1.0766,11553.31,17141.278,-0.038000000000000256,北京,全国地产,19930524,
600657.SH,信达地产,20011113,3.3299,3.5297,3.6059,3.3038,3.3942,3.9921,43246.15,63716.121,0.13549999999999995,北京,全国地产,19930524,
600657.SH,信达地产,20011112,3.2586,3.3942,3.4917,3.2134,3.3133,2.4417,22114.06,31638.307,0.0809000000000002,北京,全国地产,19930524,
600657.SH,信达地产,20011109,3.0112,3.3133,3.3133,2.9446,3.0112,10.0325,18358.47,25018.798,0.3020999999999998,北京,全国地产,19930524,
600657.SH,信达地产,20011108,2.9732,3.0112,3.0683,2.897,3.0136,-0.0796,5464.14,6841.143,-0.0023999999999997357,北京,全国地产,19930524,
600657.SH,信达地产,20011107,3.2086,3.0136,3.2277,2.9779,3.211,-6.1476,4642.06,5948.872,-0.19740000000000002,北京,全国地产,19930524,
600657.SH,信达地产,20011106,3.1087,3.211,3.2348,3.1087,3.1634,1.5047,2128.93,2845.666,0.04759999999999964,北京,全国地产,19930524,
600657.SH,信达地产,20011105,3.2729,3.1634,3.2729,3.1634,3.2919,-3.9035,4507.92,6054.514,-0.12849999999999984,北京,全国地产,19930524,
600657.SH,信达地产,20011102,3.2824,3.2919,3.3894,3.2586,3.318,-0.7866,2939.04,4091.666,-0.026100000000000012,北京,全国地产,19930524,
600657.SH,信达地产,20011101,3.299,3.318,3.3918,3.2586,3.299,0.5759,2752.21,3849.836,0.019000000000000128,北京,全国地产,19930524,
600657.SH,信达地产,20011031,3.3894,3.299,3.4013,3.1896,3.4084,-3.2097,7296.47,10006.107,-0.10939999999999994,北京,全国地产,19930524,
600657.SH,信达地产,20011030,3.4822,3.4084,3.4822,3.3775,3.4822,-2.1193,1960.19,2813.981,-0.07380000000000031,北京,全国地产,19930524,
600657.SH,信达地产,20011029,3.4489,3.4822,3.4869,3.4013,3.4322,1.4568,1821.88,2645.92,0.050000000000000266,北京,全国地产,19930524,
600657.SH,信达地产,20011026,3.4013,3.4322,3.4727,3.3775,3.4441,-0.3455,3719.49,5363.399,-0.011900000000000244,北京,全国地产,19930524,
600657.SH,信达地产,20011025,3.4346,3.4441,3.5916,3.3323,3.4845,-1.1594,8302.02,12209.229,-0.04039999999999999,北京,全国地产,19930524,
600657.SH,信达地产,20011024,3.4489,3.4845,3.5916,3.261,3.3228,4.8664,21096.88,30744.013,0.16170000000000018,北京,全国地产,19930524,
600657.SH,信达地产,20011023,3.2586,3.3228,3.3228,3.2586,3.0207,10.001,12265.12,17098.273,0.3020999999999998,北京,全国地产,19930524,
600657.SH,信达地产,20011022,3.1159,3.0207,3.1397,2.9993,3.1658,-4.5834,2405.42,3108.559,-0.14509999999999978,北京,全国地产,19930524,
600657.SH,信达地产,20011019,3.3452,3.1659,3.3452,3.1219,3.336,-5.0989,5818.55,10168.882,-0.1700999999999997,北京,全国地产,19930524,
600657.SH,信达地产,20011018,3.4147,3.336,3.4458,3.3122,3.4147,-2.3047,1979.52,3640.794,-0.07869999999999999,北京,全国地产,19930524,
600657.SH,信达地产,20011017,3.4495,3.4147,3.4769,3.3891,3.455,-1.1664,938.34,1758.797,-0.040300000000000225,北京,全国地产,19930524,
600657.SH,信达地产,20011016,3.541,3.455,3.541,3.3964,3.5428,-2.4783,2003.36,3783.652,-0.0878000000000001,北京,全国地产,19930524,
600657.SH,信达地产,20011015,3.4916,3.5428,3.5684,3.4495,3.3525,5.6764,5086.19,9708.149,0.19030000000000014,北京,全国地产,19930524,
600657.SH,信达地产,20011011,3.4678,3.3525,3.5227,3.3122,3.4678,-3.3249,3695.49,6839.796,-0.11529999999999996,北京,全国地产,19930524,
600657.SH,信达地产,20011010,3.7112,3.4678,3.7112,3.4495,3.6874,-5.9554,5158.78,9921.586,-0.2195999999999998,北京,全国地产,19930524,
600657.SH,信达地产,20011009,3.6618,3.6874,3.7331,3.6416,3.6709,0.4495,2331.42,4694.255,0.016499999999999737,北京,全国地产,19930524,
600657.SH,信达地产,20011008,3.8063,3.6709,3.8978,3.6599,3.8246,-4.0187,1929.4,3929.226,-0.15370000000000017,北京,全国地产,19930524,
600657.SH,信达地产,20010928,3.8448,3.8246,3.8612,3.8027,3.8356,-0.2868,1667.31,3481.938,-0.010999999999999677,北京,全国地产,19930524,
600657.SH,信达地产,20010927,3.8539,3.8356,3.8887,3.8082,3.8503,-0.3818,1433.9,3010.131,-0.014699999999999935,北京,全国地产,19930524,
600657.SH,信达地产,20010926,3.9454,3.8503,3.9454,3.8429,3.8905,-1.0333,1870.93,3935.26,-0.040200000000000014,北京,全国地产,19930524,
600657.SH,信达地产,20010925,3.9363,3.8905,4.004,3.8704,3.8997,-0.2359,1497.84,3185.085,-0.009200000000000319,北京,全国地产,19930524,
600657.SH,信达地产,20010924,3.9015,3.8997,3.9784,3.8759,3.9344,-0.882,2068.4,4412.685,-0.03469999999999995,北京,全国地产,19930524,
600657.SH,信达地产,20010921,3.9893,3.9344,3.9893,3.8978,3.9802,-1.1507,1134.11,2441.384,-0.04579999999999984,北京,全国地产,19930524,
600657.SH,信达地产,20010920,4.0625,3.9802,4.0955,3.9729,4.0461,-1.6287,2077.01,4593.071,-0.06590000000000007,北京,全国地产,19930524,
600657.SH,信达地产,20010919,3.9344,4.0461,4.0516,3.8795,3.9472,2.5056,1481.11,3226.482,0.09889999999999999,北京,全国地产,19930524,
600657.SH,信达地产,20010918,3.8759,3.9472,3.9637,3.8338,3.8795,1.7451,1973.02,4193.094,0.06769999999999987,北京,全国地产,19930524,
600657.SH,信达地产,20010917,3.9344,3.8795,3.9527,3.8429,3.9564,-1.9437,2243.01,4771.765,-0.07689999999999975,北京,全国地产,19930524,
600657.SH,信达地产,20010914,3.9967,3.9564,4.057,3.9381,3.9912,-0.8719,1277.48,2769.211,-0.034800000000000164,北京,全国地产,19930524,
600657.SH,信达地产,20010913,4.0168,3.9912,4.0808,3.9912,4.0223,-0.7732,1374.99,3034.155,-0.03110000000000035,北京,全国地产,19930524,
600657.SH,信达地产,20010912,3.9875,4.0223,4.0497,3.9344,4.1101,-2.1362,3334.48,7278.125,-0.08779999999999966,北京,全国地产,19930524,
600657.SH,信达地产,20010911,4.0808,4.1101,4.1723,4.0625,4.1101,0.0,1975.09,4450.251,0.0,北京,全国地产,19930524,
600657.SH,信达地产,20010910,3.8887,4.1101,4.1266,3.8338,3.9344,4.4657,3525.84,7794.088,0.17569999999999997,北京,全国地产,19930524,
600657.SH,信达地产,20010907,4.0461,3.9344,4.1174,3.9344,4.1101,-4.2748,2325.4,5083.393,-0.17569999999999997,北京,全国地产,19930524,
600657.SH,信达地产,20010906,4.0717,4.1101,4.1174,4.0278,4.0845,0.6268,1319.49,2947.812,0.025599999999999845,北京,全国地产,19930524,
600657.SH,信达地产,20010905,4.1357,4.0845,4.1668,4.0662,4.1119,-0.6664,3118.17,7013.945,-0.02740000000000009,北京,全国地产,19930524,
600657.SH,信达地产,20010904,3.9161,4.1119,4.1156,3.907,3.9161,4.9999,4760.63,10568.786,0.1958000000000002,北京,全国地产,19930524,
600657.SH,信达地产,20010903,3.9674,3.9161,3.9674,3.8978,3.9472,-0.7879,1786.0,3838.602,-0.031099999999999905,北京,全国地产,19930524,
600657.SH,信达地产,20010831,3.9344,3.9472,3.9893,3.9125,3.9527,-0.1391,1405.2,3038.062,-0.00550000000000006,北京,全国地产,19930524,
600657.SH,信达地产,20010830,3.9893,3.9527,4.0259,3.9344,4.0204,-1.6839,1989.4,4323.929,-0.06770000000000032,北京,全国地产,19930524,
600657.SH,信达地产,20010829,4.0808,4.0204,4.1815,4.0021,3.8978,3.1454,9361.03,20922.289,0.12260000000000026,北京,全国地产,19930524,
600657.SH,信达地产,20010828,3.8063,3.8978,3.9161,3.7514,3.8082,2.3528,3284.7,6815.879,0.08960000000000035,北京,全国地产,19930524,
600657.SH,信达地产,20010827,3.8832,3.8082,3.9326,3.799,3.9601,-3.8358,2731.27,5733.099,-0.15190000000000037,北京,全国地产,19930524,
600657.SH,信达地产,20010824,3.8795,3.9601,3.9857,3.8795,3.9198,1.0281,4416.74,9470.53,0.040300000000000225,北京,全国地产,19930524,
600657.SH,信达地产,20010823,3.9088,3.9198,3.9344,3.8759,3.9619,-1.0626,2028.0,4321.911,-0.042100000000000026,北京,全国地产,19930524,
600657.SH,信达地产,20010822,4.0131,3.9619,4.0442,3.9216,4.0424,-1.9914,3356.55,7309.678,-0.0804999999999998,北京,全国地产,19930524,
600657.SH,信达地产,20010821,4.1266,4.0424,4.1449,4.0424,4.0442,-0.0445,3529.95,7919.656,-0.0018000000000002458,北京,全国地产,19930524,
600657.SH,信达地产,20010820,4.0351,4.0442,4.0845,3.9893,4.0534,-0.227,1431.85,3169.4,-0.009199999999999875,北京,全国地产,19930524,
600657.SH,信达地产,20010817,3.9344,4.0534,4.0534,3.8832,3.9363,2.9749,4344.73,9368.596,0.11709999999999976,北京,全国地产,19930524,
600657.SH,信达地产,20010816,4.0442,3.9363,4.0863,3.9344,4.057,-2.9751,2086.8,4551.32,-0.12070000000000025,北京,全国地产,19930524,
600657.SH,信达地产,20010815,4.0259,4.057,4.0625,4.0259,4.0406,0.4059,1130.88,2499.911,0.01639999999999997,北京,全国地产,19930524,
600657.SH,信达地产,20010814,4.1174,4.0406,4.1687,3.9985,4.0955,-1.3405,2644.01,5883.193,-0.05489999999999995,北京,全国地产,19930524,
600657.SH,信达地产,20010813,4.1357,4.0955,4.154,4.0461,4.1339,-0.9289,3829.19,8608.853,-0.038399999999999324,北京,全国地产,19930524,
600657.SH,信达地产,20010810,4.0223,4.1339,4.1449,3.993,3.9893,3.6247,4757.84,10627.296,0.14459999999999962,北京,全国地产,19930524,
600657.SH,信达地产,20010809,3.8814,3.9893,4.0021,3.8814,3.9161,1.8692,2160.7,4676.076,0.07319999999999993,北京,全国地产,19930524,
600657.SH,信达地产,20010808,3.8795,3.9161,3.9655,3.8429,3.9107,0.1381,3763.6,8043.204,0.0054000000000002935,北京,全国地产,19930524,
600657.SH,信达地产,20010807,3.8429,3.9107,4.0223,3.7826,3.8795,0.8042,5934.39,12551.393,0.031199999999999672,北京,全国地产,19930524,
600657.SH,信达地产,20010806,4.1449,3.8795,4.1449,3.8246,4.1815,-7.2223,4699.48,10183.915,-0.3019999999999996,北京,全国地产,19930524,
600657.SH,信达地产,20010803,4.2236,4.1815,4.2272,4.154,4.2272,-1.0811,1891.08,4322.341,-0.045700000000000074,北京,全国地产,19930524,
600657.SH,信达地产,20010802,4.37,4.2272,4.37,4.1138,4.3718,-3.3076,3879.5,8897.73,-0.1446000000000005,北京,全国地产,19930524,
600657.SH,信达地产,20010801,4.3004,4.3718,4.4011,4.1906,4.154,5.2431,6251.18,14661.822,0.21780000000000044,北京,全国地产,19930524,
600657.SH,信达地产,20010731,4.1449,4.154,4.2638,4.1284,4.1412,0.3091,3799.15,8717.498,0.012799999999999478,北京,全国地产,19930524,
600657.SH,信达地产,20010730,4.2144,4.1412,4.2455,4.1211,4.273,-3.0845,7722.75,17624.53,-0.13179999999999925,北京,全国地产,19930524,
600657.SH,信达地产,20010727,4.5036,4.273,4.52,4.2327,4.52,-5.4646,5591.93,13293.611,-0.2469999999999999,北京,全国地产,19930524,
600657.SH,信达地产,20010726,4.5402,4.52,4.5932,4.4798,4.5749,-1.2,3626.14,8943.747,-0.05490000000000084,北京,全国地产,19930524,
600657.SH,信达地产,20010725,4.703,4.5749,4.7469,4.5475,4.7579,-3.8462,4664.36,11809.639,-0.18299999999999983,北京,全国地产,19930524,
600657.SH,信达地产,20010724,4.9208,4.7579,4.9391,4.7415,5.005,-4.9371,4171.6,10959.484,-0.24709999999999965,北京,全国地产,19930524,
600657.SH,信达地产,20010723,5.0873,5.005,5.0873,4.9922,5.069,-1.2626,2477.2,6816.13,-0.06400000000000006,北京,全国地产,19930524,
600657.SH,信达地产,20010720,4.9519,5.069,5.0855,4.9226,4.9501,2.402,3963.27,10817.221,0.1189,北京,全国地产,19930524,
600657.SH,信达地产,20010719,5.0105,4.9501,5.0105,4.9171,4.994,-0.8791,2371.13,6404.903,-0.04389999999999983,北京,全国地产,19930524,
600657.SH,信达地产,20010718,5.0105,4.994,5.0416,4.9812,4.9958,-0.036,2200.7,6029.374,-0.0018000000000002458,北京,全国地产,19930524,
600657.SH,信达地产,20010717,4.9903,4.9958,5.0141,4.9409,4.994,0.036,3469.25,9421.798,0.0018000000000002458,北京,全国地产,19930524,
600657.SH,信达地产,20010716,5.102,4.994,5.102,4.9409,4.897,1.9808,13004.67,35713.148,0.09699999999999953,北京,全国地产,19930524,
600657.SH,信达地产,20010713,4.8348,4.897,5.0141,4.8311,4.8348,1.2865,5957.45,16069.057,0.06219999999999981,北京,全国地产,19930524,
600657.SH,信达地产,20010712,4.8494,4.8348,4.886,4.8128,4.8439,-0.1879,2107.33,5584.59,-0.00909999999999922,北京,全国地产,19930524,
600657.SH,信达地产,20010711,4.8677,4.8439,4.886,4.8311,4.886,-0.8616,1092.64,2898.466,-0.04210000000000047,北京,全国地产,19930524,
600657.SH,信达地产,20010710,4.8586,4.886,4.897,4.8037,4.8494,0.7547,1641.98,4348.562,0.036599999999999966,北京,全国地产,19930524,
600657.SH,信达地产,20010709,4.919,4.8494,4.9336,4.8494,4.886,-0.7491,3270.4,8771.712,-0.036599999999999966,北京,全国地产,19930524,
600657.SH,信达地产,20010706,4.833,4.886,4.9373,4.833,4.8293,1.1741,6570.64,17565.108,0.056700000000000195,北京,全国地产,19930524,
600657.SH,信达地产,20010705,4.7726,4.8293,4.9025,4.7634,4.7616,1.4218,6618.42,17541.07,0.06770000000000032,北京,全国地产,19930524,
600657.SH,信达地产,20010704,4.6957,4.7616,4.8092,4.6957,4.714,1.0098,4078.0,10626.385,0.0475999999999992,北京,全国地产,19930524,
600657.SH,信达地产,20010703,4.736,4.714,4.7543,4.7122,4.7396,-0.5401,3144.27,8129.031,-0.025599999999999845,北京,全国地产,19930524,
600657.SH,信达地产,20010702,4.7762,4.7396,4.7762,4.7305,4.7433,-0.078,1672.5,4336.367,-0.0036999999999993705,北京,全国地产,19930524,
600657.SH,信达地产,20010629,4.7268,4.7433,4.7781,4.7268,4.7286,0.3109,1586.48,4130.542,0.014699999999999491,北京,全国地产,19930524,
600657.SH,信达地产,20010628,4.7402,4.7292,4.7949,4.7037,4.7292,0.0,2815.12,7315.614,0.0,北京,全国地产,19930524,
600657.SH,信达地产,20010627,4.8058,4.7292,4.8058,4.7037,4.6855,0.9327,2136.46,5553.033,0.043699999999999406,北京,全国地产,19930524,
600657.SH,信达地产,20010626,4.7001,4.6855,4.7402,4.6618,4.6946,-0.1938,4636.69,11915.14,-0.009100000000000108,北京,全国地产,19930524,
600657.SH,信达地产,20010625,4.7219,4.6946,4.7402,4.6691,4.7183,-0.5023,3023.1,7777.103,-0.023699999999999832,北京,全国地产,19930524,
600657.SH,信达地产,20010622,4.7365,4.7183,4.7365,4.6581,4.6545,1.3707,3165.27,8120.812,0.06380000000000052,北京,全国地产,19930524,
600657.SH,信达地产,20010621,4.6363,4.6545,4.6673,4.629,4.6308,0.5118,4375.22,11165.851,0.023699999999999832,北京,全国地产,19930524,
600657.SH,信达地产,20010620,4.649,4.6308,4.7037,4.6271,4.6308,0.0,3709.55,9462.846,0.0,北京,全国地产,19930524,
600657.SH,信达地产,20010619,4.6855,4.6308,4.8313,4.6126,4.6764,-0.9751,5813.64,15023.435,-0.04560000000000031,北京,全国地产,19930524,
600657.SH,信达地产,20010618,4.7675,4.6764,4.7675,4.6691,4.773,-2.0239,7948.89,20501.922,-0.09659999999999958,北京,全国地产,19930524,
600657.SH,信达地产,20010615,4.7402,4.773,4.8496,4.7128,4.7402,0.692,4431.62,11639.01,0.03279999999999994,北京,全国地产,19930524,
600657.SH,信达地产,20010614,4.8313,4.7402,4.8587,4.7402,4.8259,-1.7758,6273.22,16463.626,-0.08570000000000011,北京,全国地产,19930524,
600657.SH,信达地产,20010613,4.7766,4.8259,4.8405,4.7402,4.7675,1.225,5740.49,15046.963,0.058399999999999785,北京,全国地产,19930524,
600657.SH,信达地产,20010612,4.8095,4.7675,4.8095,4.7402,4.7402,0.5759,4404.28,11483.043,0.027300000000000324,北京,全国地产,19930524,
600657.SH,信达地产,20010611,4.8277,4.7402,4.8277,4.7402,4.8295,-1.8491,3843.8,10084.28,-0.0893000000000006,北京,全国地产,19930524,
600657.SH,信达地产,20010608,4.7675,4.8295,4.8441,4.7311,4.7548,1.571,7795.22,20497.279,0.07469999999999999,北京,全国地产,19930524,
600657.SH,信达地产,20010607,4.7675,4.7548,4.7876,4.7402,4.7675,-0.2664,2775.31,7246.42,-0.012699999999999712,北京,全国地产,19930524,
600657.SH,信达地产,20010606,4.8313,4.7675,4.8605,4.7311,4.8313,-1.3206,3412.0,8922.171,-0.06379999999999963,北京,全国地产,19930524,
600657.SH,信达地产,20010605,4.7621,4.8313,4.8313,4.7001,4.7621,1.4531,14396.24,37369.542,0.06919999999999948,北京,全国地产,19930524,
600657.SH,信达地产,20010604,4.886,4.7621,4.886,4.7365,4.8933,-2.6812,9529.57,24989.162,-0.13119999999999976,北京,全国地产,19930524,
600657.SH,信达地产,20010601,4.9207,4.8933,4.9225,4.8295,4.9225,-0.5932,3628.08,9682.404,-0.029200000000000337,北京,全国地产,19930524,
600657.SH,信达地产,20010531,4.9298,4.9225,4.959,4.8587,4.9225,0.0,5385.17,14462.034,0.0,北京,全国地产,19930524,
600657.SH,信达地产,20010530,4.8405,4.9225,4.959,4.8405,4.8642,1.1986,2956.04,7947.565,0.05830000000000002,北京,全国地产,19930524,
600657.SH,信达地产,20010529,4.835,4.8642,4.886,4.8313,4.8678,-0.074,3110.95,8282.629,-0.0035999999999996035,北京,全国地产,19930524,
600657.SH,信达地产,20010528,4.9043,4.8678,4.9389,4.8496,4.9517,-1.6944,3603.8,9632.931,-0.08389999999999986,北京,全国地产,19930524,
600657.SH,信达地产,20010525,4.8459,4.9517,4.9954,4.835,4.8532,2.0296,4743.7,12760.359,0.09849999999999959,北京,全国地产,19930524,
600657.SH,信达地产,20010524,4.9334,4.8532,4.9462,4.8368,4.8897,-0.7465,5134.34,13722.971,-0.0365000000000002,北京,全国地产,19930524,
600657.SH,信达地产,20010523,4.9225,4.8897,4.9462,4.8313,4.9498,-1.2142,6025.4,16153.761,-0.060099999999999376,北京,全国地产,19930524,
600657.SH,信达地产,20010522,4.959,4.9498,4.9936,4.9225,4.959,-0.1855,4390.19,11929.863,-0.009199999999999875,北京,全国地产,19930524,
600657.SH,信达地产,20010521,5.0228,4.959,5.0228,4.9043,5.092,-2.6119,8996.35,24374.745,-0.133,北京,全国地产,19930524,
600657.SH,信达地产,20010517,5.1413,5.092,5.1595,5.0137,5.1267,-0.6768,9285.56,25823.087,-0.03469999999999995,北京,全国地产,19930524,
600657.SH,信达地产,20010516,5.196,5.1267,5.2142,5.1139,5.1157,0.215,17557.96,49702.54,0.010999999999999233,北京,全国地产,19930524,
600657.SH,信达地产,20010515,5.0355,5.1157,5.2069,5.0355,4.9772,2.7827,21115.64,59649.714,0.1385000000000005,北京,全国地产,19930524,
600657.SH,信达地产,20010514,4.7858,4.9772,4.9863,4.7858,4.7839,4.0406,8543.39,23097.841,0.1932999999999998,北京,全国地产,19930524,
600657.SH,信达地产,20010511,4.7493,4.7839,4.8131,4.7165,4.7402,0.9219,5071.96,13255.007,0.043700000000000294,北京,全国地产,19930524,
600657.SH,信达地产,20010510,4.8496,4.7402,4.8951,4.7183,4.855,-2.3646,10396.75,27125.591,-0.11480000000000068,北京,全国地产,19930524,
600657.SH,信达地产,20010509,4.9225,4.855,4.9389,4.8423,4.9097,-1.1141,2717.9,7275.312,-0.05469999999999953,北京,全国地产,19930524,
600657.SH,信达地产,20010508,4.9517,4.9097,4.9717,4.886,4.9079,0.0367,2099.31,5667.193,0.0018000000000002458,北京,全国地产,19930524,
600657.SH,信达地产,20010430,4.9225,4.9079,4.9389,4.8714,4.9225,-0.2966,3448.75,9281.968,-0.014600000000000612,北京,全国地产,19930524,
600657.SH,信达地产,20010427,4.9006,4.9225,4.9681,4.855,4.8459,1.5807,5929.18,15971.821,0.0766,北京,全国地产,19930524,
600657.SH,信达地产,20010426,4.886,4.8459,4.9316,4.8313,4.959,-2.2807,8397.4,22465.288,-0.11309999999999931,北京,全国地产,19930524,
600657.SH,信达地产,20010425,5.0319,4.959,5.0483,4.8295,5.0228,-1.2702,16911.07,45467.071,-0.06380000000000052,北京,全国地产,19930524,
600657.SH,信达地产,20010424,5.0319,5.0228,5.1012,4.9954,5.0665,-0.8625,7674.1,21180.391,-0.043699999999999406,北京,全国地产,19930524,
600657.SH,信达地产,20010423,5.0228,5.0665,5.1376,4.9918,5.0683,-0.0355,11155.97,30875.595,-0.0018000000000002458,北京,全国地产,19930524,
600657.SH,信达地产,20010420,5.2434,5.0683,5.3765,5.0683,5.2069,-2.6619,11631.9,33389.142,-0.13860000000000028,北京,全国地产,19930524,
600657.SH,信达地产,20010419,5.1613,5.2069,5.2507,5.1048,5.1741,0.6339,15635.2,44387.665,0.03279999999999994,北京,全国地产,19930524,
600657.SH,信达地产,20010418,5.3418,5.1741,5.3418,4.9918,5.4056,-4.2826,24655.91,70207.319,-0.2314999999999996,北京,全国地产,19930524,
600657.SH,信达地产,20010417,5.433,5.4056,5.5023,5.3236,5.3637,0.7812,18936.06,56247.447,0.04190000000000005,北京,全国地产,19930524,
600657.SH,信达地产,20010416,5.092,5.3637,5.3655,5.092,5.0829,5.5244,21989.9,63764.979,0.2807999999999993,北京,全国地产,19930524,
600657.SH,信达地产,20010413,4.9827,5.0829,5.2051,4.9827,5.1139,-0.6062,16900.49,46921.467,-0.030999999999999694,北京,全国地产,19930524,
600657.SH,信达地产,20010412,5.0264,5.1139,5.2817,5.0264,5.0228,1.8137,23317.35,66269.582,0.09109999999999996,北京,全国地产,19930524,
600657.SH,信达地产,20010411,4.9845,5.0228,5.041,4.9626,4.9571,1.3254,5066.16,13931.342,0.06570000000000054,北京,全国地产,19930524,
600657.SH,信达地产,20010410,4.8587,4.9571,5.0246,4.8587,4.9043,1.0766,7665.23,20890.054,0.052799999999999514,北京,全国地产,19930524,
600657.SH,信达地产,20010409,4.8477,4.9043,4.9407,4.8131,4.8842,0.4115,4052.5,10862.435,0.02010000000000023,北京,全国地产,19930524,
600657.SH,信达地产,20010406,4.8915,4.8842,4.9772,4.8113,4.8787,0.1127,5869.17,15758.715,0.005499999999999616,北京,全国地产,19930524,
600657.SH,信达地产,20010405,4.7694,4.8787,4.8933,4.7365,4.7785,2.0969,6410.29,16903.262,0.10020000000000007,北京,全国地产,19930524,
600657.SH,信达地产,20010404,4.8642,4.7785,4.9134,4.7511,4.8769,-2.0177,7631.4,20261.373,-0.09839999999999982,北京,全国地产,19930524,
600657.SH,信达地产,20010403,4.9207,4.8769,4.9389,4.8313,4.9225,-0.9264,7412.0,19873.588,-0.04560000000000031,北京,全国地产,19930524,
600657.SH,信达地产,20010402,4.742,4.9225,4.9444,4.7219,4.7548,3.527,10403.54,27750.843,0.16769999999999996,北京,全国地产,19930524,
600657.SH,信达地产,20010330,4.6527,4.7548,4.773,4.6235,4.6673,1.8747,5233.11,13508.099,0.08750000000000036,北京,全国地产,19930524,
600657.SH,信达地产,20010329,4.7584,4.6673,4.8095,4.6581,4.7639,-2.0278,9541.04,24700.161,-0.09659999999999958,北京,全国地产,19930524,
600657.SH,信达地产,20010328,4.8095,4.7639,4.8222,4.7402,4.7621,0.0378,8462.96,22140.788,0.0017999999999993577,北京,全国地产,19930524,
600657.SH,信达地产,20010327,4.5725,4.7621,4.8259,4.5706,4.5633,4.3565,18449.79,47893.436,0.1988000000000003,北京,全国地产,19930524,
600657.SH,信达地产,20010326,4.5487,4.5633,4.5943,4.5214,4.556,0.1602,6354.11,15890.913,0.007299999999999862,北京,全国地产,19930524,
600657.SH,信达地产,20010323,4.6326,4.556,4.6818,4.5214,4.6326,-1.6535,9801.24,24604.177,-0.0766,北京,全国地产,19930524,
600657.SH,信达地产,20010322,4.5943,4.6326,4.6673,4.5725,4.5761,1.2347,6459.33,16397.92,0.05649999999999977,北京,全国地产,19930524,
600657.SH,信达地产,20010321,4.5305,4.5761,4.5761,4.5086,4.5214,1.2098,5943.44,14833.728,0.054700000000000415,北京,全国地产,19930524,
600657.SH,信达地产,20010320,4.4503,4.5214,4.5779,4.4485,4.4667,1.2246,3969.41,9866.092,0.05469999999999953,北京,全国地产,19930524,
600657.SH,信达地产,20010319,4.3938,4.4667,4.5214,4.3847,4.4157,1.155,3420.79,8377.461,0.051000000000000156,北京,全国地产,19930524,
600657.SH,信达地产,20010316,4.4302,4.4157,4.4576,4.3756,4.443,-0.6144,3671.85,8877.892,-0.027299999999999436,北京,全国地产,19930524,
600657.SH,信达地产,20010315,4.4795,4.443,4.4886,4.4394,4.4995,-1.2557,3745.21,9158.579,-0.05650000000000066,北京,全国地产,19930524,
600657.SH,信达地产,20010314,4.412,4.4995,4.4995,4.381,4.4248,1.6882,4115.45,10056.908,0.07469999999999999,北京,全国地产,19930524,
600657.SH,信达地产,20010313,4.5579,4.4248,4.5579,4.412,4.5907,-3.6138,6080.9,14879.953,-0.16589999999999971,北京,全国地产,19930524,
600657.SH,信达地产,20010312,4.6472,4.5907,4.6727,4.5396,4.6454,-1.1775,7185.77,18120.888,-0.054700000000000415,北京,全国地产,19930524,
600657.SH,信达地产,20010309,4.4868,4.6454,4.7074,4.4485,4.4631,4.0846,20559.89,52121.788,0.18230000000000057,北京,全国地产,19930524,
600657.SH,信达地产,20010308,4.4029,4.4631,4.5214,4.3573,4.3938,1.5772,9790.11,24045.27,0.06930000000000014,北京,全国地产,19930524,
600657.SH,信达地产,20010307,4.3391,4.3938,4.4029,4.3026,4.3209,1.6871,2872.55,6870.035,0.07289999999999974,北京,全国地产,19930524,
600657.SH,信达地产,20010306,4.3318,4.3209,4.3373,4.2662,4.3664,-1.042,3638.76,8570.211,-0.04549999999999965,北京,全国地产,19930524,
600657.SH,信达地产,20010305,4.412,4.3664,4.412,4.2789,4.3701,-0.0847,4992.84,11817.32,-0.0037000000000002586,北京,全国地产,19930524,
600657.SH,信达地产,20010302,4.3391,4.3701,4.4065,4.3354,4.3391,0.7144,3894.35,9315.849,0.030999999999999694,北京,全国地产,19930524,
600657.SH,信达地产,20010301,4.3209,4.3391,4.3482,4.2844,4.3409,-0.0415,2813.78,6668.175,-0.0018000000000002458,北京,全国地产,19930524,
600657.SH,信达地产,20010228,4.4339,4.3409,4.4667,4.3209,4.4302,-2.0157,3004.2,7195.16,-0.08929999999999971,北京,全国地产,19930524,
600657.SH,信达地产,20010227,4.4576,4.4302,4.4576,4.3756,4.4521,-0.4919,4042.02,9804.201,-0.021899999999999586,北京,全国地产,19930524,
600657.SH,信达地产,20010226,4.3756,4.4521,4.4612,4.3391,4.3664,1.9627,7833.06,18923.831,0.08570000000000011,北京,全国地产,19930524,
600657.SH,信达地产,20010223,4.299,4.3664,4.3756,4.257,4.288,1.8284,5538.23,13173.13,0.07839999999999936,北京,全国地产,19930524,
600657.SH,信达地产,20010222,4.2297,4.288,4.3537,4.1932,4.2297,1.3783,7912.77,18696.117,0.05830000000000002,北京,全国地产,19930524,
600657.SH,信达地产,20010221,4.2279,4.2297,4.2589,4.1167,4.2953,-1.5273,5915.11,13572.844,-0.06559999999999988,北京,全国地产,19930524,
600657.SH,信达地产,20010220,4.237,4.2953,4.4029,4.2297,4.1932,2.4349,14421.6,34211.558,0.10210000000000008,北京,全国地产,19930524,
600657.SH,信达地产,20010219,4.2169,4.1932,4.2607,4.1039,4.2589,-1.5427,7577.57,17505.621,-0.06569999999999965,北京,全国地产,19930524,
600657.SH,信达地产,20010216,4.1841,4.2589,4.2662,3.9526,4.1841,1.7877,20916.1,46766.101,0.07479999999999976,北京,全国地产,19930524,
600657.SH,信达地产,20010215,4.4849,4.1841,4.5378,4.1714,4.4758,-6.5173,14571.8,34250.842,-0.2916999999999996,北京,全国地产,19930524,
600657.SH,信达地产,20010214,4.4631,4.4758,4.5342,4.4302,4.4576,0.4083,4114.94,10088.528,0.018199999999999328,北京,全国地产,19930524,
600657.SH,信达地产,20010213,4.4758,4.4576,4.5834,4.4302,4.4849,-0.6087,4936.2,12191.115,-0.027299999999999436,北京,全国地产,19930524,
600657.SH,信达地产,20010212,4.5214,4.4849,4.5579,4.4084,4.5487,-1.4026,3589.92,8845.153,-0.06380000000000052,北京,全国地产,19930524,
600657.SH,信达地产,20010209,4.4813,4.5487,4.6618,4.4211,4.4612,1.9614,13409.03,33264.355,0.08750000000000036,北京,全国地产,19930524,
600657.SH,信达地产,20010208,4.9371,4.4612,4.9772,4.4612,4.9571,-10.0038,11029.6,28280.279,-0.4958999999999998,北京,全国地产,19930524,
600657.SH,信达地产,20010207,5.0629,4.9571,5.0629,4.886,5.0683,-2.194,5710.63,15443.961,-0.11120000000000019,北京,全国地产,19930524,
600657.SH,信达地产,20010206,5.1322,5.0683,5.1741,4.9225,5.1923,-2.3882,6537.12,17984.792,-0.12400000000000055,北京,全国地产,19930524,
600657.SH,信达地产,20010205,5.4512,5.1923,5.4512,5.1631,5.464,-4.9725,7257.01,21147.008,-0.27170000000000005,北京,全国地产,19930524,
600657.SH,信达地产,20010119,5.3874,5.464,5.5004,5.3874,5.422,0.7746,7762.89,23288.527,0.0420000000000007,北京,全国地产,19930524,
600657.SH,信达地产,20010118,5.3218,5.422,5.4567,5.3017,5.36,1.1567,8584.93,25387.569,0.06199999999999939,北京,全国地产,19930524,
600657.SH,信达地产,20010117,5.4239,5.36,5.4239,5.2324,5.4275,-1.2437,8454.1,24658.733,-0.0674999999999999,北京,全国地产,19930524,
600657.SH,信达地产,20010116,5.4713,5.4275,5.5351,5.3436,5.5059,-1.4239,4943.18,14708.476,-0.07839999999999936,北京,全国地产,19930524,
600657.SH,信达地产,20010115,5.6372,5.5059,5.732,5.4694,5.6791,-3.0498,6325.37,19534.864,-0.17320000000000046,北京,全国地产,19930524,
600657.SH,信达地产,20010112,5.6536,5.6791,5.7429,5.6025,5.7593,-1.3925,4843.17,15025.551,-0.0801999999999996,北京,全国地产,19930524,
600657.SH,信达地产,20010111,5.8341,5.7593,5.8341,5.721,5.8395,-1.3734,9314.94,29429.515,-0.0802000000000005,北京,全国地产,19930524,
600657.SH,信达地产,20010110,5.7064,5.8395,5.8614,5.7064,5.7611,1.3609,5619.81,17874.154,0.07840000000000025,北京,全国地产,19930524,
600657.SH,信达地产,20010109,5.6973,5.7611,5.8067,5.6536,5.7064,0.9586,4892.74,15382.097,0.05469999999999953,北京,全国地产,19930524,
600657.SH,信达地产,20010108,5.9799,5.7064,6.0127,5.7064,5.9909,-4.7489,8050.32,25589.662,-0.28449999999999953,北京,全国地产,19930524,
600657.SH,信达地产,20010105,5.9617,5.9909,6.0528,5.9289,5.9672,0.3972,6912.42,22712.787,0.023699999999999832,北京,全国地产,19930524,
600657.SH,信达地产,20010104,5.9617,5.9672,6.0601,5.8705,5.9343,0.5544,11823.74,38871.967,0.03289999999999971,北京,全国地产,19930524,
600657.SH,信达地产,20010103,5.8341,5.9343,5.9599,5.7976,5.8286,1.8135,11053.01,35762.505,0.10570000000000057,北京,全国地产,19930524,
600657.SH,信达地产,20010102,5.6755,5.8286,5.8322,5.6153,5.6773,2.665,5595.1,17666.794,0.1513,北京,全国地产,19930524,
600657.SH,信达地产,20001229,5.6299,5.6773,5.6791,5.5971,5.6335,0.7775,4164.17,12874.614,0.04380000000000006,北京,全国地产,19930524,
600657.SH,信达地产,20001228,5.6299,5.6335,5.7575,5.5515,5.7575,-2.1537,6982.17,21544.109,-0.12400000000000055,北京,全国地产,19930524,
600657.SH,信达地产,20001226,5.7429,5.7575,5.7921,5.6518,5.7429,0.2542,4623.02,14482.346,0.014600000000000612,北京,全国地产,19930524,
600657.SH,信达地产,20001225,5.7502,5.7429,5.8341,5.6718,5.7484,-0.0957,4062.51,12849.085,-0.0055000000000005045,北京,全国地产,19930524,
600657.SH,信达地产,20001222,5.7794,5.7484,5.8122,5.6955,5.7721,-0.4106,5866.91,18519.122,-0.023699999999999832,北京,全国地产,19930524,
600657.SH,信达地产,20001221,5.7611,5.7721,5.9635,5.7338,5.7557,0.2849,18242.16,58370.326,0.01639999999999997,北京,全国地产,19930524,
600657.SH,信达地产,20001220,5.6062,5.7557,5.8286,5.5843,5.6062,2.6667,17474.61,54778.484,0.14949999999999974,北京,全国地产,19930524,
600657.SH,信达地产,20001219,5.5752,5.6062,5.6335,5.4986,5.5788,0.4911,10645.61,32642.651,0.02740000000000009,北京,全国地产,19930524,
600657.SH,信达地产,20001218,5.3327,5.5788,5.5788,5.2835,5.3236,4.7937,17574.62,51477.245,0.2552000000000003,北京,全国地产,19930524,
600657.SH,信达地产,20001215,5.4056,5.3236,5.4056,5.2835,5.3509,-0.5102,8589.43,24989.236,-0.027300000000000324,北京,全国地产,19930524,
600657.SH,信达地产,20001214,5.309,5.3509,5.4075,5.2871,5.309,0.7892,17244.01,50440.176,0.04190000000000005,北京,全国地产,19930524,
600657.SH,信达地产,20001213,5.36,5.309,5.3783,5.2871,5.36,-0.9515,3804.3,11101.99,-0.051000000000000156,北京,全国地产,19930524,
600657.SH,信达地产,20001212,5.3236,5.36,5.5187,5.3236,5.3236,0.6837,2882.95,8483.603,0.03640000000000043,北京,全国地产,19930524,
600657.SH,信达地产,20001211,5.4512,5.3236,5.4512,5.3054,5.4713,-2.6995,2623.2,7694.155,-0.1477000000000004,北京,全国地产,19930524,
600657.SH,信达地产,20001208,5.5424,5.4713,5.5606,5.4056,5.5515,-1.4447,5649.6,16933.066,-0.0801999999999996,北京,全国地产,19930524,
600657.SH,信达地产,20001207,5.5606,5.5515,5.67,5.5515,5.5879,-0.6514,4552.89,13970.473,-0.03640000000000043,北京,全国地产,19930524,
600657.SH,信达地产,20001206,5.6536,5.5879,5.6663,5.5515,5.5879,0.0,3986.0,12222.466,0.0,北京,全国地产,19930524,
600657.SH,信达地产,20001205,5.5679,5.5879,5.6846,5.5679,5.5807,0.129,1307.21,4014.976,0.007200000000000095,北京,全国地产,19930524,
600657.SH,信达地产,20001204,5.67,5.5807,5.7156,5.5606,5.6882,-1.8899,3209.1,9892.319,-0.10749999999999993,北京,全国地产,19930524,
600657.SH,信达地产,20001201,5.7174,5.6882,5.7247,5.6499,5.6518,0.644,3443.48,10721.783,0.03640000000000043,北京,全国地产,19930524,
600657.SH,信达地产,20001130,5.5624,5.6518,5.7229,5.5624,5.6244,0.4872,2724.16,8425.344,0.02740000000000009,北京,全国地产,19930524,
600657.SH,信达地产,20001129,5.7247,5.6244,5.7283,5.5916,5.7064,-1.437,3401.28,10568.697,-0.08200000000000074,北京,全国地产,19930524,
600657.SH,信达地产,20001128,5.7338,5.7064,5.7611,5.6536,5.6992,0.1263,4724.87,14766.956,0.007200000000000095,北京,全国地产,19930524,
600657.SH,信达地产,20001127,5.5515,5.6992,5.7411,5.5241,5.5606,2.4925,5072.27,15737.521,0.13860000000000028,北京,全国地产,19930524,
600657.SH,信达地产,20001124,5.5606,5.5606,5.7374,5.5241,5.5241,0.6607,9081.13,28026.213,0.0365000000000002,北京,全国地产,19930524,
600657.SH,信达地产,20001123,5.5424,5.5241,5.6335,5.5114,5.546,-0.3949,4914.25,15007.097,-0.021900000000000475,北京,全国地产,19930524,
600657.SH,信达地产,20001122,5.5588,5.546,5.5971,5.4694,5.5223,0.4292,4328.45,13038.895,0.023699999999999832,北京,全国地产,19930524,
600657.SH,信达地产,20001121,5.6481,5.5223,5.6481,5.5023,5.6153,-1.6562,8338.09,25348.886,-0.09299999999999997,北京,全国地产,19930524,
600657.SH,信达地产,20001120,5.6882,5.6153,5.7083,5.5879,5.7247,-1.911,3407.58,10515.046,-0.10939999999999994,北京,全国地产,19930524,
600657.SH,信达地产,20001117,5.7247,5.7247,5.7611,5.6518,5.7064,0.3207,4360.0,13621.322,0.018299999999999983,北京,全国地产,19930524,
600657.SH,信达地产,20001116,5.7429,5.7064,5.7429,5.6518,5.7338,-0.4779,4401.0,13748.086,-0.027399999999999203,北京,全国地产,19930524,
600657.SH,信达地产,20001115,5.6554,5.7338,5.8888,5.6499,5.6645,1.2234,22358.0,70451.197,0.06929999999999925,北京,全国地产,19930524,
600657.SH,信达地产,20001114,5.7247,5.6645,5.7411,5.5606,5.7101,-0.7986,5869.0,18165.248,-0.04559999999999942,北京,全国地产,19930524,
600657.SH,信达地产,20001113,5.6189,5.7101,5.8067,5.6189,5.6153,1.6882,8780.0,27605.918,0.09479999999999933,北京,全国地产,19930524,
600657.SH,信达地产,20001110,5.7064,5.6153,5.7703,5.608,5.6882,-1.2816,13493.0,42244.267,-0.07289999999999974,北京,全国地产,19930524,
600657.SH,信达地产,20001109,5.4658,5.6882,5.7064,5.4512,5.4476,4.4166,9642.0,29697.933,0.2405999999999997,北京,全国地产,19930524,
600657.SH,信达地产,20001108,5.3765,5.4476,5.4476,5.3291,5.3382,2.0494,2797.0,8276.933,0.10940000000000083,北京,全国地产,19930524,
600657.SH,信达地产,20001107,5.36,5.3382,5.3783,5.3163,5.3291,0.1708,2409.0,7047.353,0.00909999999999922,北京,全国地产,19930524,
600657.SH,信达地产,20001106,5.3236,5.3291,5.3783,5.2689,5.3236,0.1033,3280.0,9570.574,0.0055000000000005045,北京,全国地产,19930524,
600657.SH,信达地产,20001103,5.4056,5.3236,5.4421,5.3145,5.3199,0.0696,3571.0,10476.648,0.0037000000000002586,北京,全国地产,19930524,
600657.SH,信达地产,20001102,5.36,5.3199,5.3965,5.3054,5.3436,-0.4435,2496.0,7303.675,-0.02370000000000072,北京,全国地产,19930524,
600657.SH,信达地产,20001101,5.278,5.3436,5.371,5.2652,5.2652,1.489,1956.0,5719.585,0.07840000000000025,北京,全国地产,19930524,
600657.SH,信达地产,20001031,5.2652,5.2652,5.3236,5.2598,5.2689,-0.0702,3255.0,9406.714,-0.0037000000000002586,北京,全国地产,19930524,
600657.SH,信达地产,20001030,5.3783,5.2689,5.3783,5.2251,5.3418,-1.3647,4079.0,11841.669,-0.07289999999999974,北京,全国地产,19930524,
600657.SH,信达地产,20001027,5.4512,5.3418,5.4512,5.2835,5.464,-2.2365,4937.0,14441.783,-0.12220000000000031,北京,全国地产,19930524,
600657.SH,信达地产,20001026,5.5424,5.464,5.5697,5.4239,5.5424,-1.4145,3929.0,11828.615,-0.07839999999999936,北京,全国地产,19930524,
600657.SH,信达地产,20001025,5.5332,5.5424,5.608,5.5059,5.515,0.4968,7694.0,23427.011,0.02740000000000009,北京,全国地产,19930524,
600657.SH,信达地产,20001024,5.7064,5.515,5.732,5.4512,5.7064,-3.3541,8644.0,26153.749,-0.19140000000000068,北京,全国地产,19930524,
600657.SH,信达地产,20001023,5.7812,5.7064,5.8158,5.5807,5.7429,-0.6356,8408.0,26306.468,-0.03649999999999931,北京,全国地产,19930524,
600657.SH,信达地产,20001020,5.4877,5.7429,5.7794,5.4877,5.4877,4.6504,20765.0,64411.322,0.2551999999999994,北京,全国地产,19930524,
600657.SH,信达地产,20001019,5.5187,5.4877,5.6281,5.4239,5.4877,0.0,13991.0,42068.433,0.0,北京,全国地产,19930524,
600657.SH,信达地产,20001018,5.36,5.4877,5.5424,5.3145,5.3382,2.8006,18864.0,56649.639,0.14950000000000063,北京,全国地产,19930524,
600657.SH,信达地产,20001017,5.278,5.3382,5.3582,5.2324,5.2853,1.0009,2485.0,7166.082,0.05289999999999928,北京,全国地产,19930524,
600657.SH,信达地产,20001016,5.2871,5.2853,5.4239,5.2598,5.2689,0.3113,3390.0,9944.865,0.01639999999999997,北京,全国地产,19930524,
600657.SH,信达地产,20001013,5.2051,5.2689,5.3783,5.2051,5.2233,0.873,8062.0,23527.987,0.04560000000000031,北京,全国地产,19930524,
600657.SH,信达地产,20001012,5.3199,5.2233,5.3199,5.2233,5.2689,-0.8655,1731.0,4983.002,-0.04560000000000031,北京,全国地产,19930524,
600657.SH,信达地产,20001011,5.2616,5.2689,5.3692,5.2507,5.1777,1.7614,3692.0,10761.839,0.09120000000000061,北京,全国地产,19930524,
600657.SH,信达地产,20001010,5.1559,5.1777,5.2415,5.1413,5.1504,0.5301,1463.0,4161.397,0.027299999999999436,北京,全国地产,19930524,
600657.SH,信达地产,20001009,5.2288,5.1504,5.2324,5.1103,5.2288,-1.4994,1907.0,5394.543,-0.07839999999999936,北京,全国地产,19930524,
600657.SH,信达地产,20000929,5.1777,5.2288,5.2871,5.1631,5.1777,0.9869,2792.0,8043.798,0.05109999999999992,北京,全国地产,19930524,
600657.SH,信达地产,20000928,5.3054,5.1777,5.3291,5.165,5.2999,-2.3057,2396.0,6876.436,-0.12220000000000031,北京,全国地产,19930524,
600657.SH,信达地产,20000927,5.1923,5.2999,5.3236,5.1431,5.1595,2.7212,8690.0,25040.371,0.14039999999999964,北京,全国地产,19930524,
600657.SH,信达地产,20000926,5.1176,5.1595,5.2142,5.1176,5.1176,0.8187,2994.0,8486.119,0.04190000000000005,北京,全国地产,19930524,
600657.SH,信达地产,20000925,5.1048,5.1176,5.2106,5.1012,5.2051,-1.681,3482.0,9789.92,-0.08749999999999947,北京,全国地产,19930524,
600657.SH,信达地产,20000922,5.196,5.2051,5.2397,5.1595,5.1759,0.5642,5181.0,14761.979,0.02919999999999945,北京,全国地产,19930524,
600657.SH,信达地产,20000921,5.3783,5.1759,5.3783,5.072,5.3418,-3.1057,11668.0,32960.551,-0.16589999999999971,北京,全国地产,19930524,
600657.SH,信达地产,20000920,5.3983,5.3418,5.4676,5.2251,5.3947,-0.9806,6385.0,18527.396,-0.05290000000000017,北京,全国地产,19930524,
600657.SH,信达地产,20000919,5.5606,5.3947,5.5752,5.3783,5.6299,-4.1777,4503.0,13441.11,-0.23519999999999985,北京,全国地产,19930524,
600657.SH,信达地产,20000918,5.8359,5.6299,5.8359,5.6281,5.9052,-4.662,5949.0,18584.636,-0.27529999999999966,北京,全国地产,19930524,
600657.SH,信达地产,20000915,5.8906,5.9052,5.9398,5.8523,5.9252,-0.3375,1253.0,4041.889,-0.020000000000000462,北京,全国地产,19930524,
600657.SH,信达地产,20000914,5.8705,5.9252,5.989,5.8523,5.8432,1.4033,1794.0,5835.641,0.08199999999999985,北京,全国地产,19930524,
600657.SH,信达地产,20000913,5.8122,5.8432,5.9216,5.7611,5.825,0.3124,1890.0,6012.68,0.018200000000000216,北京,全国地产,19930524,
600657.SH,信达地产,20000912,5.9052,5.825,5.9161,5.7976,5.8523,-0.4665,940.0,3007.71,-0.027299999999999436,北京,全国地产,19930524,
600657.SH,信达地产,20000908,5.9252,5.8523,5.938,5.7757,5.8614,-0.1553,3519.0,11272.968,-0.009100000000000108,北京,全国地产,19930524,
600657.SH,信达地产,20000907,5.8341,5.8614,5.958,5.8158,5.8122,0.8465,1561.0,5030.112,0.04919999999999991,北京,全国地产,19930524,
600657.SH,信达地产,20000906,5.8341,5.8122,5.9033,5.7484,5.8523,-0.6852,3343.68,10678.041,-0.0400999999999998,北京,全国地产,19930524,
600657.SH,信达地产,20000905,5.8341,5.8523,6.0182,5.7976,5.8268,0.4376,2733.0,8909.469,0.02549999999999919,北京,全国地产,19930524,
600657.SH,信达地产,20000904,5.8705,5.8268,5.9435,5.763,5.8869,-1.0209,5913.0,18880.174,-0.060099999999999376,北京,全国地产,19930524,
600657.SH,信达地产,20000901,5.989,5.8869,6.0164,5.8669,6.0219,-2.2418,4377.0,14248.642,-0.1349999999999998,北京,全国地产,19930524,
600657.SH,信达地产,20000831,6.0219,6.0219,6.062,5.9033,6.0784,-0.9295,6791.0,22269.539,-0.05650000000000066,北京,全国地产,19930524,
600657.SH,信达地产,20000830,6.2352,6.0784,6.2443,6.0711,6.2297,-2.4287,5787.0,19485.43,-0.1513,北京,全国地产,19930524,
600657.SH,信达地产,20000829,6.2935,6.2297,6.3227,6.1951,6.3081,-1.2428,4349.0,14858.238,-0.07839999999999936,北京,全国地产,19930524,
600657.SH,信达地产,20000828,6.3227,6.3081,6.381,6.2899,6.3281,-0.3161,2724.0,9435.721,-0.020000000000000462,北京,全国地产,19930524,
600657.SH,信达地产,20000825,6.3628,6.3281,6.3628,6.2497,6.3628,-0.5454,3913.0,13538.891,-0.03469999999999995,北京,全国地产,19930524,
600657.SH,信达地产,20000824,6.33,6.3628,6.3628,6.2899,6.3281,0.5483,2975.0,10325.826,0.03469999999999995,北京,全国地产,19930524,
600657.SH,信达地产,20000823,6.4722,6.3281,6.4795,6.1987,6.4995,-2.6371,5607.0,19436.064,-0.17140000000000022,北京,全国地产,19930524,
600657.SH,信达地产,20000822,6.6071,6.4995,6.6071,6.4576,6.5287,-0.4473,3544.0,12738.086,-0.02919999999999945,北京,全国地产,19930524,
600657.SH,信达地产,20000821,6.5633,6.5274,6.6172,6.4064,6.5355,-0.1239,12437.0,49363.721,-0.008099999999999774,北京,全国地产,19930524,
600657.SH,信达地产,20000818,6.5355,6.5355,6.6172,6.4506,6.5355,0.0,4095.0,16349.211,0.0,北京,全国地产,19930524,
600657.SH,信达地产,20000817,6.6091,6.5355,6.6777,6.5323,6.5845,-0.7442,6542.0,26246.365,-0.04900000000000038,北京,全国地产,19930524,
600657.SH,信达地产,20000816,6.6336,6.5845,6.6564,6.5306,6.6336,-0.7402,8738.0,35139.058,-0.049100000000000144,北京,全国地产,19930524,
600657.SH,信达地产,20000815,6.5845,6.6336,6.7479,6.5355,6.663,-0.4412,9776.0,39606.572,-0.02939999999999987,北京,全国地产,19930524,
600657.SH,信达地产,20000814,6.8215,6.663,6.8215,6.56,6.8558,-2.8122,13935.0,56792.567,-0.19280000000000008,北京,全国地产,19930524,
600657.SH,信达地产,20000811,6.3803,6.8558,7.0192,6.3689,6.3803,7.4526,72914.0,298562.331,0.47550000000000026,北京,全国地产,19930524,
600657.SH,信达地产,20000810,6.3721,6.3803,6.6172,6.3395,6.3591,0.3334,6208.0,24522.044,0.02120000000000033,北京,全国地产,19930524,
600657.SH,信达地产,20000809,6.3199,6.3591,6.3721,6.1924,6.3068,0.8293,9788.0,37499.164,0.05229999999999979,北京,全国地产,19930524,
600657.SH,信达地产,20000808,6.4064,6.3068,6.4342,6.2087,6.3999,-1.4547,2749.0,10662.04,-0.09309999999999974,北京,全国地产,19930524,
600657.SH,信达地产,20000807,6.3721,6.3999,6.4457,6.2921,6.3264,1.1618,2863.0,11137.563,0.07350000000000012,北京,全国地产,19930524,
600657.SH,信达地产,20000804,6.4538,6.3264,6.529,6.3035,6.3803,-0.8448,5096.0,20028.405,-0.0539000000000005,北京,全国地产,19930524,
600657.SH,信达地产,20000803,6.2006,6.3803,6.3803,6.1107,6.1271,4.1325,7323.0,28214.353,0.25319999999999965,北京,全国地产,19930524,
600657.SH,信达地产,20000802,6.1271,6.1271,6.1597,6.0209,6.1025,0.4031,2735.0,10154.323,0.0246000000000004,北京,全国地产,19930524,
600657.SH,信达地产,20000801,6.2087,6.1025,6.3068,6.0911,6.2087,-1.7105,3086.0,11631.986,-0.1062000000000003,北京,全国地产,19930524,
600657.SH,信达地产,20000731,6.3199,6.2087,6.3721,6.078,6.2921,-1.3255,3986.0,15174.698,-0.08339999999999925,北京,全国地产,19930524,
600657.SH,信达地产,20000728,6.3607,6.2921,6.4506,6.2251,6.2365,0.8915,5024.0,19522.693,0.055599999999999206,北京,全国地产,19930524,
600657.SH,信达地产,20000727,6.3231,6.2365,6.3248,6.23,6.315,-1.2431,5677.0,21783.537,-0.07850000000000001,北京,全国地产,19930524,
600657.SH,信达地产,20000726,6.3427,6.315,6.4522,6.3133,6.3558,-0.6419,3755.0,14573.391,-0.04079999999999995,北京,全国地产,19930524,
600657.SH,信达地产,20000725,6.3558,6.3558,6.4015,6.2986,6.3672,-0.179,2665.0,10335.653,-0.011400000000000077,北京,全国地产,19930524,
600657.SH,信达地产,20000724,6.4538,6.3672,6.4538,6.3297,6.4342,-1.0413,1088.0,4226.006,-0.06699999999999928,北京,全国地产,19930524,
600657.SH,信达地产,20000721,6.3525,6.4342,6.6009,6.3525,6.4048,0.459,1447.0,5688.207,0.02939999999999987,北京,全国地产,19930524,
600657.SH,信达地产,20000720,6.4963,6.4048,6.4963,6.2708,6.4947,-1.3842,2307.0,8973.793,-0.08990000000000009,北京,全国地产,19930524,
600657.SH,信达地产,20000719,6.5028,6.4947,6.5519,6.4212,6.4048,1.4036,2644.0,10542.87,0.08990000000000009,北京,全国地产,19930524,
600657.SH,信达地产,20000718,6.4293,6.4048,6.4865,6.3558,6.4571,-0.81,2181.0,8551.219,-0.05229999999999979,北京,全国地产,19930524,
600657.SH,信达地产,20000717,6.5355,6.4571,6.5682,6.3934,6.5306,-1.1255,1931.0,7664.532,-0.07350000000000012,北京,全国地产,19930524,
600657.SH,信达地产,20000714,6.5845,6.5306,6.7153,6.4522,6.4293,1.5756,9773.0,39186.296,0.10130000000000017,北京,全国地产,19930524,
600657.SH,信达地产,20000713,6.1532,6.4293,6.5355,6.0143,6.1025,5.3552,9610.0,37666.051,0.32679999999999954,北京,全国地产,19930524,
600657.SH,信达地产,20000712,6.3199,6.1025,6.3362,5.9931,6.3215,-3.4644,2619.0,9921.668,-0.2190000000000003,北京,全国地产,19930524,
600657.SH,信达地产,20000711,6.0094,6.3215,6.3346,5.9097,6.0127,5.1358,4102.0,15444.697,0.30880000000000063,北京,全国地产,19930524,
600657.SH,信达地产,20000710,5.846,6.0127,6.0405,5.7202,5.8477,2.8216,2266.0,8126.147,0.16500000000000004,北京,全国地产,19930524,
600657.SH,信达地产,20000707,5.833,5.8477,5.8852,5.7692,5.8411,0.113,877.0,3131.959,0.006599999999999717,北京,全国地产,19930524,
600657.SH,信达地产,20000706,5.913,5.8411,5.913,5.7186,5.913,-1.216,4460.0,15764.032,-0.0719000000000003,北京,全国地产,19930524,
600657.SH,信达地产,20000705,5.9506,5.913,5.9506,5.8575,5.9147,-0.0287,1521.0,5466.345,-0.0016999999999995907,北京,全国地产,19930524,
600657.SH,信达地产,20000704,5.9147,5.9147,5.9473,5.8656,5.9473,-0.5481,1339.0,4822.767,-0.032600000000000406,北京,全国地产,19930524,
600657.SH,信达地产,20000703,5.9637,5.9473,5.9637,5.8999,5.9963,-0.8172,1294.0,4689.583,-0.04899999999999949,北京,全国地产,19930524,
600657.SH,信达地产,20000630,6.1761,5.9963,6.1777,5.9653,6.1924,-3.1668,3159.0,11725.938,-0.19610000000000039,北京,全国地产,19930524,
600657.SH,信达地产,20000629,6.2087,6.1924,6.2414,6.1434,6.2447,-0.8375,2139.0,8095.779,-0.05229999999999979,北京,全国地产,19930524,
600657.SH,信达地产,20000628,6.3705,6.2447,6.4032,6.1842,6.3509,-1.6722,2096.0,8074.361,-0.1062000000000003,北京,全国地产,19930524,
600657.SH,信达地产,20000627,6.3721,6.3509,6.4064,6.2382,6.3721,-0.3327,12917.0,49716.017,-0.02119999999999944,北京,全国地产,19930524,
600657.SH,信达地产,20000626,6.4702,6.3721,6.5094,6.3084,6.4653,-1.4415,2212.0,8628.183,-0.0932000000000004,北京,全国地产,19930524,
600657.SH,信达地产,20000623,6.1107,6.4653,6.5339,6.0454,6.078,6.3722,6401.0,24729.741,0.38729999999999976,北京,全国地产,19930524,
600657.SH,信达地产,20000622,6.1434,6.078,6.1891,6.0584,6.145,-1.0903,2537.0,9485.17,-0.06699999999999928,北京,全国地产,19930524,
600657.SH,信达地产,20000621,6.0454,6.145,6.2904,6.0454,6.0307,1.8953,2724.0,10263.368,0.11429999999999918,北京,全国地产,19930524,
600657.SH,信达地产,20000620,6.1271,6.0307,6.1352,6.0127,6.0601,-0.4851,2203.0,8170.212,-0.02939999999999987,北京,全国地产,19930524,
600657.SH,信达地产,20000619,6.0617,6.0601,6.0944,5.9637,6.0454,0.2432,3246.0,11955.217,0.01470000000000038,北京,全国地产,19930524,
600657.SH,信达地产,20000616,6.0454,6.0454,6.0617,5.9473,6.0486,-0.0529,3742.0,13756.276,-0.0032000000000005357,北京,全国地产,19930524,
600657.SH,信达地产,20000615,5.9571,6.0486,6.078,5.8738,5.9947,0.8991,4394.0,16177.193,0.0539000000000005,北京,全国地产,19930524,
600657.SH,信达地产,20000614,6.0454,5.9947,6.1303,5.7039,6.0454,-0.8387,24133.0,86288.358,-0.05069999999999997,北京,全国地产,19930524,
600657.SH,信达地产,20000613,6.1761,6.0454,6.1761,6.0307,6.2087,-2.6302,6017.0,22277.717,-0.16330000000000044,北京,全国地产,19930524,
600657.SH,信达地产,20000612,6.3721,6.2087,6.3721,6.1238,6.3721,-2.5643,3138.0,11866.81,-0.16339999999999932,北京,全国地产,19930524,
600657.SH,信达地产,20000609,6.4375,6.3721,6.4538,6.2757,6.4375,-1.0159,2973.0,11562.732,-0.06540000000000035,北京,全国地产,19930524,
600657.SH,信达地产,20000608,6.5192,6.4375,6.5355,6.4179,6.5274,-1.3773,2326.0,9191.178,-0.08990000000000009,北京,全国地产,19930524,
600657.SH,信达地产,20000607,6.7316,6.5274,6.8051,6.5192,6.6826,-2.3224,2110.0,8474.199,-0.15519999999999978,北京,全国地产,19930524,
600657.SH,信达地产,20000606,6.5192,6.6826,6.7153,6.5192,6.4702,3.2827,4162.0,16888.095,0.2123999999999997,北京,全国地产,19930524,
600657.SH,信达地产,20000605,6.6303,6.4702,6.6989,6.462,6.6956,-3.3664,6375.0,25583.25,-0.2253999999999996,北京,全国地产,19930524,
600657.SH,信达地产,20000602,6.8051,6.6956,6.8051,6.4702,6.7806,-1.2536,6310.0,25348.797,-0.08499999999999996,北京,全国地产,19930524,
600657.SH,信达地产,20000601,6.8623,6.7806,6.8623,6.6956,6.9031,-1.7746,2105.0,8669.951,-0.1225000000000005,北京,全国地产,19930524,
600657.SH,信达地产,20000531,6.846,6.9031,6.9031,6.6809,6.9195,-0.237,2519.0,10450.291,-0.01639999999999997,北京,全国地产,19930524,
600657.SH,信达地产,20000530,7.1368,6.9195,7.1368,6.7937,7.091,-2.4186,4572.0,19289.537,-0.17149999999999999,北京,全国地产,19930524,
600657.SH,信达地产,20000529,6.9113,7.091,7.1564,6.8639,6.9113,2.6001,14077.0,60433.271,0.17970000000000041,北京,全国地产,19930524,
600657.SH,信达地产,20000526,6.8623,6.9113,6.944,6.7806,6.9113,0.0,6586.0,27503.414,0.0,北京,全国地产,19930524,
600657.SH,信达地产,20000525,6.8786,6.9113,6.9113,6.7806,6.9146,-0.0477,3419.0,14310.644,-0.0033000000000003027,北京,全国地产,19930524,
600657.SH,信达地产,20000524,6.7806,6.9146,7.0094,6.6336,6.7969,1.7317,5068.0,20925.428,0.11770000000000014,北京,全国地产,19930524,
600657.SH,信达地产,20000523,6.8884,6.7969,6.8884,6.6662,6.8884,-1.3283,2013.0,8295.101,-0.09149999999999991,北京,全国地产,19930524,
600657.SH,信达地产,20000522,6.7496,6.8884,6.993,6.6352,6.7479,2.0821,5651.0,23483.704,0.1405000000000003,北京,全国地产,19930524,
600657.SH,信达地产,20000519,7.0061,6.7479,7.0094,6.6989,6.7398,0.1202,1317.0,5449.622,0.008099999999999774,北京,全国地产,19930524,
600657.SH,信达地产,20000517,6.7806,6.7398,7.0094,6.6826,6.7969,-0.8401,2721.0,11344.345,-0.05710000000000015,北京,全国地产,19930524,
600657.SH,信达地产,20000516,6.8623,6.7969,6.9113,6.7561,6.8378,-0.5981,811.0,3370.988,-0.040899999999999714,北京,全国地产,19930524,
600657.SH,信达地产,20000515,6.944,6.8378,7.011,6.8329,7.0257,-2.6745,8931.0,37807.082,-0.18789999999999996,北京,全国地产,19930524,
600657.SH,信达地产,20000512,7.1401,7.0257,7.1891,6.9603,7.0878,-0.8762,1400.0,6086.927,-0.062100000000000044,北京,全国地产,19930524,
600657.SH,信达地产,20000511,6.993,7.0878,7.2789,6.8754,7.0959,-0.1142,5097.0,22483.522,-0.008100000000000662,北京,全国地产,19930524,
600657.SH,信达地产,20000510,6.944,7.0959,7.0959,6.8133,7.1368,-0.5731,713.0,3027.266,-0.040899999999999714,北京,全国地产,19930524,
600657.SH,信达地产,20000509,7.0437,7.1368,7.1891,6.9522,7.3525,-2.9337,1701.0,7334.818,-0.2157,北京,全国地产,19930524,
600657.SH,信达地产,20000508,7.5975,7.3525,7.5975,7.1727,7.4995,-1.9601,1281.0,5691.813,-0.14700000000000024,北京,全国地产,19930524,
600657.SH,信达地产,20000428,7.042,7.4995,7.5812,7.0388,7.2708,3.1455,6585.0,29843.676,0.2286999999999999,北京,全国地产,19930524,
600657.SH,信达地产,20000427,6.993,7.2708,7.2953,6.8623,7.1564,1.5986,4025.0,17370.837,0.11440000000000072,北京,全国地产,19930524,
600657.SH,信达地产,20000426,6.7806,7.1564,7.1564,6.7169,6.7594,5.8733,754.0,3175.074,0.39699999999999935,北京,全国地产,19930524,
600657.SH,信达地产,20000425,6.7316,6.7594,6.9113,6.6483,6.712,0.7062,3870.0,15914.359,0.04740000000000055,北京,全国地产,19930524,
600657.SH,信达地产,20000424,7.0682,6.712,7.0682,6.7005,7.0992,-5.4541,2232.0,9320.283,-0.3872,北京,全国地产,19930524,
600657.SH,信达地产,20000421,7.1891,7.0992,7.4832,7.0257,7.1727,-1.0247,3131.0,14011.717,-0.07350000000000012,北京,全国地产,19930524,
600657.SH,信达地产,20000419,7.1727,7.1727,7.2381,7.0502,7.3525,-2.4454,2655.0,11578.614,-0.17980000000000018,北京,全国地产,19930524,
600657.SH,信达地产,20000418,7.1564,7.3525,7.3525,6.4015,7.0649,4.0708,4158.0,17540.28,0.2876000000000003,北京,全国地产,19930524,
600657.SH,信达地产,20000417,7.2675,7.0649,7.3851,6.913,7.4995,-5.7951,6452.0,27850.209,-0.43460000000000054,北京,全国地产,19930524,
600657.SH,信达地产,20000414,7.8998,7.4995,7.8998,7.4587,7.9015,-5.0876,9234.0,43036.304,-0.40200000000000014,北京,全国地产,19930524,
600657.SH,信达地产,20000413,7.9864,7.9015,8.2511,7.7609,7.9733,-0.9005,6006.0,29295.042,-0.07179999999999964,北京,全国地产,19930524,
600657.SH,信达地产,20000412,8.1449,7.9733,8.2119,7.8916,8.1367,-2.0082,27766.0,138139.088,-0.16339999999999932,北京,全国地产,19930524,
600657.SH,信达地产,20000411,7.6629,8.1367,8.1367,7.6629,7.6629,6.183,5262.0,25339.828,0.4737999999999998,北京,全国地产,19930524,
600657.SH,信达地产,20000410,8.2511,7.6629,8.47,7.5159,7.8426,-2.2913,6831.0,33769.587,-0.17970000000000041,北京,全国地产,19930524,
600657.SH,信达地产,20000407,7.81,7.8426,8.0844,7.6466,7.81,0.4174,3644.0,17482.781,0.032600000000000406,北京,全国地产,19930524,
600657.SH,信达地产,20000406,7.81,7.81,7.8916,7.6792,7.8426,-0.4157,3680.0,17519.856,-0.032600000000000406,北京,全国地产,19930524,
600657.SH,信达地产,20000405,7.8426,7.8426,7.9227,7.7087,7.8639,-0.2709,5759.0,27414.182,-0.021300000000000097,北京,全国地产,19930524,
600657.SH,信达地产,20000404,8.0387,7.8639,8.2021,7.5159,8.0485,-2.2936,4188.0,20377.053,-0.18460000000000054,北京,全国地产,19930524,
600657.SH,信达地产,20000403,8.0028,8.0485,8.1694,7.7903,8.0485,0.0,5974.0,29263.598,0.0,北京,全国地产,19930524,
600657.SH,信达地产,20000331,8.3132,8.0485,8.3132,7.8426,8.3165,-3.2225,10413.0,51846.133,-0.2679999999999989,北京,全国地产,19930524,
600657.SH,信达地产,20000330,8.3148,8.3165,8.5403,8.2511,8.3965,-0.9528,4241.0,21620.584,-0.08000000000000007,北京,全国地产,19930524,
600657.SH,信达地产,20000329,8.6269,8.3965,8.7821,8.3328,8.6269,-2.6707,13764.0,72638.466,-0.2303999999999995,北京,全国地产,19930524,
600657.SH,信达地产,20000328,8.3818,8.6269,8.6269,8.2184,8.3655,3.1247,15845.0,81342.279,0.2613999999999983,北京,全国地产,19930524,
600657.SH,信达地产,20000327,8.6596,8.3655,8.6596,8.1857,8.6841,-3.6688,7787.0,40474.58,-0.3186,北京,全国地产,19930524,
600657.SH,信达地产,20000324,8.6596,8.6841,8.8246,8.4145,8.5942,1.0461,6586.0,34627.838,0.08990000000000009,北京,全国地产,19930524,
600657.SH,信达地产,20000323,8.4962,8.5942,8.6432,8.3475,8.6579,-0.7357,3747.0,19489.298,-0.06369999999999898,北京,全国地产,19930524,
600657.SH,信达地产,20000322,8.6563,8.6579,8.9047,8.2642,8.573,0.9903,6820.0,36381.414,0.08489999999999931,北京,全国地产,19930524,
600657.SH,信达地产,20000321,8.823,8.573,8.8573,8.1694,8.8573,-3.2098,3650.0,19061.877,-0.2843,北京,全国地产,19930524,
600657.SH,信达地产,20000320,8.5452,8.8573,8.9831,8.3328,8.7217,1.5547,12466.0,67146.671,0.13560000000000016,北京,全国地产,19930524,
600657.SH,信达地产,20000317,8.1841,8.7217,8.8197,8.1841,8.3001,5.0795,9558.0,49748.642,0.42159999999999975,北京,全国地产,19930524,
600657.SH,信达地产,20000316,8.0877,8.3001,8.3001,7.9243,8.4145,-1.3596,8401.0,41764.449,-0.11439999999999984,北京,全国地产,19930524,
600657.SH,信达地产,20000315,8.4962,8.4145,8.5615,8.2021,8.5615,-1.717,6292.0,32191.978,-0.14700000000000024,北京,全国地产,19930524,
600657.SH,信达地产,20000314,8.0583,8.5615,8.7576,8.0583,8.9537,-4.3803,17439.0,88870.683,-0.392199999999999,北京,全国地产,19930524,
600657.SH,信达地产,20000313,9.1448,8.9537,9.2788,8.7903,9.1497,-2.1421,9387.0,51348.571,-0.19599999999999973,北京,全国地产,19930524,
600657.SH,信达地产,20000310,8.988,9.1497,9.5582,8.9863,8.9047,2.7514,37275.0,211323.345,0.24499999999999922,北京,全国地产,19930524,
600657.SH,信达地产,20000309,8.9047,8.9047,9.2282,8.6596,8.823,0.926,10610.0,57972.73,0.08169999999999966,北京,全国地产,19930524,
600657.SH,信达地产,20000308,8.3328,8.823,8.9455,8.2021,8.4145,4.8547,16517.0,87830.729,0.4085000000000001,北京,全国地产,19930524,
600657.SH,信达地产,20000307,8.006,8.4145,8.4145,7.6792,8.3818,0.3901,11313.0,55764.969,0.03270000000000017,北京,全国地产,19930524,
600657.SH,信达地产,20000306,9.3131,8.3818,9.8033,8.3818,9.3131,-9.9999,24893.0,137941.309,-0.9313000000000002,北京,全国地产,19930524,
600657.SH,信达地产,20000303,9.3425,9.3131,9.6889,9.0043,9.2952,0.1926,16183.0,93636.675,0.017900000000000915,北京,全国地产,19930524,
600657.SH,信达地产,20000302,8.8213,9.2952,9.5255,8.6596,8.921,4.1946,29359.0,166892.267,0.3742000000000001,北京,全国地产,19930524,
600657.SH,信达地产,20000301,8.823,8.921,9.5745,8.3328,8.7576,1.8658,24588.0,135707.019,0.16339999999999932,北京,全国地产,19930524,
600657.SH,信达地产,20000229,7.9978,8.7576,8.7576,7.9733,7.9619,9.9938,77949.0,412141.16,0.7957000000000001,北京,全国地产,19930524,
600657.SH,信达地产,20000228,7.3035,7.9619,7.9978,7.1237,7.2708,9.5051,20426.0,96454.648,0.6910999999999996,北京,全国地产,19930524,
600657.SH,信达地产,20000225,7.0208,7.2708,7.6139,6.7005,7.0257,3.4886,26067.0,116636.885,0.24510000000000076,北京,全国地产,19930524,
600657.SH,信达地产,20000224,6.7316,7.0257,7.1384,6.6989,6.7643,3.8644,21354.0,91008.074,0.2613999999999992,北京,全国地产,19930524,
600657.SH,信达地产,20000223,7.1564,6.7643,7.2626,6.5437,7.1989,-6.037,36818.0,152517.238,-0.43459999999999965,北京,全国地产,19930524,
600657.SH,信达地产,20000222,7.8263,7.1989,7.8263,7.1989,7.9978,-9.989,28672.0,132213.994,-0.7988999999999997,北京,全国地产,19930524,
600657.SH,信达地产,20000221,8.823,7.9978,8.823,7.9978,8.8867,-10.0026,34919.0,175714.872,-0.8888999999999996,北京,全国地产,19930524,
600657.SH,信达地产,20000218,8.4962,8.8867,8.9177,7.6956,8.1678,8.8016,34449.0,176446.225,0.7188999999999997,北京,全国地产,19930524,
600657.SH,信达地产,20000217,9.3768,8.1678,9.3768,7.6711,8.524,-4.1788,86114.0,458852.866,-0.3561999999999994,北京,全国地产,19930524,
600657.SH,信达地产,20000216,8.524,8.524,8.524,7.8426,7.7495,9.9942,52716.0,271746.446,0.7744999999999989,北京,全国地产,19930524,
600657.SH,信达地产,20000215,7.7495,7.7495,7.7495,7.7495,7.0453,9.9953,10890.0,51650.559,0.7042000000000002,北京,全国地产,19930524,
600657.SH,信达地产,20000214,7.0453,7.0453,7.0453,6.8623,6.4048,10.0003,22731.0,97794.0,0.6405000000000003,北京,全国地产,19930524,
600657.SH,信达地产,20000128,5.8787,6.4048,6.4048,5.8493,5.8232,9.9876,64548.0,248324.584,0.5815999999999999,北京,全国地产,19930524,
600657.SH,信达地产,20000127,5.815,5.8232,5.8232,5.8134,5.2938,10.0004,69460.0,247545.867,0.5293999999999999,北京,全国地产,19930524,
600657.SH,信达地产,20000125,5.4049,5.2938,5.4376,5.2284,5.4327,-2.5567,20920.0,68172.267,-0.13889999999999958,北京,全国地产,19930524,
600657.SH,信达地产,20000124,5.3265,5.4327,5.4882,5.2121,5.3265,1.9938,49278.0,162378.176,0.1061999999999994,北京,全国地产,19930524,
600657.SH,信达地产,20000121,5.0487,5.3265,5.3836,5.0487,4.9915,6.7114,52281.0,167596.502,0.33499999999999996,北京,全国地产,19930524,
600657.SH,信达地产,20000120,4.5798,4.9915,5.0307,4.5798,4.5749,9.1062,42694.0,128208.117,0.41659999999999986,北京,全国地产,19930524,
600657.SH,信达地产,20000119,4.3788,4.5749,4.6075,4.3788,4.3788,4.4784,24614.0,68473.715,0.19610000000000039,北京,全国地产,19930524,
600657.SH,信达地产,20000118,4.2154,4.3788,4.4899,4.1827,4.2138,3.9157,8294.0,22010.502,0.16500000000000004,北京,全国地产,19930524,
600657.SH,信达地产,20000117,4.1664,4.2138,4.2138,4.0847,4.1664,1.1377,2853.0,7234.569,0.047399999999999665,北京,全国地产,19930524,
600657.SH,信达地产,20000114,4.1991,4.1664,4.2285,4.0275,4.2154,-1.1624,5607.0,14168.259,-0.04899999999999949,北京,全国地产,19930524,
600657.SH,信达地产,20000113,4.0847,4.2154,4.2693,4.0618,4.2693,-1.2625,7438.0,18850.329,-0.0539000000000005,北京,全国地产,19930524,
600657.SH,信达地产,20000112,4.3788,4.2693,4.3837,4.1958,4.436,-3.7579,7708.0,20281.932,-0.16669999999999963,北京,全国地产,19930524,
600657.SH,信达地产,20000111,4.5749,4.436,4.5749,4.3461,4.534,-2.1614,11551.0,31458.479,-0.09799999999999986,北京,全国地产,19930524,
600657.SH,信达地产,20000110,4.3134,4.534,4.5732,4.3134,4.3461,4.3234,23112.0,63632.466,0.18789999999999996,北京,全国地产,19930524,
600657.SH,信达地产,20000107,4.2971,4.3461,4.3608,4.1991,4.2742,1.6822,17171.0,45074.162,0.07189999999999941,北京,全国地产,19930524,
600657.SH,信达地产,20000106,4.1174,4.2742,4.3053,4.0193,4.1435,3.1543,27307.0,69760.603,0.13070000000000004,北京,全国地产,19930524,
600657.SH,信达地产,20000105,4.3134,4.1435,4.3134,4.1092,3.9213,5.6665,20738.0,54194.158,0.2222000000000004,北京,全国地产,19930524,
sh600657,信达地产,2020-06-22,4.18,4.26,4.13,4.16,4.17,13264781.0,55676318.0
sh600657,XD信达地,2020-06-23,4.08,4.08,3.98,4.05,4.06,8689067.0,34969990.0
sh600657,信达地产,2020-06-24,4.05,4.08,4.02,4.04,4.05,6947579.0,28107884.0
sh600657,信达地产,2020-06-30,4.11,4.14,4.08,4.12,4.1,8000194.0,32902514.0
